time_start,time_end,flshoulder,flarm,flfoot,frshoulder,frarm,frfoot,blshoulder,blarm,blfoot,brshoulder,brarm,brfoot,motion,movement
1780509905.2276046,21941.21303929,33.96765899658203,-1.6251590251922607,86.6223373413086,-38.94484329223633,-0.6299982666969299,82.18999481201172,31.147655487060547,0.4551537036895752,62.67766571044922,-34.44516372680664,-6.005153179168701,66.49000549316406,Stop,Stepping
1780509905.2475803,21941.233209311,33.96751403808594,-1.6253989934921265,86.62255859375,-38.944698333740234,-0.6302541494369507,82.19026184082031,31.14756202697754,0.4548925459384918,62.67798614501953,-34.44506072998047,-6.005387783050537,66.49029541015625,Stop,Stepping
1780509905.2676227,21941.25572249,33.96662521362305,-1.6269477605819702,86.62394714355469,-38.943763732910156,-0.6318311095237732,82.1918716430664,31.146940231323242,0.4532400369644165,62.68003463745117,-34.44440460205078,-6.006868362426758,66.49211120605469,Stop,Stepping
1780509905.2875738,21941.274041785,33.96430587768555,-1.6309841871261597,86.62755584716797,-38.941322326660156,-0.6359450221061707,82.19609832763672,31.14532470703125,0.44892388582229614,62.68537139892578,-34.44269943237305,-6.010735034942627,66.4968490600586,Stop,Stepping
1780509905.3075652,21941.293804256,33.95989990234375,-1.6386420726776123,86.63440704345703,-38.93669509887695,-0.6437661051750183,82.20410919189453,31.14225959777832,0.44072842597961426,62.695518493652344,-34.439456939697266,-6.018066883087158,66.50582885742188,Stop,Stepping
1780509905.3275619,21941.314364939,33.95277786254883,-1.6510155200958252,86.64546966552734,-38.92921447753906,-0.656396746635437,82.21705627441406,31.137306213378906,0.4274989664554596,62.71187973022461,-34.43422317504883,-6.02992057800293,66.5203628540039,Stop,Stepping
1780509905.3475676,21941.341932354,33.942344665527344,-1.669140100479126,86.66167449951172,-38.91825866699219,-0.6749077439308167,82.23602294921875,31.13005256652832,0.40811097621917725,62.73585891723633,-34.42655563354492,-6.047277450561523,66.5416259765625,Stop,Stepping
1780509905.3675618,21941.353549359,33.92802810668945,-1.6940157413482666,86.68389892578125,-38.90321731567383,-0.700309157371521,82.26203918457031,31.120088577270508,0.3815234303474426,62.76872253417969,-34.41603088378906,-6.071101188659668,66.57080841064453,Stop,Stepping
1780509905.3875616,21941.373869395,33.9092903137207,-1.7265667915344238,86.71296691894531,-38.8835334777832,-0.7335436344146729,82.2960433959961,31.1070499420166,0.34672245383262634,62.811729431152344,-34.40224838256836,-6.102256774902344,66.60894012451172,Stop,Stepping
1780509905.4076538,21941.393135246,33.88552474975586,-1.7678616046905518,86.74978637695312,-38.85856246948242,-0.7756970524787903,82.3391342163086,31.09050178527832,0.30261680483818054,62.86618423461914,-34.384769439697266,-6.1417670249938965,66.65727996826172,Stop,Stepping
1780509905.4275563,21941.413249878,33.856468200683594,-1.8183423280715942,86.79475402832031,-38.82802200317383,-0.8272250294685364,82.39175415039062,31.07027244567871,0.24871444702148438,62.932682037353516,-34.36338424682617,-6.190049648284912,66.71629333496094,Stop,Stepping
1780509905.4475436,21941.43725078,33.821441650390625,-1.8791800737380981,86.84886932373047,-38.79121398925781,-0.88932865858078,82.45509338378906,31.04587173461914,0.1837882548570633,63.0126953125,-34.33760070800781,-6.248213291168213,66.78731536865234,Stop,Stepping
1780509905.4675612,21941.453544485,33.780052185058594,-1.9510695934295654,86.91271209716797,-38.7476921081543,-0.9627037644386292,82.52980041503906,31.017026901245117,0.10712823271751404,63.107051849365234,-34.30710983276367,-6.316898822784424,66.87109375,Stop,Stepping
1780509905.4875765,21941.472991547,33.731895446777344,-2.0347156524658203,86.98683166503906,-38.697044372558594,-1.0480666160583496,82.61654663085938,30.98344612121582,0.018003320321440697,63.21660232543945,-34.271602630615234,-6.396755695343018,66.96835327148438,Stop,Stepping
1780509905.5076053,21941.493910898,33.67662048339844,-2.1307053565979004,87.07168579101562,-38.63889694213867,-1.1460036039352417,82.7158432006836,30.944875717163086,-0.08416418731212616,63.34196853637695,-34.2308235168457,-6.488312244415283,67.07968139648438,Stop,Stepping
1780509905.527611,21941.513755781,33.613792419433594,-2.239802122116089,87.1678695678711,-38.57277297973633,-1.2572914361953735,82.82840728759766,30.90100860595703,-0.20015178620815277,63.4840202331543,-34.1844367980957,-6.592285633087158,67.20588684082031,Stop,Stepping
1780509905.5477169,21941.533848143,33.54285430908203,-2.3629581928253174,87.27610778808594,-38.49808883666992,-1.3829073905944824,82.95508575439453,30.8514404296875,-0.3309236168861389,63.64384078979492,-34.13200759887695,-6.709523677825928,67.34789276123047,Stop,Stepping
1780509905.5676074,21941.552903759,33.464237213134766,-2.4994256496429443,87.39563751220703,-38.415279388427734,-1.522063136100769,83.09496307373047,30.796451568603516,-0.4756338596343994,63.820247650146484,-34.07383728027344,-6.8392863273620605,67.50469970703125,Stop,Stepping
1780509905.5875628,21941.573061374,33.37687683105469,-2.6510517597198486,87.5279312133789,-38.323211669921875,-1.6766380071640015,83.24978637695312,30.735294342041016,-0.6361604332923889,64.01542663574219,-34.00912857055664,-6.983267784118652,67.67823791503906,Stop,Stepping
1780509905.607568,21941.593223712,33.2807502746582,-2.8178648948669434,87.67284393310547,-38.22184753417969,-1.8466593027114868,83.41940307617188,30.66792106628418,-0.8124814629554749,64.22916412353516,-33.93782043457031,-7.141445636749268,67.86834716796875,Stop,Stepping
1780509905.6275604,21941.613428862,33.17561721801758,-3.000286340713501,87.83058166503906,-38.11091613769531,-2.0325279235839844,83.60401153564453,30.594144821166992,-1.0049386024475098,64.46170043945312,-33.85971450805664,-7.314151287078857,68.07525634765625,Stop,Stepping
1780509905.6476467,21941.634751859,33.061004638671875,-3.1991159915924072,88.0016098022461,-37.98989486694336,-2.2350594997406006,83.80419921875,30.51361083984375,-1.214287281036377,64.71372985839844,-33.77443313598633,-7.502071380615234,68.29960632324219,Stop,Stepping
1780509905.6675637,21941.653346559,32.9375114440918,-3.413320302963257,88.1848373413086,-37.859397888183594,-2.453176975250244,84.0186538696289,30.426706314086914,-1.4393576383590698,64.98362731933594,-33.682376861572266,-7.704155445098877,68.53995513916016,Stop,Stepping
1780509905.6875618,21941.67276969,32.804080963134766,-3.6447174549102783,88.38155364990234,-37.718292236328125,-2.6887366771698,84.24894714355469,30.332664489746094,-1.6819581985473633,65.27332305908203,-33.582725524902344,-7.922054290771484,68.7980728149414,Stop,Stepping
1780509905.7076073,21941.692989588,32.66085433959961,-3.893066644668579,88.59129333496094,-37.56669998168945,-2.94144606590271,84.49447631835938,30.231552124023438,-1.9416921138763428,65.5820541381836,-33.47554016113281,-8.155409812927246,69.07325744628906,Stop,Stepping
1780509905.7276108,21941.713868586,32.50773620605469,-4.158527851104736,88.81388092041016,-37.40447998046875,-3.2114808559417725,84.75509643554688,30.123247146606445,-2.2186355590820312,65.90962219238281,-33.360694885253906,-8.404316902160645,69.36540222167969,Stop,Stepping
1780509905.7475796,21941.734713875,32.344444274902344,-4.44158935546875,89.04940795898438,-37.23131561279297,-3.4993112087249756,85.0309066772461,30.00752830505371,-2.513164520263672,66.25616455078125,-33.23792266845703,-8.669119834899902,69.67460632324219,Stop,Stepping
1780509905.7675574,21941.753385283,32.171695709228516,-4.7410078048706055,89.29650115966797,-37.04792785644531,-3.803654670715332,85.3203125,29.88484764099121,-2.8238608837127686,66.61965942382812,-33.10771560668945,-8.948540687561035,69.99910736083984,Stop,Stepping
1780509905.787582,21941.773110151,31.987510681152344,-5.060204029083252,89.55760192871094,-36.85218811035156,-4.1279802322387695,85.62618255615234,29.753759384155273,-3.1541364192962646,67.00375366210938,-32.9685173034668,-9.245683670043945,70.34217834472656,Stop,Stepping
1780509905.8075724,21941.792677739,31.793729782104492,-5.396016597747803,89.8297348022461,-36.6460075378418,-4.4690423011779785,85.94503784179688,29.61551284790039,-3.500570297241211,67.404052734375,-32.82164001464844,-9.55747127532959,70.6999282836914,Stop,Stepping
1780509905.8275726,21941.813391751,31.589494705200195,-5.749918460845947,90.11365509033203,-36.428436279296875,-4.828330039978027,86.27780151367188,29.469438552856445,-3.8645551204681396,67.82179260253906,-32.6663703918457,-9.885170936584473,71.07345581054688,Stop,Stepping
1780509905.8475723,21941.835291124,31.37501335144043,-6.121577262878418,90.40867614746094,-36.19966125488281,-5.205494403839111,86.62367248535156,29.31562614440918,-4.245601654052734,68.25596618652344,-32.502784729003906,-10.228341102600098,71.46188354492188,Stop,Stepping
1780509905.8675623,21941.85265799,31.1501407623291,-6.511242866516113,90.71451568603516,-35.95947265625,-5.600771427154541,86.98236083984375,29.153911590576172,-4.643819332122803,68.70626831054688,-32.33069610595703,-10.587111473083496,71.86498260498047,Stop,Stepping
1780509905.8878887,21941.873873573,30.914932250976562,-6.9188385009765625,91.03063201904297,-35.70790100097656,-6.014065265655518,87.3532485961914,28.984262466430664,-5.058990001678467,69.17198181152344,-32.15005874633789,-10.961273193359375,72.28209686279297,Stop,Stepping
1780509905.9075735,21941.893727475,30.66940689086914,-7.344350814819336,91.35649108886719,-35.444908142089844,-6.445361137390137,87.73576354980469,28.80662727355957,-5.490972995758057,69.65248107910156,-31.960786819458008,-11.350703239440918,72.71265411376953,Stop,Stepping
1780509905.9275727,21941.91287492,30.41370964050293,-7.787553787231445,91.69141387939453,-35.17060470581055,-6.894415378570557,88.12909698486328,28.621023178100586,-5.939386367797852,70.14684295654297,-31.762907028198242,-11.75507640838623,73.15587615966797,Stop,Stepping
1780509905.9477272,21941.933179131,30.145788192749023,-8.25201416015625,92.0374526977539,-34.88273620605469,-7.364835739135742,88.53575897216797,28.425884246826172,-6.407710075378418,70.65833282470703,-31.554712295532227,-12.177521705627441,73.61468505859375,Stop,Stepping
1780509905.9676354,21941.953155824,29.871967315673828,-8.726826667785645,92.38601684570312,-34.58804702758789,-7.8455586433410645,88.94563293457031,28.225732803344727,-6.884807109832764,71.17432403564453,-31.341018676757812,-12.608003616333008,74.0777587890625,Stop,Stepping
1780509905.9875672,21941.973068613,29.586193084716797,-9.222496032714844,92.7442626953125,-34.279991149902344,-8.347230911254883,89.36721801757812,28.01607322692871,-7.3811445236206055,71.70567321777344,-31.117013931274414,-13.055961608886719,74.5548324584961,Stop,Stepping
1780509906.0075784,21941.993219831,29.290597915649414,-9.735367774963379,93.10889434814453,-33.960792541503906,-8.866148948669434,89.79669952392578,27.79836082458496,-7.892945289611816,72.24772644042969,-30.884231567382812,-13.517977714538574,75.0417251586914,Stop,Stepping
1780509906.0275662,21942.013167054,28.98528289794922,-10.265286445617676,93.47921752929688,-33.63051986694336,-9.402165412902832,90.2332534790039,27.572586059570312,-8.419931411743164,72.79962921142578,-30.642629623413086,-13.993802070617676,75.53766632080078,Stop,Stepping
1780509906.0475626,21942.033066974,28.6705379486084,-10.811816215515137,93.85426330566406,-33.289424896240234,-9.95482063293457,90.67586517333984,27.33885383605957,-8.961579322814941,73.36029052734375,-30.392324447631836,-14.482950210571289,76.0416488647461,Stop,Stepping
1780509906.0674996,21942.054046601,28.347488403320312,-11.373031616210938,94.23213958740234,-32.93867492675781,-10.522193908691406,91.122314453125,27.097911834716797,-9.515893936157227,73.92709350585938,-30.134078979492188,-14.983622550964355,76.55135345458984,Stop,Stepping
1780509906.0875742,21942.075224641,28.013296127319336,-11.953893661499023,94.61549377441406,-32.57514953613281,-11.109312057495117,91.5758285522461,26.8475341796875,-10.087706565856934,74.50438690185547,-29.865489959716797,-15.500157356262207,77.07062530517578,Stop,Stepping
1780509906.1075835,21942.093129936,27.671010971069336,-12.549159049987793,95.00019073486328,-32.202091217041016,-11.7108736038208,92.03153991699219,26.589885711669922,-10.671756744384766,75.08623504638672,-29.588869094848633,-16.02780532836914,77.59415435791016,Stop,Stepping
1780509906.1275752,21942.113162726,27.32056427001953,-13.158971786499023,95.38570404052734,-31.819393157958984,-12.32706069946289,92.48895263671875,26.32482147216797,-11.268174171447754,75.6722412109375,-29.304033279418945,-16.56665802001953,78.12152862548828,Stop,Stepping
1780509906.1475732,21942.132843975,26.961421966552734,-13.784306526184082,95.77200317382812,-31.426408767700195,-12.95885944366455,92.94806671142578,26.051822662353516,-11.877860069274902,76.26274871826172,-29.010398864746094,-17.11751365661621,78.65303039550781,Stop,Stepping
1780509906.167574,21942.153327918,26.59418487548828,-14.424145698547363,96.15779876708984,-31.023754119873047,-13.605279922485352,93.40745544433594,25.77123260498047,-12.499794006347656,76.85615539550781,-28.708330154418945,-17.679439544677734,79.1872329711914,Stop,Stepping
1780509906.1875818,21942.172814711,26.218994140625,-15.078269958496094,96.54229736328125,-30.611528396606445,-14.26611614227295,93.86624908447266,25.483043670654297,-13.133768081665039,77.45172119140625,-28.397785186767578,-18.252216339111328,79.72340393066406,Stop,Stepping
1780509906.2075553,21942.193580205,25.83810806274414,-15.742778778076172,96.9226303100586,-30.19217872619629,-14.93745231628418,94.32109832763672,25.18888282775879,-13.776000022888184,78.04539489746094,-28.080501556396484,-18.83241081237793,80.25786590576172,Stop,Stepping
1780509906.2275238,21942.213208819,25.447410583496094,-16.42483901977539,97.30223846435547,-29.761123657226562,-15.626581192016602,94.7762222290039,24.88545799255371,-14.433460235595703,78.6430435180664,-27.752910614013672,-19.426301956176758,80.7958984375,Stop,Stepping
1780509906.2475739,21942.233899721,25.049551010131836,-17.119869232177734,97.67780303955078,-29.32124137878418,-16.328868865966797,95.22772216796875,24.57468605041504,-15.101720809936523,79.239990234375,-27.41705894470215,-20.02985382080078,81.3332290649414,Stop,Stepping
1780509906.2675648,21942.253706759,24.646169662475586,-17.824974060058594,98.04718017578125,-28.874300003051758,-17.041473388671875,95.67314147949219,24.257740020751953,-15.778080940246582,79.83332824707031,-27.07419204711914,-20.640609741210938,81.86721801757812,Stop,Stepping
1780509906.2876139,21942.273918472,24.236461639404297,-18.541549682617188,98.41053009033203,-28.41937828063965,-17.765811920166016,96.11273956298828,23.933879852294922,-16.463951110839844,80.42382049560547,-26.723493576049805,-21.259817123413086,82.39852905273438,Stop,Stepping
1780509906.3075726,21942.293366304,23.821861267089844,-19.26706886291504,98.76599884033203,-27.95804214477539,-18.499366760253906,96.54438781738281,23.604124069213867,-17.15699005126953,81.00897979736328,-26.36605453491211,-21.885337829589844,82.92488098144531,Stop,Stepping
1780509906.3275814,21942.312939109,23.399396896362305,-20.006683349609375,99.115478515625,-27.4869441986084,-19.247390747070312,96.97045135498047,23.265995025634766,-17.86222267150879,81.59252166748047,-25.999160766601562,-22.521663665771484,83.4495620727539,Stop,Stepping
1780509906.3474872,21942.335442263,22.974681854248047,-20.750505447387695,99.45375061035156,-27.012325286865234,-19.99993324279785,97.38471984863281,22.923873901367188,-18.57033920288086,82.1662826538086,-25.627553939819336,-23.160371780395508,83.96520233154297,Stop,Stepping
1780509906.3675156,21942.354099676,22.543167114257812,-21.506425857543945,99.78388977050781,-26.52907371520996,-20.765010833740234,97.791015625,22.573989868164062,-19.288997650146484,82.73606872558594,-25.247133255004883,-23.80834197998047,84.47698211669922,Stop,Stepping
1780509906.3875785,21942.373063736,22.105854034423828,-22.272602081298828,100.10440826416016,-26.038284301757812,-21.540803909301758,98.18765258789062,22.217029571533203,-20.016576766967773,83.30001831054688,-24.85860824584961,-24.464078903198242,84.98319244384766,Stop,Stepping
1780509906.4075966,21942.392870108,21.665515899658203,-23.044065475463867,100.4126968383789,-25.543052673339844,-22.322309494018555,98.57147979736328,21.85515022277832,-20.748516082763672,83.85417175292969,-24.464326858520508,-25.12343406677246,85.48023223876953,Stop,Stepping
1780509906.4275856,21942.413117611,21.222370147705078,-23.8203067779541,100.70813751220703,-25.043611526489258,-23.109052658081055,98.94184875488281,21.48844337463379,-21.484498977661133,84.39795684814453,-24.06437110900879,-25.786109924316406,85.96756744384766,Stop,Stepping
1780509906.447575,21942.434227905,20.77570152282715,-24.602418899536133,100.99073028564453,-24.539154052734375,-23.902191162109375,99.2988510131836,21.116230010986328,-22.225788116455078,84.93199920654297,-23.657983779907227,-26.453195571899414,86.44569396972656,Stop,Stepping
1780509906.4675758,21942.454980686,20.32611656188965,-25.389177322387695,101.2595443725586,-24.030353546142578,-24.70049476623535,99.64141845703125,20.738920211791992,-22.97138214111328,85.4552001953125,-23.2456111907959,-27.123769760131836,86.91360473632812,Stop,Stepping
1780509906.4875796,21942.473802343,19.87409782409668,-26.179542541503906,101.51383972167969,-23.517751693725586,-25.50296401977539,99.96868133544922,20.356826782226562,-23.720537185668945,85.96671295166016,-22.827594757080078,-27.797134399414062,87.37054443359375,Stop,Stepping
1780509906.5076058,21942.493722549,19.41921615600586,-26.974058151245117,101.75334930419922,-23.000865936279297,-26.310163497924805,100.28043365478516,19.969514846801758,-24.473974227905273,86.46674346923828,-22.403430938720703,-28.473888397216797,87.81659698486328,Stop,Stepping
1780509906.527584,21942.512619508,18.964017868041992,-27.76804542541504,101.976318359375,-22.482601165771484,-27.117366790771484,100.57450103759766,19.579076766967773,-25.22747230529785,86.95219421386719,-21.975412368774414,-29.150243759155273,88.2490234375,Stop,Stepping
1780509906.5475845,21942.533286236,18.50680923461914,-28.564218521118164,102.18321228027344,-21.961027145385742,-27.927364349365234,100.85157775878906,19.183998107910156,-25.983863830566406,87.42472839355469,-21.541872024536133,-29.828685760498047,88.66923522949219,Stop,Stepping
1780509906.567581,21942.553114235,18.048954010009766,-29.359920501708984,102.37301635742188,-21.437721252441406,-28.73745346069336,101.11038208007812,18.7853946685791,-26.740846633911133,87.88265991210938,-21.10403823852539,-30.50714111328125,89.07572174072266,Stop,Stepping
1780509906.5875812,21942.574018659,17.590402603149414,-30.154979705810547,102.54540252685547,-20.912633895874023,-29.547483444213867,101.35061645507812,18.38317108154297,-27.498498916625977,88.32587432861328,-20.661794662475586,-31.185644149780273,89.46832275390625,Stop,Stepping
1780509906.6076112,21942.59312968,17.13128662109375,-30.948854446411133,102.69998168945312,-20.385936737060547,-30.35690689086914,101.57178497314453,17.977386474609375,-28.256547927856445,88.75399780273438,-20.215211868286133,-31.863935470581055,89.84672546386719,Stop,Stepping
1780509906.6275854,21942.613046915,16.673704147338867,-31.73761558532715,102.83580780029297,-19.860057830810547,-31.161727905273438,101.77265930175781,17.569869995117188,-29.011484146118164,89.16497039794922,-19.766294479370117,-32.53883743286133,90.20906066894531,Stop,Stepping
1780509906.6475785,21942.634105722,16.216218948364258,-32.52342987060547,102.9531021118164,-19.333375930786133,-31.964149475097656,101.95365142822266,17.15931510925293,-29.765609741210938,89.56001281738281,-19.313615798950195,-33.21240997314453,90.5563735961914,Stop,Stepping
1780509906.6675818,21942.655317727,15.759787559509277,-33.30433654785156,103.05140686035156,-18.807010650634766,-32.762142181396484,102.11409759521484,16.74655532836914,-30.517271041870117,89.93814086914062,-18.85809326171875,-33.88313674926758,90.88780975341797,Stop,Stepping
1780509906.687627,21942.672876958,15.304932594299316,-34.079105377197266,103.13044738769531,-18.281597137451172,-33.55445861816406,102.25367736816406,16.332050323486328,-31.265522003173828,90.29887390136719,-18.400239944458008,-34.55016326904297,91.2029037475586,Stop,Stepping
1780509906.707625,21942.692703063,14.851827621459961,-34.84710693359375,103.1900863647461,-17.757366180419922,-34.34043884277344,102.3721923828125,15.91595458984375,-32.00996398925781,90.64200592041016,-17.940231323242188,-35.21312713623047,91.50148010253906,Stop,Stepping
1780509906.7275755,21942.712986706,14.40088939666748,-35.607322692871094,103.23018646240234,-17.234834671020508,-35.1190071105957,102.46943664550781,15.4986572265625,-32.74980926513672,90.96723175048828,-17.478504180908203,-35.87129592895508,91.78324890136719,Stop,Stepping
1780509906.7476337,21942.732934312,13.952478408813477,-36.35879898071289,103.25069427490234,-16.71445083618164,-35.889183044433594,102.54531860351562,15.080497741699219,-33.48432540893555,91.27425384521484,-17.015445709228516,-36.524024963378906,92.04795837402344,Stop,Stepping
1780509906.7675948,21942.753254276,13.506952285766602,-37.100650787353516,103.25160217285156,-16.196664810180664,-36.649993896484375,102.5997543334961,14.66183853149414,-34.21281433105469,91.56290435791016,-16.551464080810547,-37.17068099975586,92.29546356201172,Stop,Stepping
1780509906.7875752,21942.772976611,13.064804077148438,-37.83173751831055,103.23300170898438,-15.682085037231445,-37.40026092529297,102.63278198242188,14.243167877197266,-34.93433380126953,91.83294677734375,-16.087116241455078,-37.81041717529297,92.5255355834961,Stop,Stepping
1780509906.8076327,21942.793176342,12.625999450683594,-38.551815032958984,103.19498443603516,-15.170717239379883,-38.13970184326172,102.64449310302734,13.82449722290039,-35.648780822753906,92.08448791503906,-15.622419357299805,-38.443138122558594,92.73829650878906,Stop,Stepping
1780509906.8275886,21942.812505491,12.191018104553223,-39.259849548339844,103.13773345947266,-14.663146018981934,-38.8671875,102.63501739501953,13.406320571899414,-36.3552360534668,92.31737518310547,-15.157939910888672,-39.06802749633789,92.93360900878906,Stop,Stepping
1780509906.8476253,21942.832786628,11.760581970214844,-39.95438766479492,103.06156921386719,-14.160261154174805,-39.58121109008789,102.60459899902344,12.989398002624512,-37.05237579345703,92.53140258789062,-14.694536209106445,-39.683921813964844,93.11134338378906,Stop,Stepping
1780509906.8675838,21942.852841482,11.334332466125488,-40.635799407958984,102.96668243408203,-13.661677360534668,-40.28209686279297,102.55348205566406,12.573442459106445,-37.740631103515625,92.72698211669922,-14.231902122497559,-40.29119873046875,93.2718276977539,Stop,Stepping
1780509906.8875968,21942.87250158,10.912256240844727,-41.303890228271484,102.85331726074219,-13.167418479919434,-40.96958923339844,102.48193359375,12.158500671386719,-38.41987228393555,92.90426635742188,-13.770100593566895,-40.88975524902344,93.41524505615234,Stop,Stepping
1780509906.9075937,21942.893052941,10.496417045593262,-41.95521545410156,102.72240447998047,-12.679938316345215,-41.64011001586914,102.39067840576172,11.746683120727539,-39.086639404296875,93.062744140625,-13.311503410339355,-41.47654342651367,93.54119110107422,Stop,Stepping
1780509906.927597,21942.913196869,10.085038185119629,-42.59242248535156,102.57377624511719,-12.197195053100586,-42.29634094238281,102.27976989746094,11.336325645446777,-39.7436408996582,93.20336151123047,-12.854267120361328,-42.05396270751953,93.65048217773438,Stop,Stepping
1780509906.9476511,21942.932825439,9.679152488708496,-43.21378707885742,102.40819549560547,-11.720433235168457,-42.93645095825195,102.14986419677734,10.9285306930542,-40.38909912109375,93.32610321044922,-12.399641990661621,-42.62046432495117,93.74315643310547,Stop,Stepping
1780509906.9676416,21942.952846454,9.279437065124512,-43.81818389892578,102.22640228271484,-11.250489234924316,-43.55923843383789,102.00172424316406,10.524087905883789,-41.02180862426758,93.43112182617188,-11.948517799377441,-43.17499542236328,93.81938934326172,Stop,Stepping
1780509906.987593,21942.972833315,8.88564395904541,-44.40596008300781,102.02883911132812,-10.787102699279785,-44.16500473022461,101.83580780029297,10.122840881347656,-41.64205551147461,93.51890563964844,-11.50074577331543,-43.71784591674805,93.87965393066406,Stop,Stepping
1780509907.0077343,21942.992927799,8.495922088623047,-44.97978210449219,101.81495666503906,-10.328132629394531,-44.7564811706543,101.6517562866211,9.722997665405273,-42.25262451171875,93.59015655517578,-11.05433177947998,-44.25144958496094,93.92449951171875,Stop,Stepping
1780509907.0275965,21943.012806755,8.116446495056152,-45.53064727783203,101.58882904052734,-9.880879402160645,-45.32432556152344,101.45323181152344,9.331015586853027,-42.84379959106445,93.64435577392578,-10.616508483886719,-44.767330169677734,93.95374298095703,Stop,Stepping
1780509907.0475917,21943.03286178,7.7416276931762695,-46.06678009033203,101.34789276123047,-9.438796043395996,-45.876983642578125,101.23812866210938,8.941261291503906,-43.42422103881836,93.682861328125,-10.180998802185059,-45.273094177246094,93.96843719482422,Stop,Stepping
1780509907.0676084,21943.05285925,7.373501777648926,-46.58527374267578,101.09394836425781,-9.004307746887207,-46.41144561767578,101.00813293457031,8.555947303771973,-43.99067306518555,93.70587921142578,-9.750290870666504,-45.76591873168945,93.96883392333984,Stop,Stepping
1780509907.0875788,21943.072872098,7.012650489807129,-47.08546447753906,100.82809448242188,-8.578139305114746,-46.92695617675781,100.7643814086914,8.175812721252441,-44.542213439941406,93.71395111083984,-9.325227737426758,-46.24504089355469,93.95548248291016,Stop,Stepping
1780509907.107585,21943.092904883,6.658605575561523,-47.56816864013672,100.55069732666016,-8.159754753112793,-47.42436218261719,100.50730895996094,7.8004841804504395,-45.07955551147461,93.70764923095703,-8.90540599822998,-46.71110153198242,93.92893981933594,Stop,Stepping
1780509907.1275826,21943.113274891,6.3118696212768555,-48.03285598754883,100.26286315917969,-7.749782085418701,-47.903072357177734,100.23806762695312,7.430623531341553,-45.601932525634766,93.68758392333984,-8.4915771484375,-47.16345977783203,93.88976287841797,Stop,Stepping
1780509907.1475909,21943.134286586,5.972410678863525,-48.479820251464844,99.96531677246094,-7.348206996917725,-48.363365173339844,99.95742797851562,7.066326141357422,-46.109413146972656,93.65436553955078,-8.083867073059082,-47.602210998535156,93.83855438232422,Stop,Stepping
1780509907.1675937,21943.152738189,5.640478134155273,-48.908966064453125,99.65904998779297,-6.955348968505859,-48.80513381958008,99.66642761230469,6.707991123199463,-46.60166931152344,93.60865783691406,-7.682734966278076,-48.027103424072266,93.77597045898438,Stop,Stepping
1780509907.1875942,21943.172754611,5.316043853759766,-49.320613861083984,99.34481048583984,-6.571195125579834,-49.228694915771484,99.36593627929688,6.355715751647949,-47.07879638671875,93.55111694335938,-7.288297653198242,-48.43825912475586,93.70262145996094,Stop,Stepping
1780509907.2075934,21943.192910547,4.999495506286621,-49.714576721191406,99.02379608154297,-6.196226119995117,-49.63383102416992,99.05713653564453,6.010056495666504,-47.54032516479492,93.4825210571289,-6.901193618774414,-48.83528518676758,93.61922454833984,Stop,Stepping
1780509907.227594,21943.212767708,4.69059944152832,-50.09149932861328,98.69661712646484,-5.830185890197754,-50.021202087402344,98.74073028564453,5.670891284942627,-47.9866828918457,93.40347290039062,-6.521298408508301,-49.2186279296875,93.52641296386719,Stop,Stepping
1780509907.2475913,21943.232580088,4.389712333679199,-50.451271057128906,98.36446380615234,-5.473513126373291,-50.39070129394531,98.4179916381836,5.338742256164551,-48.41747283935547,93.31481170654297,-6.14920711517334,-49.58795928955078,93.4249496459961,Stop,Stepping
1780509907.267592,21943.253128972,4.096644401550293,-50.79452133178711,98.02799224853516,-5.126003742218018,-50.74296569824219,98.08963012695312,5.013533592224121,-48.83311462402344,93.2171859741211,-5.784838676452637,-49.943687438964844,93.31546783447266,Stop,Stepping
1780509907.287594,21943.274165164,3.8116447925567627,-51.1213264465332,97.68830108642578,-4.7879638671875,-51.078086853027344,97.75682067871094,4.69566535949707,-49.23340606689453,93.11140441894531,-5.428660869598389,-50.285675048828125,93.19872283935547,Stop,Stepping
1780509907.3076594,21943.293108826,3.5345988273620605,-51.432254791259766,97.34615325927734,-4.459275722503662,-51.39662170410156,97.42037963867188,4.385143280029297,-49.618675231933594,92.99815368652344,-5.0806803703308105,-50.61425018310547,93.07537078857422,Stop,Stepping
1780509907.327598,21943.312877738,3.265834331512451,-51.727352142333984,97.0027847290039,-4.140336513519287,-51.698646545410156,97.08161926269531,4.082457542419434,-49.9886589050293,92.87832641601562,-4.741458415985107,-50.929222106933594,92.94628143310547,Stop,Stepping
1780509907.3475964,21943.332794089,3.0049808025360107,-52.0074577331543,96.65858459472656,-3.830720901489258,-51.985042572021484,96.74102783203125,3.7873198986053467,-50.344085693359375,92.75248718261719,-4.410670280456543,-51.23124313354492,92.81195068359375,Stop,Stepping
1780509907.3675954,21943.353008528,2.7524726390838623,-52.272544860839844,96.31497955322266,-3.5309579372406006,-52.25577926635742,96.40006256103516,3.5003435611724854,-50.684539794921875,92.62158203125,-4.089017868041992,-51.52001953125,92.67330932617188,Stop,Stepping
1780509907.3876421,21943.37345784,2.508173704147339,-52.52323532104492,95.97265625,-3.2408876419067383,-52.511505126953125,96.05950164794922,3.221484899520874,-51.01047134399414,92.48628997802734,-3.7764556407928467,-51.795982360839844,92.53101348876953,Stop,Stepping
1780509907.4075933,21943.393056741,2.2720160484313965,-52.76002883911133,95.63233947753906,-2.9604480266571045,-52.75277328491211,95.72014617919922,2.9507908821105957,-51.322174072265625,92.34730529785156,-3.4730401039123535,-52.05941390991211,92.38569641113281,Stop,Stepping
1780509907.4275937,21943.412977991,2.0439178943634033,-52.983489990234375,95.2947769165039,-2.689542293548584,-52.98014450073242,95.3827896118164,2.6882786750793457,-51.620033264160156,92.205322265625,-3.178795576095581,-52.310665130615234,92.23799133300781,Stop,Stepping
1780509907.4475892,21943.432834626,1.8241522312164307,-53.19379806518555,94.96117401123047,-2.4285058975219727,-53.19384002685547,95.0487060546875,2.4343717098236084,-51.90391159057617,92.06121063232422,-2.894192695617676,-52.549686431884766,92.08875274658203,Stop,Stepping
1780509907.4676054,21943.45482565,1.612426996231079,-53.391693115234375,94.63189697265625,-2.1769938468933105,-53.39464569091797,94.71834564208984,2.1888372898101807,-52.17444610595703,91.91549682617188,-2.6189820766448975,-52.777061462402344,91.93849182128906,Stop,Stepping
1780509907.4875991,21943.475403994,1.4089291095733643,-53.57746124267578,94.30801391601562,-1.935236930847168,-53.58286666870117,94.39283752441406,1.9519938230514526,-52.431678771972656,91.76899719238281,-2.3535163402557373,-52.99284362792969,91.78793334960938,Stop,Stepping
1780509907.5075963,21943.493389435,1.2136096954345703,-53.7515983581543,93.99027252197266,-1.7031834125518799,-53.75902557373047,94.07298278808594,1.723888874053955,-52.67591094970703,91.62235260009766,-2.097851514816284,-53.197349548339844,91.63774108886719,Stop,Stepping
1780509907.5275958,21943.513249139,1.0263359546661377,-53.91466522216797,93.67919158935547,-1.4806702136993408,-53.92373275756836,93.75936889648438,1.5044548511505127,-52.90758514404297,91.47615814208984,-1.8519154787063599,-53.390995025634766,91.48843383789062,Stop,Stepping
1780509907.547606,21943.533205322,0.8469770550727844,-54.06721878051758,93.37528228759766,-1.2675526142120361,-54.07756042480469,93.45256805419922,1.2936264276504517,-53.12713623046875,91.33094024658203,-1.6156386137008667,-53.574153900146484,91.34051513671875,Stop,Stepping
1780509907.567588,21943.553704022,0.6757733225822449,-54.209476470947266,93.07969665527344,-1.0641177892684937,-54.22075271606445,93.15375518798828,1.0917826890945435,-53.33449935913086,91.18751525878906,-1.3894373178482056,-53.74684524536133,91.19476318359375,Stop,Stepping
1780509907.5875196,21943.572784882,0.5129557251930237,-54.3416748046875,92.79351806640625,-0.8706375956535339,-54.353614807128906,92.86412811279297,0.8992692828178406,-53.529693603515625,91.04672241210938,-1.173703670501709,-53.90909957885742,91.05198669433594,Stop,Stepping
1780509907.6075966,21943.593744177,0.3568044900894165,-54.4655876159668,92.51438903808594,-0.6850854754447937,-54.47792434692383,92.58132934570312,0.7141371965408325,-53.71498107910156,90.90760803222656,-0.9662566184997559,-54.0628662109375,90.91120147705078,Stop,Stepping
1780509907.6276028,21943.613861375,0.2090234011411667,-54.58024215698242,92.2459487915039,-0.509469211101532,-54.592735290527344,92.3090591430664,0.5384706258773804,-53.888607025146484,90.7722396850586,-0.7694274187088013,-54.20669174194336,90.77445220947266,Stop,Stepping
1780509907.647609,21943.634793147,0.0688692256808281,-54.68659973144531,91.98749542236328,-0.34291625022888184,-54.69905090332031,92.04667663574219,0.3714594841003418,-54.05168914794922,90.64048767089844,-0.5823028683662415,-54.34156799316406,90.64156341552734,Stop,Stepping
1780509907.66758,21943.652868982,-0.06361036002635956,-54.78496551513672,91.73968505859375,-0.18548640608787537,-54.79719924926758,91.79487609863281,0.21322821080684662,-54.20438766479492,90.5129165649414,-0.4050305187702179,-54.46763229370117,90.51306915283203,Stop,Stepping
1780509907.6876037,21943.672978129,-0.18875595927238464,-54.875953674316406,91.50243377685547,-0.03676794096827507,-54.88780975341797,91.55361938476562,0.06342648714780807,-54.34731674194336,90.38966369628906,-0.23721113801002502,-54.585445404052734,90.38909149169922,Stop,Stepping
1780509907.707599,21943.693254175,-0.3064059913158417,-54.959739685058594,91.27658081054688,0.10304467380046844,-54.971107482910156,91.32374572753906,-0.07769279927015305,-54.480506896972656,90.27133178710938,-0.07912398129701614,-54.695068359375,90.2702407836914,Stop,Stepping
1780509907.727567,21943.713036807,-0.4167000949382782,-55.03673553466797,91.06233978271484,0.23410946130752563,-55.047515869140625,91.1055679321289,-0.2102442979812622,-54.60430908203125,90.15823364257812,0.06935152411460876,-54.79680252075195,90.15673828125,Stop,Stepping
1780509907.7475884,21943.733627156,-0.5201769471168518,-55.107601165771484,90.85912322998047,0.3570779263973236,-55.117713928222656,90.89845275878906,-0.3348343074321747,-54.71952819824219,90.05020141601562,0.20889852941036224,-54.891357421875,90.04844665527344,Stop,Stepping
1780509907.767604,21943.753612114,-0.6165513396263123,-55.17239761352539,90.66790008544922,0.4715966582298279,-55.18178939819336,90.70347595214844,-0.45106223225593567,-54.826011657714844,89.94790649414062,0.3390777111053467,-54.978599548339844,89.94597625732422,Stop,Stepping
1780509907.7875988,21943.773594515,-0.7060664296150208,-55.23152160644531,90.48858642578125,0.5779708623886108,-55.24015426635742,90.5205307006836,-0.559192419052124,-54.924190521240234,89.8514175415039,0.46017560362815857,-55.058956146240234,89.84943389892578,Stop,Stepping
1780509907.8075948,21943.793431663,-0.7888895273208618,-55.28532028198242,90.32122039794922,0.6763893961906433,-55.293174743652344,90.34967041015625,-0.6593825817108154,-55.014408111572266,89.76087188720703,0.5723815560340881,-55.132686614990234,89.75888061523438,Stop,Stepping
1780509907.8276439,21943.813887005,-0.8652417063713074,-55.33413314819336,90.16565704345703,0.7671193480491638,-55.34120559692383,90.19080352783203,-0.7518738508224487,-55.0970344543457,89.67630767822266,0.6759547591209412,-55.200138092041016,89.67437744140625,Stop,Stepping
1780509907.8479383,21943.83335699,-0.9352136254310608,-55.37820816040039,90.02204132080078,0.8502604365348816,-55.38450241088867,90.04408264160156,-0.8367323875427246,-55.17229461669922,89.597900390625,0.7709769606590271,-55.26151657104492,89.59608459472656,Stop,Stepping
1780509907.8676147,21943.853108595,-0.9990748167037964,-55.41788101196289,89.89006805419922,0.9261435270309448,-55.42341995239258,89.9092025756836,-0.9142734408378601,-55.24060821533203,89.52556610107422,0.8578035235404968,-55.31715774536133,89.52388763427734,Stop,Stepping
1780509907.8876173,21943.872989705,-1.0569846630096436,-55.45338821411133,89.7696533203125,0.9949581623077393,-55.458221435546875,89.78610229492188,-0.9846605658531189,-55.30221939086914,89.4593276977539,0.9366159439086914,-55.367313385009766,89.45780944824219,Stop,Stepping
1780509907.9076147,21943.894248551,-1.1091747283935547,-55.48501968383789,89.66053771972656,1.0569688081741333,-55.48916244506836,89.67448425292969,-1.0481517314910889,-55.35749816894531,89.39913177490234,1.0076994895935059,-55.41225051879883,89.39777374267578,Stop,Stepping
1780509907.9276228,21943.913302918,-1.1558289527893066,-55.51298904418945,89.56249237060547,1.1124029159545898,-55.51649475097656,89.57418823242188,-1.1049572229385376,-55.40669250488281,89.34488677978516,1.0712976455688477,-55.45221710205078,89.34370422363281,Stop,Stepping
1780509907.9476264,21943.934450445,-1.1972601413726807,-55.53758239746094,89.47503662109375,1.1616309881210327,-55.540504455566406,89.48470306396484,-1.1554380655288696,-55.4502067565918,89.29637908935547,1.1278175115585327,-55.487552642822266,89.29536437988281,Stop,Stepping
1780509907.9676433,21943.952735306,-1.2336033582687378,-55.55896759033203,89.39802551269531,1.2048091888427734,-55.56136703491211,89.40589141845703,-1.1997474431991577,-55.488243103027344,89.25355529785156,1.1774230003356934,-55.5184211730957,89.25272369384766,Stop,Stepping
1780509907.9876213,21943.973093815,-1.2651472091674805,-55.577392578125,89.33097076416016,1.2422866821289062,-55.57931137084961,89.33721923828125,-1.2382296323776245,-55.52116775512695,89.21620178222656,1.2205042839050293,-55.54511260986328,89.21551513671875,Stop,Stepping
1780509908.0076659,21943.993130305,-1.2922025918960571,-55.59309005737305,89.27324676513672,1.274440884590149,-55.5945930480957,89.27812957763672,-1.2712589502334595,-55.54933547973633,89.18401336669922,1.2574799060821533,-55.56794738769531,89.18347930908203,Stop,Stepping
1780509908.0275972,21944.013350784,-1.3150670528411865,-55.60626983642578,89.224365234375,1.3016018867492676,-55.607418060302734,89.22808837890625,-1.299174189567566,-55.573081970214844,89.1567153930664,1.288727879524231,-55.58717727661133,89.15628814697266,Stop,Stepping
1780509908.0476384,21944.03372893,-1.334028959274292,-55.61715316772461,89.1837387084961,1.3241294622421265,-55.61800765991211,89.18649291992188,-1.3223352432250977,-55.592735290527344,89.13399505615234,1.3146570920944214,-55.60309600830078,89.13368225097656,Stop,Stepping
1780509908.0676494,21944.053115404,-1.3494004011154175,-55.625938415527344,89.15074157714844,1.3423973321914673,-55.62654495239258,89.15269470214844,-1.3411211967468262,-55.608642578125,89.11553192138672,1.3356837034225464,-55.6159782409668,89.11530303955078,Stop,Stepping
1780509908.0876217,21944.074206935,-1.3615235090255737,-55.632850646972656,89.12468719482422,1.3567990064620972,-55.63325881958008,89.1259994506836,-1.3559353351593018,-55.62118148803711,89.10093688964844,1.3522698879241943,-55.62611770629883,89.10077667236328,Stop,Stepping
1780509908.107619,21944.093862439,-1.3707258701324463,-55.63807678222656,89.10488891601562,1.3677335977554321,-55.63833999633789,89.10572814941406,-1.3671849966049194,-55.63067626953125,89.08983612060547,1.3648629188537598,-55.633811950683594,89.0897445678711,Stop,Stepping
1780509908.1276033,21944.114117172,-1.3773853778839111,-55.6418571472168,89.09054565429688,1.3756479024887085,-55.64200973510742,89.09103393554688,-1.375329613685608,-55.63754653930664,89.08180236816406,1.3739768266677856,-55.639373779296875,89.08173370361328,Stop,Stepping
1780509908.1476035,21944.133771471,-1.3818975687026978,-55.644405364990234,89.0808334350586,1.381005048751831,-55.64448928833008,89.08108520507812,-1.3808414936065674,-55.64220428466797,89.07635498046875,1.3801473379135132,-55.64313888549805,89.0763168334961,Stop,Stepping
1780509908.1676624,21944.154316013,-1.384644627571106,-55.64596939086914,89.07490539550781,1.3842731714248657,-55.64600372314453,89.07501220703125,-1.3842052221298218,-55.6450309753418,89.0730209350586,1.3839137554168701,-55.64543914794922,89.0730209350586,Stop,Stepping
1780509908.1876075,21944.173123097,-1.3860594034194946,-55.646766662597656,89.07186126708984,1.3859511613845825,-55.64678192138672,89.07189178466797,-1.3859285116195679,-55.64649963378906,89.0713119506836,1.3858457803726196,-55.6466064453125,89.0713119506836,Stop,Stepping
1780509908.2076924,21944.192671475,-1.3865721225738525,-55.647056579589844,89.07075500488281,1.3865630626678467,-55.647064208984375,89.07075500488281,-1.3865587711334229,-55.64702224731445,89.0707015991211,1.3865489959716797,-55.647037506103516,89.0707015991211,Stop,Stepping
1780509908.2476318,21944.233523279,-1.3866409063339233,-55.647098541259766,89.07061004638672,1.3866409063339233,-55.647098541259766,89.07061004638672,-1.3866409063339233,-55.647090911865234,89.07061004638672,1.3866409063339233,-55.647090911865234,89.07061004638672,Stop,Stepping
1780509908.2676194,21944.253988331,-1.3866409063339233,-55.647098541259766,89.07061004638672,1.3866409063339233,-55.647098541259766,89.07061004638672,-1.3866409063339233,-55.647090911865234,89.07061004638672,1.3866409063339233,-55.647090911865234,89.07061004638672,Stop,Stepping
1780509908.2876196,21944.273035192,-1.3866409063339233,-55.647098541259766,89.07061004638672,1.3866409063339233,-55.647098541259766,89.07061004638672,-1.3866409063339233,-55.647090911865234,89.07061004638672,1.3866409063339233,-55.647090911865234,89.07061004638672,Stop,Stepping
1780509908.3076212,21944.293436509,-1.3866409063339233,-55.647098541259766,89.07061004638672,1.3866409063339233,-55.647098541259766,89.07061004638672,-1.3866409063339233,-55.647090911865234,89.07061004638672,1.3866409063339233,-55.647090911865234,89.07061004638672,Stop,Stepping
1780509908.3276298,21944.312501339,-1.3866409063339233,-55.647098541259766,89.07061004638672,1.3866409063339233,-55.647098541259766,89.07061004638672,-1.3866409063339233,-55.647090911865234,89.07061004638672,1.3866409063339233,-55.647090911865234,89.07061004638672,Stop,Stepping
1780509908.347649,21944.332952906,-1.3866409063339233,-55.647098541259766,89.07061004638672,1.3866409063339233,-55.647098541259766,89.07061004638672,-1.3866409063339233,-55.647090911865234,89.07061004638672,1.3866409063339233,-55.647090911865234,89.07061004638672,Stop,Stepping
1780509908.3676255,21944.352843533,-1.3866409063339233,-55.647098541259766,89.07061004638672,1.3866409063339233,-55.647098541259766,89.07061004638672,-1.3866409063339233,-55.647090911865234,89.07061004638672,1.3866409063339233,-55.647090911865234,89.07061004638672,Stop,Stepping
1780509908.387623,21944.372640389,-1.3866409063339233,-55.647098541259766,89.07061004638672,1.3866409063339233,-55.647098541259766,89.07061004638672,-1.3866409063339233,-55.647090911865234,89.07061004638672,1.3866409063339233,-55.647090911865234,89.07061004638672,Stop,Stepping
1780509908.407626,21944.39574372,-1.3866409063339233,-55.647098541259766,89.07061004638672,1.3866409063339233,-55.647098541259766,89.07061004638672,-1.3866409063339233,-55.647090911865234,89.07061004638672,1.3866409063339233,-55.647090911865234,89.07061004638672,Stop,Stepping
1780509908.4276257,21944.413058483,-1.3866409063339233,-55.647098541259766,89.07061004638672,1.3866409063339233,-55.647098541259766,89.07061004638672,-1.3866409063339233,-55.647090911865234,89.07061004638672,1.3866409063339233,-55.647090911865234,89.07061004638672,Stop,Stepping
1780509908.447643,21944.433937094,-1.3866409063339233,-55.647098541259766,89.07061004638672,1.3866409063339233,-55.647098541259766,89.07061004638672,-1.3866409063339233,-55.647090911865234,89.07061004638672,1.3866409063339233,-55.647090911865234,89.07061004638672,Stop,Stepping
1780509908.4676366,21944.454053879,-1.3866409063339233,-55.647098541259766,89.07061004638672,1.3866409063339233,-55.647098541259766,89.07061004638672,-1.3866409063339233,-55.647090911865234,89.07061004638672,1.3866409063339233,-55.647090911865234,89.07061004638672,Stop,Stepping
1780509908.4876435,21944.473778678,-1.3866409063339233,-55.647098541259766,89.07061004638672,1.3866409063339233,-55.647098541259766,89.07061004638672,-1.3866409063339233,-55.647090911865234,89.07061004638672,1.3866409063339233,-55.647090911865234,89.07061004638672,Stop,Stepping
1780509908.5076337,21944.493080571,-1.3866409063339233,-55.647098541259766,89.07061004638672,1.3866409063339233,-55.647098541259766,89.07061004638672,-1.3866409063339233,-55.647090911865234,89.07061004638672,1.3866409063339233,-55.647090911865234,89.07061004638672,Stop,Stepping
1780509908.5276253,21944.512959003,-1.3866409063339233,-55.647098541259766,89.07061004638672,1.3866409063339233,-55.647098541259766,89.07061004638672,-1.3866409063339233,-55.647090911865234,89.07061004638672,1.3866409063339233,-55.647090911865234,89.07061004638672,Stop,Stepping
1780509908.5476465,21944.532823482,-1.3866409063339233,-55.647098541259766,89.07061004638672,1.3866409063339233,-55.647098541259766,89.07061004638672,-1.3866409063339233,-55.647090911865234,89.07061004638672,1.3866409063339233,-55.647090911865234,89.07061004638672,Stop,Stepping
1780509908.5676415,21944.553279112,-1.3866409063339233,-55.647098541259766,89.07061004638672,1.3866409063339233,-55.647098541259766,89.07061004638672,-1.3866409063339233,-55.647090911865234,89.07061004638672,1.3866409063339233,-55.647090911865234,89.07061004638672,Stop,Stepping
1780509908.587624,21944.573927818,-1.3866409063339233,-55.647098541259766,89.07061004638672,1.3866409063339233,-55.647098541259766,89.07061004638672,-1.3866409063339233,-55.647090911865234,89.07061004638672,1.3866409063339233,-55.647090911865234,89.07061004638672,Stop,Stepping
1780509908.6076813,21944.593816932,-1.3866409063339233,-55.647098541259766,89.07061004638672,1.3866409063339233,-55.647098541259766,89.07061004638672,-1.3866409063339233,-55.647090911865234,89.07061004638672,1.3866409063339233,-55.647090911865234,89.07061004638672,Stop,Stepping
1780509908.6276784,21944.612988562,-1.3866409063339233,-55.647098541259766,89.07061004638672,1.3866409063339233,-55.647098541259766,89.07061004638672,-1.3866409063339233,-55.647090911865234,89.07061004638672,1.3866409063339233,-55.647090911865234,89.07061004638672,Stop,Stepping
1780509908.647677,21944.633238687,-1.3866409063339233,-55.647098541259766,89.07061004638672,1.3866409063339233,-55.647098541259766,89.07061004638672,-1.3866409063339233,-55.647090911865234,89.07061004638672,1.3866409063339233,-55.647090911865234,89.07061004638672,Stop,Stepping
1780509908.6676948,21944.653289397,-1.3866409063339233,-55.647098541259766,89.07061004638672,1.3866409063339233,-55.647098541259766,89.07061004638672,-1.3866409063339233,-55.647090911865234,89.07061004638672,1.3866409063339233,-55.647090911865234,89.07061004638672,Stop,Stepping
1780509908.6876397,21944.672788863,-1.3866409063339233,-55.647098541259766,89.07061004638672,1.3866409063339233,-55.647098541259766,89.07061004638672,-1.3866409063339233,-55.647090911865234,89.07061004638672,1.3866409063339233,-55.647090911865234,89.07061004638672,Stop,Stepping
1780509908.7076344,21944.693136699,-1.3866409063339233,-55.647098541259766,89.07061004638672,1.3866409063339233,-55.647098541259766,89.07061004638672,-1.3866409063339233,-55.647090911865234,89.07061004638672,1.3866409063339233,-55.647090911865234,89.07061004638672,Stop,Stepping
1780509908.7276297,21944.713271152,-1.3866409063339233,-55.647098541259766,89.07061004638672,1.3866409063339233,-55.647098541259766,89.07061004638672,-1.3866409063339233,-55.647090911865234,89.07061004638672,1.3866409063339233,-55.647090911865234,89.07061004638672,Stop,Stepping
1780509908.747636,21944.734262425,-1.3866409063339233,-55.647098541259766,89.07061004638672,1.3866409063339233,-55.647098541259766,89.07061004638672,-1.3866409063339233,-55.647090911865234,89.07061004638672,1.3866409063339233,-55.647090911865234,89.07061004638672,Stop,Stepping
1780509908.7676399,21944.753651463,-1.3866409063339233,-55.647098541259766,89.07061004638672,1.3866409063339233,-55.647098541259766,89.07061004638672,-1.3866409063339233,-55.647090911865234,89.07061004638672,1.3866409063339233,-55.647090911865234,89.07061004638672,Stop,Stepping
1780509908.7876344,21944.773551818,-1.3866409063339233,-55.647098541259766,89.07061004638672,1.3866409063339233,-55.647098541259766,89.07061004638672,-1.3866409063339233,-55.647090911865234,89.07061004638672,1.3866409063339233,-55.647090911865234,89.07061004638672,Stop,Stepping
1780509908.8076727,21944.793549902,-1.3866409063339233,-55.647098541259766,89.07061004638672,1.3866409063339233,-55.647098541259766,89.07061004638672,-1.3866409063339233,-55.647090911865234,89.07061004638672,1.3866409063339233,-55.647090911865234,89.07061004638672,Stop,Stepping
1780509908.8276787,21944.813088247,-1.3866409063339233,-55.647098541259766,89.07061004638672,1.3866409063339233,-55.647098541259766,89.07061004638672,-1.3866409063339233,-55.647090911865234,89.07061004638672,1.3866409063339233,-55.647090911865234,89.07061004638672,Stop,Stepping
1780509908.8476868,21944.833097226,-1.3866409063339233,-55.647098541259766,89.07061004638672,1.3866409063339233,-55.647098541259766,89.07061004638672,-1.3866409063339233,-55.647090911865234,89.07061004638672,1.3866409063339233,-55.647090911865234,89.07061004638672,Stop,Stepping
1780509908.8676455,21944.853157916,-1.3866409063339233,-55.647098541259766,89.07061004638672,1.3866409063339233,-55.647098541259766,89.07061004638672,-1.3866409063339233,-55.647090911865234,89.07061004638672,1.3866409063339233,-55.647090911865234,89.07061004638672,Stop,Stepping
1780509908.8876326,21944.87319931,-1.3866409063339233,-55.647098541259766,89.07061004638672,1.3866409063339233,-55.647098541259766,89.07061004638672,-1.3866409063339233,-55.647090911865234,89.07061004638672,1.3866409063339233,-55.647090911865234,89.07061004638672,Stop,Stepping
1780509908.90768,21944.89376169,-1.3866409063339233,-55.647098541259766,89.07061004638672,1.3866409063339233,-55.647098541259766,89.07061004638672,-1.3866409063339233,-55.647090911865234,89.07061004638672,1.3866409063339233,-55.647090911865234,89.07061004638672,Stop,Stepping
1780509908.9276357,21944.912971569,-1.3866409063339233,-55.647098541259766,89.07061004638672,1.3866409063339233,-55.647098541259766,89.07061004638672,-1.3866409063339233,-55.647090911865234,89.07061004638672,1.3866409063339233,-55.647090911865234,89.07061004638672,Stop,Stepping
1780509908.947608,21944.932911734,-1.3866409063339233,-55.647098541259766,89.07061004638672,1.3866409063339233,-55.647098541259766,89.07061004638672,-1.3866409063339233,-55.647090911865234,89.07061004638672,1.3866409063339233,-55.647090911865234,89.07061004638672,Stop,Stepping
1780509908.9676104,21944.953233563,-1.3866409063339233,-55.647098541259766,89.07061004638672,1.3866409063339233,-55.647098541259766,89.07061004638672,-1.3866409063339233,-55.647090911865234,89.07061004638672,1.3866409063339233,-55.647090911865234,89.07061004638672,Stop,Stepping
1780509908.9876356,21944.974188132,-1.3866409063339233,-55.647098541259766,89.07061004638672,1.3866409063339233,-55.647098541259766,89.07061004638672,-1.3866409063339233,-55.647090911865234,89.07061004638672,1.3866409063339233,-55.647090911865234,89.07061004638672,Stop,Stepping
1780509909.0076706,21944.993709535,-1.3866409063339233,-55.647098541259766,89.07061004638672,1.3866409063339233,-55.647098541259766,89.07061004638672,-1.3866409063339233,-55.647090911865234,89.07061004638672,1.3866409063339233,-55.647090911865234,89.07061004638672,Stop,Stepping
1780509909.0276961,21945.013693775,-1.3866409063339233,-55.647098541259766,89.07061004638672,1.3866409063339233,-55.647098541259766,89.07061004638672,-1.3866409063339233,-55.647090911865234,89.07061004638672,1.3866409063339233,-55.647090911865234,89.07061004638672,Stop,Stepping
1780509909.047642,21945.032913175,-1.3866409063339233,-55.647098541259766,89.07061004638672,1.3866409063339233,-55.647098541259766,89.07061004638672,-1.3866409063339233,-55.647090911865234,89.07061004638672,1.3866409063339233,-55.647090911865234,89.07061004638672,Stop,Stepping
1780509909.067634,21945.053074711,-1.3866409063339233,-55.647098541259766,89.07061004638672,1.3866409063339233,-55.647098541259766,89.07061004638672,-1.3866409063339233,-55.647090911865234,89.07061004638672,1.3866409063339233,-55.647090911865234,89.07061004638672,Stop,Stepping
1780509909.0876348,21945.073342488,-1.3866409063339233,-55.647098541259766,89.07061004638672,1.3866409063339233,-55.647098541259766,89.07061004638672,-1.3866409063339233,-55.647090911865234,89.07061004638672,1.3866409063339233,-55.647090911865234,89.07061004638672,Stop,Stepping
1780509909.1076503,21945.093691307,-1.3866409063339233,-55.647098541259766,89.07061004638672,1.3866409063339233,-55.647098541259766,89.07061004638672,-1.3866409063339233,-55.647090911865234,89.07061004638672,1.3866409063339233,-55.647090911865234,89.07061004638672,Stop,Stepping
1780509909.1276438,21945.113705801,-1.3866409063339233,-55.647098541259766,89.07061004638672,1.3866409063339233,-55.647098541259766,89.07061004638672,-1.3866409063339233,-55.647090911865234,89.07061004638672,1.3866409063339233,-55.647090911865234,89.07061004638672,Stop,Stepping
1780509909.1476212,21945.133358981,-1.3866409063339233,-55.647098541259766,89.07061004638672,1.3866409063339233,-55.647098541259766,89.07061004638672,-1.3866409063339233,-55.647090911865234,89.07061004638672,1.3866409063339233,-55.647090911865234,89.07061004638672,Stop,Stepping
1780509909.1676776,21945.153210457,-1.3866409063339233,-55.647098541259766,89.07061004638672,1.3866409063339233,-55.647098541259766,89.07061004638672,-1.3866409063339233,-55.647090911865234,89.07061004638672,1.3866409063339233,-55.647090911865234,89.07061004638672,Stop,Stepping
1780509909.1875713,21945.172777769,-1.3866409063339233,-55.647098541259766,89.07061004638672,1.3866409063339233,-55.647098541259766,89.07061004638672,-1.3866409063339233,-55.647090911865234,89.07061004638672,1.3866409063339233,-55.647090911865234,89.07061004638672,Stop,Stepping
1780509909.2076292,21945.192901592,-1.3866409063339233,-55.647098541259766,89.07061004638672,1.3866409063339233,-55.647098541259766,89.07061004638672,-1.3866409063339233,-55.647090911865234,89.07061004638672,1.3866409063339233,-55.647090911865234,89.07061004638672,Stop,Stepping
1780509909.2276475,21945.214852308,-1.3866409063339233,-55.647098541259766,89.07061004638672,1.3866409063339233,-55.647098541259766,89.07061004638672,-1.3866409063339233,-55.647090911865234,89.07061004638672,1.3866409063339233,-55.647090911865234,89.07061004638672,Stop,Stepping
1780509909.2477174,21945.233332355,-1.3866409063339233,-55.647098541259766,89.07061004638672,1.3866409063339233,-55.647098541259766,89.07061004638672,-1.3866409063339233,-55.647090911865234,89.07061004638672,1.3866409063339233,-55.647090911865234,89.07061004638672,Stop,Stepping
1780509909.267632,21945.253170746,-1.3866409063339233,-55.647098541259766,89.07061004638672,1.3866409063339233,-55.647098541259766,89.07061004638672,-1.3866409063339233,-55.647090911865234,89.07061004638672,1.3866409063339233,-55.647090911865234,89.07061004638672,Stop,Stepping
1780509909.2876775,21945.27378795,-1.3866409063339233,-55.647098541259766,89.07061004638672,1.3866409063339233,-55.647098541259766,89.07061004638672,-1.3866409063339233,-55.647090911865234,89.07061004638672,1.3866409063339233,-55.647090911865234,89.07061004638672,Stop,Stepping
1780509909.3076448,21945.294061253,-1.3866409063339233,-55.647098541259766,89.07061004638672,1.3866409063339233,-55.647098541259766,89.07061004638672,-1.3866409063339233,-55.647090911865234,89.07061004638672,1.3866409063339233,-55.647090911865234,89.07061004638672,Stop,Stepping
1780509909.327641,21945.31405065,-1.3866409063339233,-55.647098541259766,89.07061004638672,1.3866409063339233,-55.647098541259766,89.07061004638672,-1.3866409063339233,-55.647090911865234,89.07061004638672,1.3866409063339233,-55.647090911865234,89.07061004638672,Stop,Stepping
1780509909.3476608,21945.33435325,-1.3866409063339233,-55.647098541259766,89.07061004638672,1.3866409063339233,-55.647098541259766,89.07061004638672,-1.3866409063339233,-55.647090911865234,89.07061004638672,1.3866409063339233,-55.647090911865234,89.07061004638672,Stop,Stepping
1780509909.3676548,21945.353165804,-1.3866409063339233,-55.647098541259766,89.07061004638672,1.3866409063339233,-55.647098541259766,89.07061004638672,-1.3866409063339233,-55.647090911865234,89.07061004638672,1.3866409063339233,-55.647090911865234,89.07061004638672,Stop,Stepping
1780509909.387656,21945.373245234,-1.3866409063339233,-55.647098541259766,89.07061004638672,1.3866409063339233,-55.647098541259766,89.07061004638672,-1.3866409063339233,-55.647090911865234,89.07061004638672,1.3866409063339233,-55.647090911865234,89.07061004638672,Stop,Stepping
1780509909.4078574,21945.393574974,-1.3866409063339233,-55.647098541259766,89.07061004638672,1.3866409063339233,-55.647098541259766,89.07061004638672,-1.3866409063339233,-55.647090911865234,89.07061004638672,1.3866409063339233,-55.647090911865234,89.07061004638672,Stop,Stepping
1780509909.4276106,21945.413146356,-1.3866409063339233,-55.647098541259766,89.07061004638672,1.3866409063339233,-55.647098541259766,89.07061004638672,-1.3866409063339233,-55.647090911865234,89.07061004638672,1.3866409063339233,-55.647090911865234,89.07061004638672,Stop,Stepping
1780509909.4476552,21945.433898905,-1.3866409063339233,-55.647098541259766,89.07061004638672,1.3866409063339233,-55.647098541259766,89.07061004638672,-1.3866409063339233,-55.647090911865234,89.07061004638672,1.3866409063339233,-55.647090911865234,89.07061004638672,Stop,Stepping
1780509909.4676783,21945.453879118,-1.3866409063339233,-55.647098541259766,89.07061004638672,1.3866409063339233,-55.647098541259766,89.07061004638672,-1.3866409063339233,-55.647090911865234,89.07061004638672,1.3866409063339233,-55.647090911865234,89.07061004638672,Stop,Stepping
1780509909.4876375,21945.474126378,-1.3866409063339233,-55.647098541259766,89.07061004638672,1.3866409063339233,-55.647098541259766,89.07061004638672,-1.3866409063339233,-55.647090911865234,89.07061004638672,1.3866409063339233,-55.647090911865234,89.07061004638672,Stop,Stepping
1780509909.507736,21945.493331061,-1.3866409063339233,-55.647098541259766,89.07061004638672,1.3866409063339233,-55.647098541259766,89.07061004638672,-1.3866409063339233,-55.647090911865234,89.07061004638672,1.3866409063339233,-55.647090911865234,89.07061004638672,Stop,Stepping
1780509909.5276568,21945.513143386,-1.3866409063339233,-55.647098541259766,89.07061004638672,1.3866409063339233,-55.647098541259766,89.07061004638672,-1.3866409063339233,-55.647090911865234,89.07061004638672,1.3866409063339233,-55.647090911865234,89.07061004638672,Stop,Stepping
1780509909.5476527,21945.533670605,-1.3866409063339233,-55.647098541259766,89.07061004638672,1.3866409063339233,-55.647098541259766,89.07061004638672,-1.3866409063339233,-55.647090911865234,89.07061004638672,1.3866409063339233,-55.647090911865234,89.07061004638672,Stop,Stepping
1780509909.5676672,21945.554016682,-1.3866409063339233,-55.647098541259766,89.07061004638672,1.3866409063339233,-55.647098541259766,89.07061004638672,-1.3866409063339233,-55.647090911865234,89.07061004638672,1.3866409063339233,-55.647090911865234,89.07061004638672,Stop,Stepping
1780509909.5876617,21945.573586093,-1.3866409063339233,-55.647098541259766,89.07061004638672,1.3866409063339233,-55.647098541259766,89.07061004638672,-1.3866409063339233,-55.647090911865234,89.07061004638672,1.3866409063339233,-55.647090911865234,89.07061004638672,Stop,Stepping
1780509909.6077614,21945.593339289,-1.3866409063339233,-55.647098541259766,89.07061004638672,1.3866409063339233,-55.647098541259766,89.07061004638672,-1.3866409063339233,-55.647090911865234,89.07061004638672,1.3866409063339233,-55.647090911865234,89.07061004638672,Stop,Stepping
1780509909.6276631,21945.612915318,-1.3866409063339233,-55.647098541259766,89.07061004638672,1.3866409063339233,-55.647098541259766,89.07061004638672,-1.3866409063339233,-55.647090911865234,89.07061004638672,1.3866409063339233,-55.647090911865234,89.07061004638672,Stop,Stepping
1780509909.6477466,21945.633887808,-1.3866409063339233,-55.647098541259766,89.07061004638672,1.3866409063339233,-55.647098541259766,89.07061004638672,-1.3866409063339233,-55.647090911865234,89.07061004638672,1.3866409063339233,-55.647090911865234,89.07061004638672,Stop,Stepping
1780509909.6678646,21945.653561081,-1.3866409063339233,-55.647098541259766,89.07061004638672,1.3866409063339233,-55.647098541259766,89.07061004638672,-1.3866409063339233,-55.647090911865234,89.07061004638672,1.3866409063339233,-55.647090911865234,89.07061004638672,Stop,Stepping
1780509909.6876924,21945.674807825,-1.3866409063339233,-55.647098541259766,89.07061004638672,1.3866409063339233,-55.647098541259766,89.07061004638672,-1.3866409063339233,-55.647090911865234,89.07061004638672,1.3866409063339233,-55.647090911865234,89.07061004638672,Stop,Stepping
1780509909.7076616,21945.69403732,-1.3866409063339233,-55.647098541259766,89.07061004638672,1.3866409063339233,-55.647098541259766,89.07061004638672,-1.3866409063339233,-55.647090911865234,89.07061004638672,1.3866409063339233,-55.647090911865234,89.07061004638672,Stop,Stepping
1780509909.7276976,21945.713339122,-1.3866409063339233,-55.647098541259766,89.07061004638672,1.3866409063339233,-55.647098541259766,89.07061004638672,-1.3866409063339233,-55.647090911865234,89.07061004638672,1.3866409063339233,-55.647090911865234,89.07061004638672,Stop,Stepping
1780509909.747643,21945.733713333,-1.3866409063339233,-55.647098541259766,89.07061004638672,1.3866409063339233,-55.647098541259766,89.07061004638672,-1.3866409063339233,-55.647090911865234,89.07061004638672,1.3866409063339233,-55.647090911865234,89.07061004638672,Stop,Stepping
1780509909.767817,21945.753822654,-1.3866409063339233,-55.647098541259766,89.07061004638672,1.3866409063339233,-55.647098541259766,89.07061004638672,-1.3866409063339233,-55.647090911865234,89.07061004638672,1.3866409063339233,-55.647090911865234,89.07061004638672,Stop,Stepping
1780509909.7876482,21945.773315334,-1.3866409063339233,-55.647098541259766,89.07061004638672,1.3866409063339233,-55.647098541259766,89.07061004638672,-1.3866409063339233,-55.647090911865234,89.07061004638672,1.3866409063339233,-55.647090911865234,89.07061004638672,Stop,Stepping
1780509909.8076482,21945.793442593,-1.3866409063339233,-55.647098541259766,89.07061004638672,1.3866409063339233,-55.647098541259766,89.07061004638672,-1.3866409063339233,-55.647090911865234,89.07061004638672,1.3866409063339233,-55.647090911865234,89.07061004638672,Stop,Stepping
1780509909.8276472,21945.813165148,-1.3866409063339233,-55.647098541259766,89.07061004638672,1.3866409063339233,-55.647098541259766,89.07061004638672,-1.3866409063339233,-55.647090911865234,89.07061004638672,1.3866409063339233,-55.647090911865234,89.07061004638672,Stop,Stepping
1780509909.8476846,21945.833177273,-1.3866409063339233,-55.647098541259766,89.07061004638672,1.3866409063339233,-55.647098541259766,89.07061004638672,-1.3866409063339233,-55.647090911865234,89.07061004638672,1.3866409063339233,-55.647090911865234,89.07061004638672,Stop,Stepping
1780509909.86765,21945.853831245,-1.3866409063339233,-55.647098541259766,89.07061004638672,1.3866409063339233,-55.647098541259766,89.07061004638672,-1.3866409063339233,-55.647090911865234,89.07061004638672,1.3866409063339233,-55.647090911865234,89.07061004638672,Stop,Stepping
1780509909.887654,21945.873486442,-1.3866409063339233,-55.647098541259766,89.07061004638672,1.3866409063339233,-55.647098541259766,89.07061004638672,-1.3866409063339233,-55.647090911865234,89.07061004638672,1.3866409063339233,-55.647090911865234,89.07061004638672,Stop,Stepping
1780509909.907673,21945.894705623,-1.3866409063339233,-55.647098541259766,89.07061004638672,1.3866409063339233,-55.647098541259766,89.07061004638672,-1.3866409063339233,-55.647090911865234,89.07061004638672,1.3866409063339233,-55.647090911865234,89.07061004638672,Stop,Stepping
1780509909.927663,21945.913833692,-1.3866409063339233,-55.647098541259766,89.07061004638672,1.3866409063339233,-55.647098541259766,89.07061004638672,-1.3866409063339233,-55.647090911865234,89.07061004638672,1.3866409063339233,-55.647090911865234,89.07061004638672,Stop,Stepping
1780509909.9476953,21945.933043244,-1.3866409063339233,-55.647098541259766,89.07061004638672,1.3866409063339233,-55.647098541259766,89.07061004638672,-1.3866409063339233,-55.647090911865234,89.07061004638672,1.3866409063339233,-55.647090911865234,89.07061004638672,Stop,Stepping
1780509909.9677107,21945.953068221,-1.3866409063339233,-55.647098541259766,89.07061004638672,1.3866409063339233,-55.647098541259766,89.07061004638672,-1.3866409063339233,-55.647090911865234,89.07061004638672,1.3866409063339233,-55.647090911865234,89.07061004638672,Stop,Stepping
1780509909.987702,21945.973446918,-1.3866409063339233,-55.647098541259766,89.07061004638672,1.3866409063339233,-55.647098541259766,89.07061004638672,-1.3866409063339233,-55.647090911865234,89.07061004638672,1.3866409063339233,-55.647090911865234,89.07061004638672,Stop,Stepping
1780509910.0076518,21945.993557551,-1.3866409063339233,-55.647098541259766,89.07061004638672,1.3866409063339233,-55.647098541259766,89.07061004638672,-1.3866409063339233,-55.647090911865234,89.07061004638672,1.3866409063339233,-55.647090911865234,89.07061004638672,Stop,Stepping
1780509910.0276427,21946.013721733,-1.3866409063339233,-55.647098541259766,89.07061004638672,1.3866409063339233,-55.647098541259766,89.07061004638672,-1.3866409063339233,-55.647090911865234,89.07061004638672,1.3866409063339233,-55.647090911865234,89.07061004638672,Stop,Stepping
1780509910.0476472,21946.035542427,-1.3866409063339233,-55.647098541259766,89.07061004638672,1.3866409063339233,-55.647098541259766,89.07061004638672,-1.3866409063339233,-55.647090911865234,89.07061004638672,1.3866409063339233,-55.647090911865234,89.07061004638672,Stop,Stepping
1780509910.0676572,21946.053916465,-1.3866409063339233,-55.647098541259766,89.07061004638672,1.3866409063339233,-55.647098541259766,89.07061004638672,-1.3866409063339233,-55.647090911865234,89.07061004638672,1.3866409063339233,-55.647090911865234,89.07061004638672,Stop,Stepping
1780509910.0876627,21946.072898151,-1.3866409063339233,-55.647098541259766,89.07061004638672,1.3866409063339233,-55.647098541259766,89.07061004638672,-1.3866409063339233,-55.647090911865234,89.07061004638672,1.3866409063339233,-55.647090911865234,89.07061004638672,Stop,Stepping
1780509910.107654,21946.093665016,-1.3866409063339233,-55.647098541259766,89.07061004638672,1.3866409063339233,-55.647098541259766,89.07061004638672,-1.3866409063339233,-55.647090911865234,89.07061004638672,1.3866409063339233,-55.647090911865234,89.07061004638672,Stop,Stepping
1780509910.127705,21946.11301745,-1.3866409063339233,-55.647098541259766,89.07061004638672,1.3866409063339233,-55.647098541259766,89.07061004638672,-1.3866409063339233,-55.647090911865234,89.07061004638672,1.3866409063339233,-55.647090911865234,89.07061004638672,Stop,Stepping
1780509910.1476524,21946.133235357,-1.3866409063339233,-55.647098541259766,89.07061004638672,1.3866409063339233,-55.647098541259766,89.07061004638672,-1.3866409063339233,-55.647090911865234,89.07061004638672,1.3866409063339233,-55.647090911865234,89.07061004638672,Stop,Stepping
1780509910.1676502,21946.153113987,-1.3866409063339233,-55.647098541259766,89.07061004638672,1.3866409063339233,-55.647098541259766,89.07061004638672,-1.3866409063339233,-55.647090911865234,89.07061004638672,1.3866409063339233,-55.647090911865234,89.07061004638672,Stop,Stepping
1780509910.187701,21946.173609681,-1.3866409063339233,-55.647098541259766,89.07061004638672,1.3866409063339233,-55.647098541259766,89.07061004638672,-1.3866409063339233,-55.647090911865234,89.07061004638672,1.3866409063339233,-55.647090911865234,89.07061004638672,Stop,Stepping
1780509910.2076354,21946.194066622,-1.3866409063339233,-55.647098541259766,89.07061004638672,1.3866409063339233,-55.647098541259766,89.07061004638672,-1.3866409063339233,-55.647090911865234,89.07061004638672,1.3866409063339233,-55.647090911865234,89.07061004638672,Stop,Stepping
1780509910.2276485,21946.213821959,-1.3866409063339233,-55.647098541259766,89.07061004638672,1.3866409063339233,-55.647098541259766,89.07061004638672,-1.3866409063339233,-55.647090911865234,89.07061004638672,1.3866409063339233,-55.647090911865234,89.07061004638672,Stop,Stepping
1780509910.2477243,21946.234036595,-1.3866409063339233,-55.647098541259766,89.07061004638672,1.3866409063339233,-55.647098541259766,89.07061004638672,-1.3866409063339233,-55.647090911865234,89.07061004638672,1.3866409063339233,-55.647090911865234,89.07061004638672,Stop,Stepping
1780509910.267706,21946.25328112,-1.3866409063339233,-55.647098541259766,89.07061004638672,1.3866409063339233,-55.647098541259766,89.07061004638672,-1.3866409063339233,-55.647090911865234,89.07061004638672,1.3866409063339233,-55.647090911865234,89.07061004638672,Stop,Stepping
1780509910.2877173,21946.272990818,-1.3866409063339233,-55.647098541259766,89.07061004638672,1.3866409063339233,-55.647098541259766,89.07061004638672,-1.3866409063339233,-55.647090911865234,89.07061004638672,1.3866409063339233,-55.647090911865234,89.07061004638672,Stop,Stepping
1780509910.307678,21946.29311078,-1.3866409063339233,-55.647098541259766,89.07061004638672,1.3866409063339233,-55.647098541259766,89.07061004638672,-1.3866409063339233,-55.647090911865234,89.07061004638672,1.3866409063339233,-55.647090911865234,89.07061004638672,Stop,Stepping
1780509910.3276536,21946.313708136,-1.3866409063339233,-55.647098541259766,89.07061004638672,1.3866409063339233,-55.647098541259766,89.07061004638672,-1.3866409063339233,-55.647090911865234,89.07061004638672,1.3866409063339233,-55.647090911865234,89.07061004638672,Stop,Stepping
1780509910.347665,21946.334095319,-1.3866409063339233,-55.647098541259766,89.07061004638672,1.3866409063339233,-55.647098541259766,89.07061004638672,-1.3866409063339233,-55.647090911865234,89.07061004638672,1.3866409063339233,-55.647090911865234,89.07061004638672,Stop,Stepping
1780509910.3676682,21946.353069868,-1.3866409063339233,-55.647098541259766,89.07061004638672,1.3866409063339233,-55.647098541259766,89.07061004638672,-1.3866409063339233,-55.647090911865234,89.07061004638672,1.3866409063339233,-55.647090911865234,89.07061004638672,Stop,Stepping
1780509910.3877208,21946.3736543,-1.3866409063339233,-55.647098541259766,89.07061004638672,1.3866409063339233,-55.647098541259766,89.07061004638672,-1.3866409063339233,-55.647090911865234,89.07061004638672,1.3866409063339233,-55.647090911865234,89.07061004638672,Stop,Stepping
1780509910.4076571,21946.392950145,-1.3866409063339233,-55.647098541259766,89.07061004638672,1.3866409063339233,-55.647098541259766,89.07061004638672,-1.3866409063339233,-55.647090911865234,89.07061004638672,1.3866409063339233,-55.647090911865234,89.07061004638672,Stop,Stepping
1780509910.4276679,21946.41330135,-1.3866409063339233,-55.647098541259766,89.07061004638672,1.3866409063339233,-55.647098541259766,89.07061004638672,-1.3866409063339233,-55.647090911865234,89.07061004638672,1.3866409063339233,-55.647090911865234,89.07061004638672,Stop,Stepping
1780509910.447664,21946.434114467,-1.3866409063339233,-55.647098541259766,89.07061004638672,1.3866409063339233,-55.647098541259766,89.07061004638672,-1.3866409063339233,-55.647090911865234,89.07061004638672,1.3866409063339233,-55.647090911865234,89.07061004638672,Stop,Stepping
1780509910.4676821,21946.456281832,-1.3866409063339233,-55.647098541259766,89.07061004638672,1.3866409063339233,-55.647098541259766,89.07061004638672,-1.3866409063339233,-55.647090911865234,89.07061004638672,1.3866409063339233,-55.647090911865234,89.07061004638672,Stop,Stepping
1780509910.487627,21946.472884443,-1.3866409063339233,-55.647098541259766,89.07061004638672,1.3866409063339233,-55.647098541259766,89.07061004638672,-1.3866409063339233,-55.647090911865234,89.07061004638672,1.3866409063339233,-55.647090911865234,89.07061004638672,Stop,Stepping
1780509910.5076873,21946.493697747,-1.3866409063339233,-55.647098541259766,89.07061004638672,1.3866409063339233,-55.647098541259766,89.07061004638672,-1.3866409063339233,-55.647090911865234,89.07061004638672,1.3866409063339233,-55.647090911865234,89.07061004638672,Stop,Stepping
1780509910.5276845,21946.513087659,-1.3866409063339233,-55.647098541259766,89.07061004638672,1.3866409063339233,-55.647098541259766,89.07061004638672,-1.3866409063339233,-55.647090911865234,89.07061004638672,1.3866409063339233,-55.647090911865234,89.07061004638672,Stop,Stepping
1780509910.547522,21946.534411548,-1.3866409063339233,-55.647098541259766,89.07061004638672,1.3866409063339233,-55.647098541259766,89.07061004638672,-1.3866409063339233,-55.647090911865234,89.07061004638672,1.3866409063339233,-55.647090911865234,89.07061004638672,Stop,Stepping
1780509910.5677133,21946.55632841,-1.3866409063339233,-55.647098541259766,89.07061004638672,1.3866409063339233,-55.647098541259766,89.07061004638672,-1.3866409063339233,-55.647090911865234,89.07061004638672,1.3866409063339233,-55.647090911865234,89.07061004638672,Stop,Stepping
1780509910.5876691,21946.574187606,-1.3866409063339233,-55.647098541259766,89.07061004638672,1.3866409063339233,-55.647098541259766,89.07061004638672,-1.3866409063339233,-55.647090911865234,89.07061004638672,1.3866409063339233,-55.647090911865234,89.07061004638672,Stop,Stepping
1780509910.6076875,21946.592802131,-1.3866409063339233,-55.647098541259766,89.07061004638672,1.3866409063339233,-55.647098541259766,89.07061004638672,-1.3866409063339233,-55.647090911865234,89.07061004638672,1.3866409063339233,-55.647090911865234,89.07061004638672,Stop,Stepping
1780509910.6276684,21946.613051645,-1.3866409063339233,-55.647098541259766,89.07061004638672,1.3866409063339233,-55.647098541259766,89.07061004638672,-1.3866409063339233,-55.647090911865234,89.07061004638672,1.3866409063339233,-55.647090911865234,89.07061004638672,Stop,Stepping
1780509910.6477237,21946.633147125,-1.3866409063339233,-55.647098541259766,89.07061004638672,1.3866409063339233,-55.647098541259766,89.07061004638672,-1.3866409063339233,-55.647090911865234,89.07061004638672,1.3866409063339233,-55.647090911865234,89.07061004638672,Stop,Stepping
1780509910.6676567,21946.653414066,-1.3866409063339233,-55.647098541259766,89.07061004638672,1.3866409063339233,-55.647098541259766,89.07061004638672,-1.3866409063339233,-55.647090911865234,89.07061004638672,1.3866409063339233,-55.647090911865234,89.07061004638672,Stop,Stepping
1780509910.6876605,21946.673879733,-1.3866409063339233,-55.647098541259766,89.07061004638672,1.3866409063339233,-55.647098541259766,89.07061004638672,-1.3866409063339233,-55.647090911865234,89.07061004638672,1.3866409063339233,-55.647090911865234,89.07061004638672,Stop,Stepping
1780509910.7077198,21946.693293889,-1.3866409063339233,-55.647098541259766,89.07061004638672,1.3866409063339233,-55.647098541259766,89.07061004638672,-1.3866409063339233,-55.647090911865234,89.07061004638672,1.3866409063339233,-55.647090911865234,89.07061004638672,Stop,Stepping
1780509910.727667,21946.713163641,-1.3866409063339233,-55.647098541259766,89.07061004638672,1.3866409063339233,-55.647098541259766,89.07061004638672,-1.3866409063339233,-55.647090911865234,89.07061004638672,1.3866409063339233,-55.647090911865234,89.07061004638672,Stop,Stepping
1780509910.7476544,21946.733585894,-1.3866409063339233,-55.647098541259766,89.07061004638672,1.3866409063339233,-55.647098541259766,89.07061004638672,-1.3866409063339233,-55.647090911865234,89.07061004638672,1.3866409063339233,-55.647090911865234,89.07061004638672,Stop,Stepping
1780509910.7676675,21946.755835164,-1.3866409063339233,-55.647098541259766,89.07061004638672,1.3866409063339233,-55.647098541259766,89.07061004638672,-1.3866409063339233,-55.647090911865234,89.07061004638672,1.3866409063339233,-55.647090911865234,89.07061004638672,Stop,Stepping
1780509910.7876594,21946.773726345,-1.3866409063339233,-55.647098541259766,89.07061004638672,1.3866409063339233,-55.647098541259766,89.07061004638672,-1.3866409063339233,-55.647090911865234,89.07061004638672,1.3866409063339233,-55.647090911865234,89.07061004638672,Stop,Stepping
1780509910.8076625,21946.794190265,-1.3866409063339233,-55.647098541259766,89.07061004638672,1.3866409063339233,-55.647098541259766,89.07061004638672,-1.3866409063339233,-55.647090911865234,89.07061004638672,1.3866409063339233,-55.647090911865234,89.07061004638672,Stop,Stepping
1780509910.82767,21946.813182063,-1.3866409063339233,-55.647098541259766,89.07061004638672,1.3866409063339233,-55.647098541259766,89.07061004638672,-1.3866409063339233,-55.647090911865234,89.07061004638672,1.3866409063339233,-55.647090911865234,89.07061004638672,Stop,Stepping
1780509910.847666,21946.834062298,-1.3866409063339233,-55.647098541259766,89.07061004638672,1.3866409063339233,-55.647098541259766,89.07061004638672,-1.3866409063339233,-55.647090911865234,89.07061004638672,1.3866409063339233,-55.647090911865234,89.07061004638672,Stop,Stepping
1780509910.8677185,21946.853771127,-1.3866409063339233,-55.647098541259766,89.07061004638672,1.3866409063339233,-55.647098541259766,89.07061004638672,-1.3866409063339233,-55.647090911865234,89.07061004638672,1.3866409063339233,-55.647090911865234,89.07061004638672,Stop,Stepping
1780509910.8876743,21946.873852001,-1.3866409063339233,-55.647098541259766,89.07061004638672,1.3866409063339233,-55.647098541259766,89.07061004638672,-1.3866409063339233,-55.647090911865234,89.07061004638672,1.3866409063339233,-55.647090911865234,89.07061004638672,Stop,Stepping
1780509910.9076145,21946.8938661,-1.3866409063339233,-55.647098541259766,89.07061004638672,1.3866409063339233,-55.647098541259766,89.07061004638672,-1.3866409063339233,-55.647090911865234,89.07061004638672,1.3866409063339233,-55.647090911865234,89.07061004638672,Stop,Stepping
1780509910.9276674,21946.913154112,-1.3866409063339233,-55.647098541259766,89.07061004638672,1.3866409063339233,-55.647098541259766,89.07061004638672,-1.3866409063339233,-55.647090911865234,89.07061004638672,1.3866409063339233,-55.647090911865234,89.07061004638672,Stop,Stepping
1780509910.9477215,21946.933076337,-1.3866409063339233,-55.647098541259766,89.07061004638672,1.3866409063339233,-55.647098541259766,89.07061004638672,-1.3866409063339233,-55.647090911865234,89.07061004638672,1.3866409063339233,-55.647090911865234,89.07061004638672,Stop,Stepping
1780509910.9677203,21946.953365266,-1.3866409063339233,-55.647098541259766,89.07061004638672,1.3866409063339233,-55.647098541259766,89.07061004638672,-1.3866409063339233,-55.647090911865234,89.07061004638672,1.3866409063339233,-55.647090911865234,89.07061004638672,Stop,Stepping
1780509910.9878852,21946.974188335,-1.3866409063339233,-55.647098541259766,89.07061004638672,1.3866409063339233,-55.647098541259766,89.07061004638672,-1.3866409063339233,-55.647090911865234,89.07061004638672,1.3866409063339233,-55.647090911865234,89.07061004638672,Stop,Stepping
1780509911.0077193,21946.994403797,-1.3866409063339233,-55.647098541259766,89.07061004638672,1.3866409063339233,-55.647098541259766,89.07061004638672,-1.3866409063339233,-55.647090911865234,89.07061004638672,1.3866409063339233,-55.647090911865234,89.07061004638672,Stop,Stepping
1780509911.0276613,21947.013287066,-1.3866409063339233,-55.647098541259766,89.07061004638672,1.3866409063339233,-55.647098541259766,89.07061004638672,-1.3866409063339233,-55.647090911865234,89.07061004638672,1.3866409063339233,-55.647090911865234,89.07061004638672,Stop,Stepping
1780509911.047665,21947.032955663,-1.3866409063339233,-55.647098541259766,89.07061004638672,1.3866409063339233,-55.647098541259766,89.07061004638672,-1.3866409063339233,-55.647090911865234,89.07061004638672,1.3866409063339233,-55.647090911865234,89.07061004638672,Stop,Stepping
1780509911.0676732,21947.052944987,-1.3866409063339233,-55.647098541259766,89.07061004638672,1.3866409063339233,-55.647098541259766,89.07061004638672,-1.3866409063339233,-55.647090911865234,89.07061004638672,1.3866409063339233,-55.647090911865234,89.07061004638672,Stop,Stepping
1780509911.0876675,21947.072983162,-1.3866409063339233,-55.647098541259766,89.07061004638672,1.3866409063339233,-55.647098541259766,89.07061004638672,-1.3866409063339233,-55.647090911865234,89.07061004638672,1.3866409063339233,-55.647090911865234,89.07061004638672,Stop,Stepping
1780509911.1076767,21947.093806672,-1.3866409063339233,-55.647098541259766,89.07061004638672,1.3866409063339233,-55.647098541259766,89.07061004638672,-1.3866409063339233,-55.647090911865234,89.07061004638672,1.3866409063339233,-55.647090911865234,89.07061004638672,Stop,Stepping
1780509911.1276712,21947.113844471,-1.3866409063339233,-55.647098541259766,89.07061004638672,1.3866409063339233,-55.647098541259766,89.07061004638672,-1.3866409063339233,-55.647090911865234,89.07061004638672,1.3866409063339233,-55.647090911865234,89.07061004638672,Stop,Stepping
1780509911.1476624,21947.133768268,-1.3866409063339233,-55.647098541259766,89.07061004638672,1.3866409063339233,-55.647098541259766,89.07061004638672,-1.3866409063339233,-55.647090911865234,89.07061004638672,1.3866409063339233,-55.647090911865234,89.07061004638672,Stop,Stepping
1780509911.1676724,21947.153067099,-1.3866409063339233,-55.647098541259766,89.07061004638672,1.3866409063339233,-55.647098541259766,89.07061004638672,-1.3866409063339233,-55.647090911865234,89.07061004638672,1.3866409063339233,-55.647090911865234,89.07061004638672,Stop,Stepping
1780509911.1877253,21947.173131935,-1.3866409063339233,-55.647098541259766,89.07061004638672,1.3866409063339233,-55.647098541259766,89.07061004638672,-1.3866409063339233,-55.647090911865234,89.07061004638672,1.3866409063339233,-55.647090911865234,89.07061004638672,Stop,Stepping
1780509911.2076735,21947.193182382,-1.3866409063339233,-55.647098541259766,89.07061004638672,1.3866409063339233,-55.647098541259766,89.07061004638672,-1.3866409063339233,-55.647090911865234,89.07061004638672,1.3866409063339233,-55.647090911865234,89.07061004638672,Stop,Stepping
1780509911.227667,21947.213840902,-1.3866409063339233,-55.647098541259766,89.07061004638672,1.3866409063339233,-55.647098541259766,89.07061004638672,-1.3866409063339233,-55.647090911865234,89.07061004638672,1.3866409063339233,-55.647090911865234,89.07061004638672,Stop,Stepping
1780509911.2476745,21947.2335754,-1.3866409063339233,-55.647098541259766,89.07061004638672,1.3866409063339233,-55.647098541259766,89.07061004638672,-1.3866409063339233,-55.647090911865234,89.07061004638672,1.3866409063339233,-55.647090911865234,89.07061004638672,Stop,Stepping
1780509911.267672,21947.253068883,-1.3866409063339233,-55.647098541259766,89.07061004638672,1.3866409063339233,-55.647098541259766,89.07061004638672,-1.3866409063339233,-55.647090911865234,89.07061004638672,1.3866409063339233,-55.647090911865234,89.07061004638672,Stop,Stepping
1780509911.2876852,21947.272988208,-1.3866409063339233,-55.647098541259766,89.07061004638672,1.3866409063339233,-55.647098541259766,89.07061004638672,-1.3866409063339233,-55.647090911865234,89.07061004638672,1.3866409063339233,-55.647090911865234,89.07061004638672,Stop,Stepping
1780509911.3076704,21947.293342184,-1.3866409063339233,-55.647098541259766,89.07061004638672,1.3866409063339233,-55.647098541259766,89.07061004638672,-1.3866409063339233,-55.647090911865234,89.07061004638672,1.3866409063339233,-55.647090911865234,89.07061004638672,Stop,Stepping
1780509911.3276849,21947.313803188,-1.3866409063339233,-55.647098541259766,89.07061004638672,1.3866409063339233,-55.647098541259766,89.07061004638672,-1.3866409063339233,-55.647090911865234,89.07061004638672,1.3866409063339233,-55.647090911865234,89.07061004638672,Stop,Stepping
1780509911.347673,21947.33381478,-1.3866409063339233,-55.647098541259766,89.07061004638672,1.3866409063339233,-55.647098541259766,89.07061004638672,-1.3866409063339233,-55.647090911865234,89.07061004638672,1.3866409063339233,-55.647090911865234,89.07061004638672,Stop,Stepping
1780509911.367667,21947.353174219,-1.3866409063339233,-55.647098541259766,89.07061004638672,1.3866409063339233,-55.647098541259766,89.07061004638672,-1.3866409063339233,-55.647090911865234,89.07061004638672,1.3866409063339233,-55.647090911865234,89.07061004638672,Stop,Stepping
1780509911.3876705,21947.373151604,-1.3866409063339233,-55.647098541259766,89.07061004638672,1.3866409063339233,-55.647098541259766,89.07061004638672,-1.3866409063339233,-55.647090911865234,89.07061004638672,1.3866409063339233,-55.647090911865234,89.07061004638672,Stop,Stepping
1780509911.407673,21947.39484202,-1.3866409063339233,-55.647098541259766,89.07061004638672,1.3866409063339233,-55.647098541259766,89.07061004638672,-1.3866409063339233,-55.647090911865234,89.07061004638672,1.3866409063339233,-55.647090911865234,89.07061004638672,Stop,Stepping
1780509911.4276712,21947.418685737,-1.3866409063339233,-55.647098541259766,89.07061004638672,1.3866409063339233,-55.647098541259766,89.07061004638672,-1.3866409063339233,-55.647090911865234,89.07061004638672,1.3866409063339233,-55.647090911865234,89.07061004638672,Stop,Stepping
1780509911.4477723,21947.433855056,-1.3866409063339233,-55.647098541259766,89.07061004638672,1.3866409063339233,-55.647098541259766,89.07061004638672,-1.3866409063339233,-55.647090911865234,89.07061004638672,1.3866409063339233,-55.647090911865234,89.07061004638672,Stop,Stepping
1780509911.467696,21947.453488993,-1.3866409063339233,-55.647098541259766,89.07061004638672,1.3866409063339233,-55.647098541259766,89.07061004638672,-1.3866409063339233,-55.647090911865234,89.07061004638672,1.3866409063339233,-55.647090911865234,89.07061004638672,Stop,Stepping
1780509911.487684,21947.473579419,-1.3866409063339233,-55.647098541259766,89.07061004638672,1.3866409063339233,-55.647098541259766,89.07061004638672,-1.3866409063339233,-55.647090911865234,89.07061004638672,1.3866409063339233,-55.647090911865234,89.07061004638672,Stop,Stepping
1780509911.5077267,21947.493078981,-1.3866409063339233,-55.647098541259766,89.07061004638672,1.3866409063339233,-55.647098541259766,89.07061004638672,-1.3866409063339233,-55.647090911865234,89.07061004638672,1.3866409063339233,-55.647090911865234,89.07061004638672,Stop,Stepping
1780509911.5276873,21947.514208581,-1.3866409063339233,-55.647098541259766,89.07061004638672,1.3866409063339233,-55.647098541259766,89.07061004638672,-1.3866409063339233,-55.647090911865234,89.07061004638672,1.3866409063339233,-55.647090911865234,89.07061004638672,Stop,Stepping
1780509911.547726,21947.532931779,-1.3866409063339233,-55.647098541259766,89.07061004638672,1.3866409063339233,-55.647098541259766,89.07061004638672,-1.3866409063339233,-55.647090911865234,89.07061004638672,1.3866409063339233,-55.647090911865234,89.07061004638672,Stop,Stepping
1780509911.567678,21947.55334771,-1.3866409063339233,-55.647098541259766,89.07061004638672,1.3866409063339233,-55.647098541259766,89.07061004638672,-1.3866409063339233,-55.647090911865234,89.07061004638672,1.3866409063339233,-55.647090911865234,89.07061004638672,Stop,Stepping
1780509911.587726,21947.572984948,-1.3866409063339233,-55.647098541259766,89.07061004638672,1.3866409063339233,-55.647098541259766,89.07061004638672,-1.3866409063339233,-55.647090911865234,89.07061004638672,1.3866409063339233,-55.647090911865234,89.07061004638672,Stop,Stepping
1780509911.6076808,21947.593402345,-1.3866409063339233,-55.647098541259766,89.07061004638672,1.3866409063339233,-55.647098541259766,89.07061004638672,-1.3866409063339233,-55.647090911865234,89.07061004638672,1.3866409063339233,-55.647090911865234,89.07061004638672,Stop,Stepping
1780509911.6277876,21947.615118057,-1.3866409063339233,-55.647098541259766,89.07061004638672,1.3866409063339233,-55.647098541259766,89.07061004638672,-1.3866409063339233,-55.647090911865234,89.07061004638672,1.3866409063339233,-55.647090911865234,89.07061004638672,Stop,Stepping
1780509911.64773,21947.63380537,-1.3866409063339233,-55.647098541259766,89.07061004638672,1.3866409063339233,-55.647098541259766,89.07061004638672,-1.3866409063339233,-55.647090911865234,89.07061004638672,1.3866409063339233,-55.647090911865234,89.07061004638672,Stop,Stepping
1780509911.667729,21947.653716055,-1.3866409063339233,-55.647098541259766,89.07061004638672,1.3866409063339233,-55.647098541259766,89.07061004638672,-1.3866409063339233,-55.647090911865234,89.07061004638672,1.3866409063339233,-55.647090911865234,89.07061004638672,Stop,Stepping
1780509911.687668,21947.676290453,-1.3866409063339233,-55.647098541259766,89.07061004638672,1.3866409063339233,-55.647098541259766,89.07061004638672,-1.3866409063339233,-55.647090911865234,89.07061004638672,1.3866409063339233,-55.647090911865234,89.07061004638672,Stop,Stepping
1780509911.7076776,21947.693441878,-1.3866409063339233,-55.647098541259766,89.07061004638672,1.3866409063339233,-55.647098541259766,89.07061004638672,-1.3866409063339233,-55.647090911865234,89.07061004638672,1.3866409063339233,-55.647090911865234,89.07061004638672,Stop,Stepping
1780509911.7276921,21947.713534473,-1.3866409063339233,-55.647098541259766,89.07061004638672,1.3866409063339233,-55.647098541259766,89.07061004638672,-1.3866409063339233,-55.647090911865234,89.07061004638672,1.3866409063339233,-55.647090911865234,89.07061004638672,Stop,Stepping
1780509911.7477396,21947.733641534,-1.3866409063339233,-55.647098541259766,89.07061004638672,1.3866409063339233,-55.647098541259766,89.07061004638672,-1.3866409063339233,-55.647090911865234,89.07061004638672,1.3866409063339233,-55.647090911865234,89.07061004638672,Stop,Stepping
1780509911.7676897,21947.753064588,-1.3866409063339233,-55.647098541259766,89.07061004638672,1.3866409063339233,-55.647098541259766,89.07061004638672,-1.3866409063339233,-55.647090911865234,89.07061004638672,1.3866409063339233,-55.647090911865234,89.07061004638672,Stop,Stepping
1780509911.7876868,21947.775846788,-1.3866409063339233,-55.647098541259766,89.07061004638672,1.3866409063339233,-55.647098541259766,89.07061004638672,-1.3866409063339233,-55.647090911865234,89.07061004638672,1.3866409063339233,-55.647090911865234,89.07061004638672,Stop,Stepping
1780509911.8076806,21947.793322665,-1.3866409063339233,-55.647098541259766,89.07061004638672,1.3866409063339233,-55.647098541259766,89.07061004638672,-1.3866409063339233,-55.647090911865234,89.07061004638672,1.3866409063339233,-55.647090911865234,89.07061004638672,Stop,Stepping
1780509911.8276894,21947.812987611,-1.3866409063339233,-55.647098541259766,89.07061004638672,1.3866409063339233,-55.647098541259766,89.07061004638672,-1.3866409063339233,-55.647090911865234,89.07061004638672,1.3866409063339233,-55.647090911865234,89.07061004638672,Stop,Stepping
1780509911.8477266,21947.83328361,-1.3866409063339233,-55.647098541259766,89.07061004638672,1.3866409063339233,-55.647098541259766,89.07061004638672,-1.3866409063339233,-55.647090911865234,89.07061004638672,1.3866409063339233,-55.647090911865234,89.07061004638672,Stop,Stepping
1780509911.8677273,21947.85319017,-1.3866409063339233,-55.647098541259766,89.07061004638672,1.3866409063339233,-55.647098541259766,89.07061004638672,-1.3866409063339233,-55.647090911865234,89.07061004638672,1.3866409063339233,-55.647090911865234,89.07061004638672,Stop,Stepping
1780509911.887731,21947.873079621,-1.3866409063339233,-55.647098541259766,89.07061004638672,1.3866409063339233,-55.647098541259766,89.07061004638672,-1.3866409063339233,-55.647090911865234,89.07061004638672,1.3866409063339233,-55.647090911865234,89.07061004638672,Stop,Stepping
1780509911.907698,21947.893542181,-1.3866409063339233,-55.647098541259766,89.07061004638672,1.3866409063339233,-55.647098541259766,89.07061004638672,-1.3866409063339233,-55.647090911865234,89.07061004638672,1.3866409063339233,-55.647090911865234,89.07061004638672,Stop,Stepping
1780509911.9277017,21947.913194679,-1.3866409063339233,-55.647098541259766,89.07061004638672,1.3866409063339233,-55.647098541259766,89.07061004638672,-1.3866409063339233,-55.647090911865234,89.07061004638672,1.3866409063339233,-55.647090911865234,89.07061004638672,Stop,Stepping
1780509911.9477472,21947.935193738,-1.3866409063339233,-55.647098541259766,89.07061004638672,1.3866409063339233,-55.647098541259766,89.07061004638672,-1.3866409063339233,-55.647090911865234,89.07061004638672,1.3866409063339233,-55.647090911865234,89.07061004638672,Stop,Stepping
1780509911.967701,21947.95334392,-1.3866409063339233,-55.647098541259766,89.07061004638672,1.3866409063339233,-55.647098541259766,89.07061004638672,-1.3866409063339233,-55.647090911865234,89.07061004638672,1.3866409063339233,-55.647090911865234,89.07061004638672,Stop,Stepping
1780509911.9877708,21947.973930637,-1.3866409063339233,-55.647098541259766,89.07061004638672,1.3866409063339233,-55.647098541259766,89.07061004638672,-1.3866409063339233,-55.647090911865234,89.07061004638672,1.3866409063339233,-55.647090911865234,89.07061004638672,Stop,Stepping
1780509912.0076904,21947.994288082,-1.3866409063339233,-55.647098541259766,89.07061004638672,1.3866409063339233,-55.647098541259766,89.07061004638672,-1.3866409063339233,-55.647090911865234,89.07061004638672,1.3866409063339233,-55.647090911865234,89.07061004638672,Stop,Stepping
1780509912.027686,21948.013870126,-1.3866409063339233,-55.647098541259766,89.07061004638672,1.3866409063339233,-55.647098541259766,89.07061004638672,-1.3866409063339233,-55.647090911865234,89.07061004638672,1.3866409063339233,-55.647090911865234,89.07061004638672,Stop,Stepping
1780509912.047681,21948.03340988,-1.3866409063339233,-55.647098541259766,89.07061004638672,1.3866409063339233,-55.647098541259766,89.07061004638672,-1.3866409063339233,-55.647090911865234,89.07061004638672,1.3866409063339233,-55.647090911865234,89.07061004638672,Stop,Stepping
1780509912.06769,21948.055231304,-1.3866409063339233,-55.647098541259766,89.07061004638672,1.3866409063339233,-55.647098541259766,89.07061004638672,-1.3866409063339233,-55.647090911865234,89.07061004638672,1.3866409063339233,-55.647090911865234,89.07061004638672,Stop,Stepping
1780509912.0876987,21948.073570647,-1.3866409063339233,-55.647098541259766,89.07061004638672,1.3866409063339233,-55.647098541259766,89.07061004638672,-1.3866409063339233,-55.647090911865234,89.07061004638672,1.3866409063339233,-55.647090911865234,89.07061004638672,Stop,Stepping
1780509912.107732,21948.094634009,-1.3866409063339233,-55.647098541259766,89.07061004638672,1.3866409063339233,-55.647098541259766,89.07061004638672,-1.3866409063339233,-55.647090911865234,89.07061004638672,1.3866409063339233,-55.647090911865234,89.07061004638672,Stop,Stepping
1780509912.1277475,21948.114066359,-1.3866409063339233,-55.647098541259766,89.07061004638672,1.3866409063339233,-55.647098541259766,89.07061004638672,-1.3866409063339233,-55.647090911865234,89.07061004638672,1.3866409063339233,-55.647090911865234,89.07061004638672,Stop,Stepping
1780509912.1476917,21948.134467239,-1.3866409063339233,-55.647098541259766,89.07061004638672,1.3866409063339233,-55.647098541259766,89.07061004638672,-1.3866409063339233,-55.647090911865234,89.07061004638672,1.3866409063339233,-55.647090911865234,89.07061004638672,Stop,Stepping
1780509912.1677337,21948.153199132,-1.3866409063339233,-55.647098541259766,89.07061004638672,1.3866409063339233,-55.647098541259766,89.07061004638672,-1.3866409063339233,-55.647090911865234,89.07061004638672,1.3866409063339233,-55.647090911865234,89.07061004638672,Stop,Stepping
1780509912.1876993,21948.172926941,-1.3866409063339233,-55.647098541259766,89.07061004638672,1.3866409063339233,-55.647098541259766,89.07061004638672,-1.3866409063339233,-55.647090911865234,89.07061004638672,1.3866409063339233,-55.647090911865234,89.07061004638672,Stop,Stepping
1780509912.2077467,21948.193147114,-1.3866409063339233,-55.647098541259766,89.07061004638672,1.3866409063339233,-55.647098541259766,89.07061004638672,-1.3866409063339233,-55.647090911865234,89.07061004638672,1.3866409063339233,-55.647090911865234,89.07061004638672,Stop,Stepping
1780509912.2276971,21948.213293105,-1.3866409063339233,-55.647098541259766,89.07061004638672,1.3866409063339233,-55.647098541259766,89.07061004638672,-1.3866409063339233,-55.647090911865234,89.07061004638672,1.3866409063339233,-55.647090911865234,89.07061004638672,Stop,Stepping
1780509912.2477531,21948.233460364,-1.3866409063339233,-55.647098541259766,89.07061004638672,1.3866409063339233,-55.647098541259766,89.07061004638672,-1.3866409063339233,-55.647090911865234,89.07061004638672,1.3866409063339233,-55.647090911865234,89.07061004638672,Stop,Stepping
1780509912.267696,21948.25345502,-1.3866409063339233,-55.647098541259766,89.07061004638672,1.3866409063339233,-55.647098541259766,89.07061004638672,-1.3866409063339233,-55.647090911865234,89.07061004638672,1.3866409063339233,-55.647090911865234,89.07061004638672,Stop,Stepping
1780509912.287678,21948.273067884,-1.3866409063339233,-55.647098541259766,89.07061004638672,1.3866409063339233,-55.647098541259766,89.07061004638672,-1.3866409063339233,-55.647090911865234,89.07061004638672,1.3866409063339233,-55.647090911865234,89.07061004638672,Stop,Stepping
1780509912.3076985,21948.293117355,-1.3866409063339233,-55.647098541259766,89.07061004638672,1.3866409063339233,-55.647098541259766,89.07061004638672,-1.3866409063339233,-55.647090911865234,89.07061004638672,1.3866409063339233,-55.647090911865234,89.07061004638672,Stop,Stepping
1780509912.3276935,21948.313339721,-1.3866409063339233,-55.647098541259766,89.07061004638672,1.3866409063339233,-55.647098541259766,89.07061004638672,-1.3866409063339233,-55.647090911865234,89.07061004638672,1.3866409063339233,-55.647090911865234,89.07061004638672,Stop,Stepping
1780509912.3477013,21948.333047611,-1.3866409063339233,-55.647098541259766,89.07061004638672,1.3866409063339233,-55.647098541259766,89.07061004638672,-1.3866409063339233,-55.647090911865234,89.07061004638672,1.3866409063339233,-55.647090911865234,89.07061004638672,Stop,Stepping
1780509912.367701,21948.353014877,-1.3866409063339233,-55.647098541259766,89.07061004638672,1.3866409063339233,-55.647098541259766,89.07061004638672,-1.3866409063339233,-55.647090911865234,89.07061004638672,1.3866409063339233,-55.647090911865234,89.07061004638672,Stop,Stepping
1780509912.3877132,21948.373684594,-1.3866409063339233,-55.647098541259766,89.07061004638672,1.3866409063339233,-55.647098541259766,89.07061004638672,-1.3866409063339233,-55.647090911865234,89.07061004638672,1.3866409063339233,-55.647090911865234,89.07061004638672,Stop,Stepping
1780509912.4077463,21948.395239252,-1.3866409063339233,-55.647098541259766,89.07061004638672,1.3866409063339233,-55.647098541259766,89.07061004638672,-1.3866409063339233,-55.647090911865234,89.07061004638672,1.3866409063339233,-55.647090911865234,89.07061004638672,Stop,Stepping
1780509912.4277568,21948.414335115,-1.3866409063339233,-55.647098541259766,89.07061004638672,1.3866409063339233,-55.647098541259766,89.07061004638672,-1.3866409063339233,-55.647090911865234,89.07061004638672,1.3866409063339233,-55.647090911865234,89.07061004638672,Stop,Stepping
1780509912.4477048,21948.433747025,-1.3866409063339233,-55.647098541259766,89.07061004638672,1.3866409063339233,-55.647098541259766,89.07061004638672,-1.3866409063339233,-55.647090911865234,89.07061004638672,1.3866409063339233,-55.647090911865234,89.07061004638672,Stop,Stepping
1780509912.467762,21948.457267454,-1.3866409063339233,-55.647098541259766,89.07061004638672,1.3866409063339233,-55.647098541259766,89.07061004638672,-1.3866409063339233,-55.647090911865234,89.07061004638672,1.3866409063339233,-55.647090911865234,89.07061004638672,Stop,Stepping
1780509912.4876835,21948.47446924,-1.3866409063339233,-55.647098541259766,89.07061004638672,1.3866409063339233,-55.647098541259766,89.07061004638672,-1.3866409063339233,-55.647090911865234,89.07061004638672,1.3866409063339233,-55.647090911865234,89.07061004638672,Stop,Stepping
1780509912.5077136,21948.493174087,-1.3866409063339233,-55.647098541259766,89.07061004638672,1.3866409063339233,-55.647098541259766,89.07061004638672,-1.3866409063339233,-55.647090911865234,89.07061004638672,1.3866409063339233,-55.647090911865234,89.07061004638672,Stop,Stepping
1780509912.5277183,21948.513386835,-1.3866409063339233,-55.647098541259766,89.07061004638672,1.3866409063339233,-55.647098541259766,89.07061004638672,-1.3866409063339233,-55.647090911865234,89.07061004638672,1.3866409063339233,-55.647090911865234,89.07061004638672,Stop,Stepping
1780509912.547702,21948.533469087,-1.3866409063339233,-55.647098541259766,89.07061004638672,1.3866409063339233,-55.647098541259766,89.07061004638672,-1.3866409063339233,-55.647090911865234,89.07061004638672,1.3866409063339233,-55.647090911865234,89.07061004638672,Stop,Stepping
1780509912.5677485,21948.553323402,-1.3866409063339233,-55.647098541259766,89.07061004638672,1.3866409063339233,-55.647098541259766,89.07061004638672,-1.3866409063339233,-55.647090911865234,89.07061004638672,1.3866409063339233,-55.647090911865234,89.07061004638672,Stop,Stepping
1780509912.5878372,21948.574304113,-1.3866409063339233,-55.647098541259766,89.07061004638672,1.3866409063339233,-55.647098541259766,89.07061004638672,-1.3866409063339233,-55.647090911865234,89.07061004638672,1.3866409063339233,-55.647090911865234,89.07061004638672,Stop,Stepping
1780509912.607679,21948.595225061,-1.3866409063339233,-55.647098541259766,89.07061004638672,1.3866409063339233,-55.647098541259766,89.07061004638672,-1.3866409063339233,-55.647090911865234,89.07061004638672,1.3866409063339233,-55.647090911865234,89.07061004638672,Stop,Stepping
1780509912.627688,21948.614276906,-1.3866409063339233,-55.647098541259766,89.07061004638672,1.3866409063339233,-55.647098541259766,89.07061004638672,-1.3866409063339233,-55.647090911865234,89.07061004638672,1.3866409063339233,-55.647090911865234,89.07061004638672,Stop,Stepping
1780509912.6477492,21948.633940438,-1.3866409063339233,-55.647098541259766,89.07061004638672,1.3866409063339233,-55.647098541259766,89.07061004638672,-1.3866409063339233,-55.647090911865234,89.07061004638672,1.3866409063339233,-55.647090911865234,89.07061004638672,Stop,Stepping
1780509912.6677525,21948.654264327,-1.3866409063339233,-55.647098541259766,89.07061004638672,1.3866409063339233,-55.647098541259766,89.07061004638672,-1.3866409063339233,-55.647090911865234,89.07061004638672,1.3866409063339233,-55.647090911865234,89.07061004638672,Stop,Stepping
1780509912.6877036,21948.673663114,-1.3866409063339233,-55.647098541259766,89.07061004638672,1.3866409063339233,-55.647098541259766,89.07061004638672,-1.3866409063339233,-55.647090911865234,89.07061004638672,1.3866409063339233,-55.647090911865234,89.07061004638672,Stop,Stepping
1780509912.7077076,21948.69341954,-1.3866409063339233,-55.647098541259766,89.07061004638672,1.3866409063339233,-55.647098541259766,89.07061004638672,-1.3866409063339233,-55.647090911865234,89.07061004638672,1.3866409063339233,-55.647090911865234,89.07061004638672,Stop,Stepping
1780509912.7276902,21948.713845979,-1.3866409063339233,-55.647098541259766,89.07061004638672,1.3866409063339233,-55.647098541259766,89.07061004638672,-1.3866409063339233,-55.647090911865234,89.07061004638672,1.3866409063339233,-55.647090911865234,89.07061004638672,Stop,Stepping
1780509912.7477224,21948.733275309,-1.3866409063339233,-55.647098541259766,89.07061004638672,1.3866409063339233,-55.647098541259766,89.07061004638672,-1.3866409063339233,-55.647090911865234,89.07061004638672,1.3866409063339233,-55.647090911865234,89.07061004638672,Stop,Stepping
1780509912.7677114,21948.753428138,-1.3866409063339233,-55.647098541259766,89.07061004638672,1.3866409063339233,-55.647098541259766,89.07061004638672,-1.3866409063339233,-55.647090911865234,89.07061004638672,1.3866409063339233,-55.647090911865234,89.07061004638672,Stop,Stepping
1780509912.7877603,21948.773957356,-1.3866409063339233,-55.647098541259766,89.07061004638672,1.3866409063339233,-55.647098541259766,89.07061004638672,-1.3866409063339233,-55.647090911865234,89.07061004638672,1.3866409063339233,-55.647090911865234,89.07061004638672,Stop,Stepping
1780509912.8077283,21948.79308137,-1.3866409063339233,-55.647098541259766,89.07061004638672,1.3866409063339233,-55.647098541259766,89.07061004638672,-1.3866409063339233,-55.647090911865234,89.07061004638672,1.3866409063339233,-55.647090911865234,89.07061004638672,Stop,Stepping
1780509912.827757,21948.813590864,-1.3866409063339233,-55.647098541259766,89.07061004638672,1.3866409063339233,-55.647098541259766,89.07061004638672,-1.3866409063339233,-55.647090911865234,89.07061004638672,1.3866409063339233,-55.647090911865234,89.07061004638672,Stop,Stepping
1780509912.8477104,21948.833115315,-1.3866409063339233,-55.647098541259766,89.07061004638672,1.3866409063339233,-55.647098541259766,89.07061004638672,-1.3866409063339233,-55.647090911865234,89.07061004638672,1.3866409063339233,-55.647090911865234,89.07061004638672,Stop,Stepping
1780509912.8677099,21948.853594619,-1.3866409063339233,-55.647098541259766,89.07061004638672,1.3866409063339233,-55.647098541259766,89.07061004638672,-1.3866409063339233,-55.647090911865234,89.07061004638672,1.3866409063339233,-55.647090911865234,89.07061004638672,Stop,Stepping
1780509912.8877058,21948.873133972,-1.3866409063339233,-55.647098541259766,89.07061004638672,1.3866409063339233,-55.647098541259766,89.07061004638672,-1.3866409063339233,-55.647090911865234,89.07061004638672,1.3866409063339233,-55.647090911865234,89.07061004638672,Stop,Stepping
1780509912.9077144,21948.893283247,-1.3866409063339233,-55.647098541259766,89.07061004638672,1.3866409063339233,-55.647098541259766,89.07061004638672,-1.3866409063339233,-55.647090911865234,89.07061004638672,1.3866409063339233,-55.647090911865234,89.07061004638672,Stop,Stepping
1780509912.927679,21948.912990866,-1.3866409063339233,-55.647098541259766,89.07061004638672,1.3866409063339233,-55.647098541259766,89.07061004638672,-1.3866409063339233,-55.647090911865234,89.07061004638672,1.3866409063339233,-55.647090911865234,89.07061004638672,Stop,Stepping
1780509912.9477215,21948.933220482,-1.3866409063339233,-55.647098541259766,89.07061004638672,1.3866409063339233,-55.647098541259766,89.07061004638672,-1.3866409063339233,-55.647090911865234,89.07061004638672,1.3866409063339233,-55.647090911865234,89.07061004638672,Stop,Stepping
1780509912.9677064,21948.953582328,-1.3866409063339233,-55.647098541259766,89.07061004638672,1.3866409063339233,-55.647098541259766,89.07061004638672,-1.3866409063339233,-55.647090911865234,89.07061004638672,1.3866409063339233,-55.647090911865234,89.07061004638672,Stop,Stepping
1780509912.9876974,21948.974196175,-1.3866409063339233,-55.647098541259766,89.07061004638672,1.3866409063339233,-55.647098541259766,89.07061004638672,-1.3866409063339233,-55.647090911865234,89.07061004638672,1.3866409063339233,-55.647090911865234,89.07061004638672,Stop,Stepping
1780509913.0077212,21948.993085207,-1.3866409063339233,-55.647098541259766,89.07061004638672,1.3866409063339233,-55.647098541259766,89.07061004638672,-1.3866409063339233,-55.647090911865234,89.07061004638672,1.3866409063339233,-55.647090911865234,89.07061004638672,Stop,Stepping
1780509913.027773,21949.013065422,-1.3866409063339233,-55.647098541259766,89.07061004638672,1.3866409063339233,-55.647098541259766,89.07061004638672,-1.3866409063339233,-55.647090911865234,89.07061004638672,1.3866409063339233,-55.647090911865234,89.07061004638672,Stop,Stepping
1780509913.047719,21949.033868171,-1.3866409063339233,-55.647098541259766,89.07061004638672,1.3866409063339233,-55.647098541259766,89.07061004638672,-1.3866409063339233,-55.647090911865234,89.07061004638672,1.3866409063339233,-55.647090911865234,89.07061004638672,Stop,Stepping
1780509913.0677974,21949.054718441,-1.3866409063339233,-55.647098541259766,89.07061004638672,1.3866409063339233,-55.647098541259766,89.07061004638672,-1.3866409063339233,-55.647090911865234,89.07061004638672,1.3866409063339233,-55.647090911865234,89.07061004638672,Stop,Stepping
1780509913.087713,21949.07387536,-1.3866409063339233,-55.647098541259766,89.07061004638672,1.3866409063339233,-55.647098541259766,89.07061004638672,-1.3866409063339233,-55.647090911865234,89.07061004638672,1.3866409063339233,-55.647090911865234,89.07061004638672,Stop,Stepping
1780509913.10776,21949.093142239,-1.3866409063339233,-55.647098541259766,89.07061004638672,1.3866409063339233,-55.647098541259766,89.07061004638672,-1.3866409063339233,-55.647090911865234,89.07061004638672,1.3866409063339233,-55.647090911865234,89.07061004638672,Stop,Stepping
1780509913.127749,21949.113698396,-1.3866409063339233,-55.647098541259766,89.07061004638672,1.3866409063339233,-55.647098541259766,89.07061004638672,-1.3866409063339233,-55.647090911865234,89.07061004638672,1.3866409063339233,-55.647090911865234,89.07061004638672,Stop,Stepping
1780509913.1477165,21949.13391849,-1.3866409063339233,-55.647098541259766,89.07061004638672,1.3866409063339233,-55.647098541259766,89.07061004638672,-1.3866409063339233,-55.647090911865234,89.07061004638672,1.3866409063339233,-55.647090911865234,89.07061004638672,Stop,Stepping
1780509913.1677165,21949.153705806,-1.3866409063339233,-55.647098541259766,89.07061004638672,1.3866409063339233,-55.647098541259766,89.07061004638672,-1.3866409063339233,-55.647090911865234,89.07061004638672,1.3866409063339233,-55.647090911865234,89.07061004638672,Stop,Stepping
1780509913.1877766,21949.172946049,-1.3866409063339233,-55.647098541259766,89.07061004638672,1.3866409063339233,-55.647098541259766,89.07061004638672,-1.3866409063339233,-55.647090911865234,89.07061004638672,1.3866409063339233,-55.647090911865234,89.07061004638672,Stop,Stepping
1780509913.2077541,21949.193270293,-1.3866409063339233,-55.647098541259766,89.07061004638672,1.3866409063339233,-55.647098541259766,89.07061004638672,-1.3866409063339233,-55.647090911865234,89.07061004638672,1.3866409063339233,-55.647090911865234,89.07061004638672,Stop,Stepping
1780509913.2277045,21949.213473436,-1.3866409063339233,-55.647098541259766,89.07061004638672,1.3866409063339233,-55.647098541259766,89.07061004638672,-1.3866409063339233,-55.647090911865234,89.07061004638672,1.3866409063339233,-55.647090911865234,89.07061004638672,Stop,Stepping
1780509913.2477262,21949.233067449,-1.3866409063339233,-55.647098541259766,89.07061004638672,1.3866409063339233,-55.647098541259766,89.07061004638672,-1.3866409063339233,-55.647090911865234,89.07061004638672,1.3866409063339233,-55.647090911865234,89.07061004638672,Stop,Stepping
1780509913.2677186,21949.253353937,-1.3866409063339233,-55.647098541259766,89.07061004638672,1.3866409063339233,-55.647098541259766,89.07061004638672,-1.3866409063339233,-55.647090911865234,89.07061004638672,1.3866409063339233,-55.647090911865234,89.07061004638672,Stop,Stepping
1780509913.287753,21949.273785519,-1.3866409063339233,-55.647098541259766,89.07061004638672,1.3866409063339233,-55.647098541259766,89.07061004638672,-1.3866409063339233,-55.647090911865234,89.07061004638672,1.3866409063339233,-55.647090911865234,89.07061004638672,Stop,Stepping
1780509913.307709,21949.293321806,-1.3866409063339233,-55.647098541259766,89.07061004638672,1.3866409063339233,-55.647098541259766,89.07061004638672,-1.3866409063339233,-55.647090911865234,89.07061004638672,1.3866409063339233,-55.647090911865234,89.07061004638672,Stop,Stepping
1780509913.3277125,21949.313058936,-1.3866409063339233,-55.647098541259766,89.07061004638672,1.3866409063339233,-55.647098541259766,89.07061004638672,-1.3866409063339233,-55.647090911865234,89.07061004638672,1.3866409063339233,-55.647090911865234,89.07061004638672,Stop,Stepping
1780509913.3477168,21949.333315174,-1.3866409063339233,-55.647098541259766,89.07061004638672,1.3866409063339233,-55.647098541259766,89.07061004638672,-1.3866409063339233,-55.647090911865234,89.07061004638672,1.3866409063339233,-55.647090911865234,89.07061004638672,Stop,Stepping
1780509913.367716,21949.353475917,-1.3866409063339233,-55.647098541259766,89.07061004638672,1.3866409063339233,-55.647098541259766,89.07061004638672,-1.3866409063339233,-55.647090911865234,89.07061004638672,1.3866409063339233,-55.647090911865234,89.07061004638672,Stop,Stepping
1780509913.3877037,21949.37367253,-1.3866409063339233,-55.647098541259766,89.07061004638672,1.3866409063339233,-55.647098541259766,89.07061004638672,-1.3866409063339233,-55.647090911865234,89.07061004638672,1.3866409063339233,-55.647090911865234,89.07061004638672,Stop,Stepping
1780509913.4077146,21949.394434217,-1.3866409063339233,-55.647098541259766,89.07061004638672,1.3866409063339233,-55.647098541259766,89.07061004638672,-1.3866409063339233,-55.647090911865234,89.07061004638672,1.3866409063339233,-55.647090911865234,89.07061004638672,Stop,Stepping
1780509913.4277048,21949.415243017,-1.3866409063339233,-55.647098541259766,89.07061004638672,1.3866409063339233,-55.647098541259766,89.07061004638672,-1.3866409063339233,-55.647090911865234,89.07061004638672,1.3866409063339233,-55.647090911865234,89.07061004638672,Stop,Stepping
1780509913.447706,21949.433810841,-1.3866409063339233,-55.647098541259766,89.07061004638672,1.3866409063339233,-55.647098541259766,89.07061004638672,-1.3866409063339233,-55.647090911865234,89.07061004638672,1.3866409063339233,-55.647090911865234,89.07061004638672,Stop,Stepping
1780509913.4677699,21949.454769891,-1.3866409063339233,-55.647098541259766,89.07061004638672,1.3866409063339233,-55.647098541259766,89.07061004638672,-1.3866409063339233,-55.647090911865234,89.07061004638672,1.3866409063339233,-55.647090911865234,89.07061004638672,Stop,Stepping
1780509913.4877088,21949.47524007,-1.3866409063339233,-55.647098541259766,89.07061004638672,1.3866409063339233,-55.647098541259766,89.07061004638672,-1.3866409063339233,-55.647090911865234,89.07061004638672,1.3866409063339233,-55.647090911865234,89.07061004638672,Stop,Stepping
1780509913.5077572,21949.493780049,-1.3866409063339233,-55.647098541259766,89.07061004638672,1.3866409063339233,-55.647098541259766,89.07061004638672,-1.3866409063339233,-55.647090911865234,89.07061004638672,1.3866409063339233,-55.647090911865234,89.07061004638672,Stop,Stepping
1780509913.5277355,21949.51412323,-1.3866409063339233,-55.647098541259766,89.07061004638672,1.3866409063339233,-55.647098541259766,89.07061004638672,-1.3866409063339233,-55.647090911865234,89.07061004638672,1.3866409063339233,-55.647090911865234,89.07061004638672,Stop,Stepping
1780509913.547663,21949.534323015,-1.3866409063339233,-55.647098541259766,89.07061004638672,1.3866409063339233,-55.647098541259766,89.07061004638672,-1.3866409063339233,-55.647090911865234,89.07061004638672,1.3866409063339233,-55.647090911865234,89.07061004638672,Stop,Stepping
1780509913.5677345,21949.553762903,-1.3866409063339233,-55.647098541259766,89.07061004638672,1.3866409063339233,-55.647098541259766,89.07061004638672,-1.3866409063339233,-55.647090911865234,89.07061004638672,1.3866409063339233,-55.647090911865234,89.07061004638672,Stop,Stepping
1780509913.587757,21949.573759509,-1.3866409063339233,-55.647098541259766,89.07061004638672,1.3866409063339233,-55.647098541259766,89.07061004638672,-1.3866409063339233,-55.647090911865234,89.07061004638672,1.3866409063339233,-55.647090911865234,89.07061004638672,Stop,Stepping
1780509913.6077676,21949.594201423,-1.3866409063339233,-55.647098541259766,89.07061004638672,1.3866409063339233,-55.647098541259766,89.07061004638672,-1.3866409063339233,-55.647090911865234,89.07061004638672,1.3866409063339233,-55.647090911865234,89.07061004638672,Stop,Stepping
1780509913.627758,21949.614199153,-1.3866409063339233,-55.647098541259766,89.07061004638672,1.3866409063339233,-55.647098541259766,89.07061004638672,-1.3866409063339233,-55.647090911865234,89.07061004638672,1.3866409063339233,-55.647090911865234,89.07061004638672,Stop,Stepping
1780509913.6477625,21949.63395588,-1.3866409063339233,-55.647098541259766,89.07061004638672,1.3866409063339233,-55.647098541259766,89.07061004638672,-1.3866409063339233,-55.647090911865234,89.07061004638672,1.3866409063339233,-55.647090911865234,89.07061004638672,Stop,Stepping
1780509913.6677675,21949.653324173,-1.3866409063339233,-55.647098541259766,89.07061004638672,1.3866409063339233,-55.647098541259766,89.07061004638672,-1.3866409063339233,-55.647090911865234,89.07061004638672,1.3866409063339233,-55.647090911865234,89.07061004638672,Stop,Stepping
1780509913.6877692,21949.673405562,-1.3866409063339233,-55.647098541259766,89.07061004638672,1.3866409063339233,-55.647098541259766,89.07061004638672,-1.3866409063339233,-55.647090911865234,89.07061004638672,1.3866409063339233,-55.647090911865234,89.07061004638672,Stop,Stepping
1780509913.7077649,21949.695210739,-1.3866409063339233,-55.647098541259766,89.07061004638672,1.3866409063339233,-55.647098541259766,89.07061004638672,-1.3866409063339233,-55.647090911865234,89.07061004638672,1.3866409063339233,-55.647090911865234,89.07061004638672,Stop,Stepping
1780509913.7277179,21949.713889792,-1.3866409063339233,-55.647098541259766,89.07061004638672,1.3866409063339233,-55.647098541259766,89.07061004638672,-1.3866409063339233,-55.647090911865234,89.07061004638672,1.3866409063339233,-55.647090911865234,89.07061004638672,Stop,Stepping
1780509913.7477293,21949.733659225,-1.3866409063339233,-55.647098541259766,89.07061004638672,1.3866409063339233,-55.647098541259766,89.07061004638672,-1.3866409063339233,-55.647090911865234,89.07061004638672,1.3866409063339233,-55.647090911865234,89.07061004638672,Stop,Stepping
1780509913.7677143,21949.753289827,-1.3866409063339233,-55.647098541259766,89.07061004638672,1.3866409063339233,-55.647098541259766,89.07061004638672,-1.3866409063339233,-55.647090911865234,89.07061004638672,1.3866409063339233,-55.647090911865234,89.07061004638672,Stop,Stepping
1780509913.7877197,21949.773117485,-1.3866409063339233,-55.647098541259766,89.07061004638672,1.3866409063339233,-55.647098541259766,89.07061004638672,-1.3866409063339233,-55.647090911865234,89.07061004638672,1.3866409063339233,-55.647090911865234,89.07061004638672,Stop,Stepping
1780509913.8077269,21949.79363317,-1.3866409063339233,-55.647098541259766,89.07061004638672,1.3866409063339233,-55.647098541259766,89.07061004638672,-1.3866409063339233,-55.647090911865234,89.07061004638672,1.3866409063339233,-55.647090911865234,89.07061004638672,Stop,Stepping
1780509913.8277125,21949.813807509,-1.3866409063339233,-55.647098541259766,89.07061004638672,1.3866409063339233,-55.647098541259766,89.07061004638672,-1.3866409063339233,-55.647090911865234,89.07061004638672,1.3866409063339233,-55.647090911865234,89.07061004638672,Stop,Stepping
1780509913.8477914,21949.8352172,-1.3866409063339233,-55.647098541259766,89.07061004638672,1.3866409063339233,-55.647098541259766,89.07061004638672,-1.3866409063339233,-55.647090911865234,89.07061004638672,1.3866409063339233,-55.647090911865234,89.07061004638672,Stop,Stepping
1780509913.8677733,21949.853555477,-1.3866409063339233,-55.647098541259766,89.07061004638672,1.3866409063339233,-55.647098541259766,89.07061004638672,-1.3866409063339233,-55.647090911865234,89.07061004638672,1.3866409063339233,-55.647090911865234,89.07061004638672,Stop,Stepping
1780509913.887772,21949.873103323,-1.3866409063339233,-55.647098541259766,89.07061004638672,1.3866409063339233,-55.647098541259766,89.07061004638672,-1.3866409063339233,-55.647090911865234,89.07061004638672,1.3866409063339233,-55.647090911865234,89.07061004638672,Stop,Stepping
1780509913.9077227,21949.893088741,-1.3866409063339233,-55.647098541259766,89.07061004638672,1.3866409063339233,-55.647098541259766,89.07061004638672,-1.3866409063339233,-55.647090911865234,89.07061004638672,1.3866409063339233,-55.647090911865234,89.07061004638672,Stop,Stepping
1780509913.927775,21949.913241113,-1.3866409063339233,-55.647098541259766,89.07061004638672,1.3866409063339233,-55.647098541259766,89.07061004638672,-1.3866409063339233,-55.647090911865234,89.07061004638672,1.3866409063339233,-55.647090911865234,89.07061004638672,Stop,Stepping
1780509913.947728,21949.934079032,-1.3866409063339233,-55.647098541259766,89.07061004638672,1.3866409063339233,-55.647098541259766,89.07061004638672,-1.3866409063339233,-55.647090911865234,89.07061004638672,1.3866409063339233,-55.647090911865234,89.07061004638672,Stop,Stepping
1780509913.9677663,21949.953454128,-1.3866409063339233,-55.647098541259766,89.07061004638672,1.3866409063339233,-55.647098541259766,89.07061004638672,-1.3866409063339233,-55.647090911865234,89.07061004638672,1.3866409063339233,-55.647090911865234,89.07061004638672,Stop,Stepping
1780509913.9877255,21949.974032324,-1.3866409063339233,-55.647098541259766,89.07061004638672,1.3866409063339233,-55.647098541259766,89.07061004638672,-1.3866409063339233,-55.647090911865234,89.07061004638672,1.3866409063339233,-55.647090911865234,89.07061004638672,Stop,Stepping
1780509914.0077274,21949.993083619,-1.3866409063339233,-55.647098541259766,89.07061004638672,1.3866409063339233,-55.647098541259766,89.07061004638672,-1.3866409063339233,-55.647090911865234,89.07061004638672,1.3866409063339233,-55.647090911865234,89.07061004638672,Stop,Stepping
1780509914.0277238,21950.01341241,-1.3866409063339233,-55.647098541259766,89.07061004638672,1.3866409063339233,-55.647098541259766,89.07061004638672,-1.3866409063339233,-55.647090911865234,89.07061004638672,1.3866409063339233,-55.647090911865234,89.07061004638672,Stop,Stepping
1780509914.047725,21950.033850766,-1.3866409063339233,-55.647098541259766,89.07061004638672,1.3866409063339233,-55.647098541259766,89.07061004638672,-1.3866409063339233,-55.647090911865234,89.07061004638672,1.3866409063339233,-55.647090911865234,89.07061004638672,Stop,Stepping
1780509914.0677145,21950.053793703,-1.3866409063339233,-55.647098541259766,89.07061004638672,1.3866409063339233,-55.647098541259766,89.07061004638672,-1.3866409063339233,-55.647090911865234,89.07061004638672,1.3866409063339233,-55.647090911865234,89.07061004638672,Stop,Stepping
1780509914.0877173,21950.078615495,-1.3866409063339233,-55.647098541259766,89.07061004638672,1.3866409063339233,-55.647098541259766,89.07061004638672,-1.3866409063339233,-55.647090911865234,89.07061004638672,1.3866409063339233,-55.647090911865234,89.07061004638672,Stop,Stepping
1780509914.1077447,21950.094126094,-1.3866409063339233,-55.647098541259766,89.07061004638672,1.3866409063339233,-55.647098541259766,89.07061004638672,-1.3866409063339233,-55.647090911865234,89.07061004638672,1.3866409063339233,-55.647090911865234,89.07061004638672,Stop,Stepping
1780509914.127785,21950.113463129,-1.3866409063339233,-55.647098541259766,89.07061004638672,1.3866409063339233,-55.647098541259766,89.07061004638672,-1.3866409063339233,-55.647090911865234,89.07061004638672,1.3866409063339233,-55.647090911865234,89.07061004638672,Stop,Stepping
1780509914.1479313,21950.133900329,-1.3866409063339233,-55.647098541259766,89.07061004638672,1.3866409063339233,-55.647098541259766,89.07061004638672,-1.3866409063339233,-55.647090911865234,89.07061004638672,1.3866409063339233,-55.647090911865234,89.07061004638672,Stop,Stepping
1780509914.16773,21950.153706984,-1.3866409063339233,-55.647098541259766,89.07061004638672,1.3866409063339233,-55.647098541259766,89.07061004638672,-1.3866409063339233,-55.647090911865234,89.07061004638672,1.3866409063339233,-55.647090911865234,89.07061004638672,Stop,Stepping
1780509914.1877277,21950.174081127,-1.3866409063339233,-55.647098541259766,89.07061004638672,1.3866409063339233,-55.647098541259766,89.07061004638672,-1.3866409063339233,-55.647090911865234,89.07061004638672,1.3866409063339233,-55.647090911865234,89.07061004638672,Stop,Stepping
1780509914.2077277,21950.193228156,-1.3866409063339233,-55.647098541259766,89.07061004638672,1.3866409063339233,-55.647098541259766,89.07061004638672,-1.3866409063339233,-55.647090911865234,89.07061004638672,1.3866409063339233,-55.647090911865234,89.07061004638672,Stop,Stepping
1780509914.2276952,21950.213667561,-1.3866409063339233,-55.647098541259766,89.07061004638672,1.3866409063339233,-55.647098541259766,89.07061004638672,-1.3866409063339233,-55.647090911865234,89.07061004638672,1.3866409063339233,-55.647090911865234,89.07061004638672,Stop,Stepping
1780509914.2477458,21950.233569171,-1.3866409063339233,-55.647098541259766,89.07061004638672,1.3866409063339233,-55.647098541259766,89.07061004638672,-1.3866409063339233,-55.647090911865234,89.07061004638672,1.3866409063339233,-55.647090911865234,89.07061004638672,Stop,Stepping
1780509914.2679296,21950.254396586,-1.3866409063339233,-55.647098541259766,89.07061004638672,1.3866409063339233,-55.647098541259766,89.07061004638672,-1.3866409063339233,-55.647090911865234,89.07061004638672,1.3866409063339233,-55.647090911865234,89.07061004638672,Stop,Stepping
1780509914.287738,21950.273074975,-1.3866409063339233,-55.647098541259766,89.07061004638672,1.3866409063339233,-55.647098541259766,89.07061004638672,-1.3866409063339233,-55.647090911865234,89.07061004638672,1.3866409063339233,-55.647090911865234,89.07061004638672,Stop,Stepping
1780509914.3077216,21950.293306234,-1.3866409063339233,-55.647098541259766,89.07061004638672,1.3866409063339233,-55.647098541259766,89.07061004638672,-1.3866409063339233,-55.647090911865234,89.07061004638672,1.3866409063339233,-55.647090911865234,89.07061004638672,Stop,Stepping
1780509914.3277395,21950.313979961,-1.3866409063339233,-55.647098541259766,89.07061004638672,1.3866409063339233,-55.647098541259766,89.07061004638672,-1.3866409063339233,-55.647090911865234,89.07061004638672,1.3866409063339233,-55.647090911865234,89.07061004638672,Stop,Stepping
1780509914.3477767,21950.336531026,-1.3866409063339233,-55.647098541259766,89.07061004638672,1.3866409063339233,-55.647098541259766,89.07061004638672,-1.3866409063339233,-55.647090911865234,89.07061004638672,1.3866409063339233,-55.647090911865234,89.07061004638672,Stop,Stepping
1780509914.367729,21950.353824067,-1.3866409063339233,-55.647098541259766,89.07061004638672,1.3866409063339233,-55.647098541259766,89.07061004638672,-1.3866409063339233,-55.647090911865234,89.07061004638672,1.3866409063339233,-55.647090911865234,89.07061004638672,Stop,Stepping
1780509914.3877454,21950.373715128,-1.3866409063339233,-55.647098541259766,89.07061004638672,1.3866409063339233,-55.647098541259766,89.07061004638672,-1.3866409063339233,-55.647090911865234,89.07061004638672,1.3866409063339233,-55.647090911865234,89.07061004638672,Stop,Stepping
1780509914.4077272,21950.392980921,-1.3866409063339233,-55.647098541259766,89.07061004638672,1.3866409063339233,-55.647098541259766,89.07061004638672,-1.3866409063339233,-55.647090911865234,89.07061004638672,1.3866409063339233,-55.647090911865234,89.07061004638672,Stop,Stepping
1780509914.4277387,21950.413131117,-1.3866409063339233,-55.647098541259766,89.07061004638672,1.3866409063339233,-55.647098541259766,89.07061004638672,-1.3866409063339233,-55.647090911865234,89.07061004638672,1.3866409063339233,-55.647090911865234,89.07061004638672,Stop,Stepping
1780509914.4477386,21950.434787822,-1.3866409063339233,-55.647098541259766,89.07061004638672,1.3866409063339233,-55.647098541259766,89.07061004638672,-1.3866409063339233,-55.647090911865234,89.07061004638672,1.3866409063339233,-55.647090911865234,89.07061004638672,Stop,Stepping
1780509914.467737,21950.453926646,-1.3866409063339233,-55.647098541259766,89.07061004638672,1.3866409063339233,-55.647098541259766,89.07061004638672,-1.3866409063339233,-55.647090911865234,89.07061004638672,1.3866409063339233,-55.647090911865234,89.07061004638672,Stop,Stepping
1780509914.487734,21950.473984248,-1.3866409063339233,-55.647098541259766,89.07061004638672,1.3866409063339233,-55.647098541259766,89.07061004638672,-1.3866409063339233,-55.647090911865234,89.07061004638672,1.3866409063339233,-55.647090911865234,89.07061004638672,Stop,Stepping
1780509914.5077415,21950.495227788,-1.3866409063339233,-55.647098541259766,89.07061004638672,1.3866409063339233,-55.647098541259766,89.07061004638672,-1.3866409063339233,-55.647090911865234,89.07061004638672,1.3866409063339233,-55.647090911865234,89.07061004638672,Stop,Stepping
1780509914.5277324,21950.513103938,-1.3866409063339233,-55.647098541259766,89.07061004638672,1.3866409063339233,-55.647098541259766,89.07061004638672,-1.3866409063339233,-55.647090911865234,89.07061004638672,1.3866409063339233,-55.647090911865234,89.07061004638672,Stop,Stepping
1780509914.5477414,21950.533537484,-1.3866409063339233,-55.647098541259766,89.07061004638672,1.3866409063339233,-55.647098541259766,89.07061004638672,-1.3866409063339233,-55.647090911865234,89.07061004638672,1.3866409063339233,-55.647090911865234,89.07061004638672,Stop,Stepping
1780509914.5677857,21950.55327788,-1.3866409063339233,-55.647098541259766,89.07061004638672,1.3866409063339233,-55.647098541259766,89.07061004638672,-1.3866409063339233,-55.647090911865234,89.07061004638672,1.3866409063339233,-55.647090911865234,89.07061004638672,Stop,Stepping
1780509914.5877411,21950.574412475,-1.3866409063339233,-55.647098541259766,89.07061004638672,1.3866409063339233,-55.647098541259766,89.07061004638672,-1.3866409063339233,-55.647090911865234,89.07061004638672,1.3866409063339233,-55.647090911865234,89.07061004638672,Stop,Stepping
1780509914.607738,21950.596166927,-1.3866409063339233,-55.647098541259766,89.07061004638672,1.3866409063339233,-55.647098541259766,89.07061004638672,-1.3866409063339233,-55.647090911865234,89.07061004638672,1.3866409063339233,-55.647090911865234,89.07061004638672,Stop,Stepping
1780509914.6277406,21950.614438643,-1.3866409063339233,-55.647098541259766,89.07061004638672,1.3866409063339233,-55.647098541259766,89.07061004638672,-1.3866409063339233,-55.647090911865234,89.07061004638672,1.3866409063339233,-55.647090911865234,89.07061004638672,Stop,Stepping
1780509914.647785,21950.633110451,-1.3866409063339233,-55.647098541259766,89.07061004638672,1.3866409063339233,-55.647098541259766,89.07061004638672,-1.3866409063339233,-55.647090911865234,89.07061004638672,1.3866409063339233,-55.647090911865234,89.07061004638672,Stop,Stepping
1780509914.6677504,21950.6533944,-1.3866409063339233,-55.647098541259766,89.07061004638672,1.3866409063339233,-55.647098541259766,89.07061004638672,-1.3866409063339233,-55.647090911865234,89.07061004638672,1.3866409063339233,-55.647090911865234,89.07061004638672,Stop,Stepping
1780509914.6877532,21950.672955899,-1.3866409063339233,-55.647098541259766,89.07061004638672,1.3866409063339233,-55.647098541259766,89.07061004638672,-1.3866409063339233,-55.647090911865234,89.07061004638672,1.3866409063339233,-55.647090911865234,89.07061004638672,Stop,Stepping
1780509914.7077456,21950.693493118,-1.3866409063339233,-55.647098541259766,89.07061004638672,1.3866409063339233,-55.647098541259766,89.07061004638672,-1.3866409063339233,-55.647090911865234,89.07061004638672,1.3866409063339233,-55.647090911865234,89.07061004638672,Stop,Stepping
1780509914.7277663,21950.71341292,-1.3866409063339233,-55.647098541259766,89.07061004638672,1.3866409063339233,-55.647098541259766,89.07061004638672,-1.3866409063339233,-55.647090911865234,89.07061004638672,1.3866409063339233,-55.647090911865234,89.07061004638672,Stop,Stepping
1780509914.7477508,21950.733348059,-1.3866409063339233,-55.647098541259766,89.07061004638672,1.3866409063339233,-55.647098541259766,89.07061004638672,-1.3866409063339233,-55.647090911865234,89.07061004638672,1.3866409063339233,-55.647090911865234,89.07061004638672,Stop,Stepping
1780509914.7677495,21950.753770291,-1.3866409063339233,-55.647098541259766,89.07061004638672,1.3866409063339233,-55.647098541259766,89.07061004638672,-1.3866409063339233,-55.647090911865234,89.07061004638672,1.3866409063339233,-55.647090911865234,89.07061004638672,Stop,Stepping
1780509914.7877522,21950.7737132,-1.3866409063339233,-55.647098541259766,89.07061004638672,1.3866409063339233,-55.647098541259766,89.07061004638672,-1.3866409063339233,-55.647090911865234,89.07061004638672,1.3866409063339233,-55.647090911865234,89.07061004638672,Stop,Stepping
1780509914.8077333,21950.794087456,-1.3866409063339233,-55.647098541259766,89.07061004638672,1.3866409063339233,-55.647098541259766,89.07061004638672,-1.3866409063339233,-55.647090911865234,89.07061004638672,1.3866409063339233,-55.647090911865234,89.07061004638672,Stop,Stepping
1780509914.8277419,21950.814057437,-1.3866409063339233,-55.647098541259766,89.07061004638672,1.3866409063339233,-55.647098541259766,89.07061004638672,-1.3866409063339233,-55.647090911865234,89.07061004638672,1.3866409063339233,-55.647090911865234,89.07061004638672,Stop,Stepping
1780509914.8478024,21950.833418216,-1.3866409063339233,-55.647098541259766,89.07061004638672,1.3866409063339233,-55.647098541259766,89.07061004638672,-1.3866409063339233,-55.647090911865234,89.07061004638672,1.3866409063339233,-55.647090911865234,89.07061004638672,Stop,Stepping
1780509914.8677459,21950.853096332,-1.3866409063339233,-55.647098541259766,89.07061004638672,1.3866409063339233,-55.647098541259766,89.07061004638672,-1.3866409063339233,-55.647090911865234,89.07061004638672,1.3866409063339233,-55.647090911865234,89.07061004638672,Stop,Stepping
1780509914.887731,21950.87413361,-1.3866409063339233,-55.647098541259766,89.07061004638672,1.3866409063339233,-55.647098541259766,89.07061004638672,-1.3866409063339233,-55.647090911865234,89.07061004638672,1.3866409063339233,-55.647090911865234,89.07061004638672,Stop,Stepping
1780509914.9077547,21950.894104717,-1.3866409063339233,-55.647098541259766,89.07061004638672,1.3866409063339233,-55.647098541259766,89.07061004638672,-1.3866409063339233,-55.647090911865234,89.07061004638672,1.3866409063339233,-55.647090911865234,89.07061004638672,Stop,Stepping
1780509914.9277396,21950.913813623,-1.3866409063339233,-55.647098541259766,89.07061004638672,1.3866409063339233,-55.647098541259766,89.07061004638672,-1.3866409063339233,-55.647090911865234,89.07061004638672,1.3866409063339233,-55.647090911865234,89.07061004638672,Stop,Stepping
1780509914.9477508,21950.934654724,-1.3866409063339233,-55.647098541259766,89.07061004638672,1.3866409063339233,-55.647098541259766,89.07061004638672,-1.3866409063339233,-55.647090911865234,89.07061004638672,1.3866409063339233,-55.647090911865234,89.07061004638672,Stop,Stepping
1780509914.967739,21950.953496953,-1.3866409063339233,-55.647098541259766,89.07061004638672,1.3866409063339233,-55.647098541259766,89.07061004638672,-1.3866409063339233,-55.647090911865234,89.07061004638672,1.3866409063339233,-55.647090911865234,89.07061004638672,Stop,Stepping
1780509914.9879584,21950.973652427,-1.3866409063339233,-55.647098541259766,89.07061004638672,1.3866409063339233,-55.647098541259766,89.07061004638672,-1.3866409063339233,-55.647090911865234,89.07061004638672,1.3866409063339233,-55.647090911865234,89.07061004638672,Stop,Stepping
1780509915.0077975,21950.993337051,-1.3866409063339233,-55.647098541259766,89.07061004638672,1.3866409063339233,-55.647098541259766,89.07061004638672,-1.3866409063339233,-55.647090911865234,89.07061004638672,1.3866409063339233,-55.647090911865234,89.07061004638672,Stop,Stepping
1780509915.0277488,21951.0138974,-1.3866409063339233,-55.647098541259766,89.07061004638672,1.3866409063339233,-55.647098541259766,89.07061004638672,-1.3866409063339233,-55.647090911865234,89.07061004638672,1.3866409063339233,-55.647090911865234,89.07061004638672,Stop,Stepping
1780509915.0478044,21951.034506589,-1.3866409063339233,-55.647098541259766,89.07061004638672,1.3866409063339233,-55.647098541259766,89.07061004638672,-1.3866409063339233,-55.647090911865234,89.07061004638672,1.3866409063339233,-55.647090911865234,89.07061004638672,Stop,Stepping
1780509915.0677426,21951.054985625,-1.3866409063339233,-55.647098541259766,89.07061004638672,1.3866409063339233,-55.647098541259766,89.07061004638672,-1.3866409063339233,-55.647090911865234,89.07061004638672,1.3866409063339233,-55.647090911865234,89.07061004638672,Stop,Stepping
1780509915.0878067,21951.073359349,-1.3866409063339233,-55.647098541259766,89.07061004638672,1.3866409063339233,-55.647098541259766,89.07061004638672,-1.3866409063339233,-55.647090911865234,89.07061004638672,1.3866409063339233,-55.647090911865234,89.07061004638672,Stop,Stepping
1780509915.1077442,21951.093064419,-1.3866409063339233,-55.647098541259766,89.07061004638672,1.3866409063339233,-55.647098541259766,89.07061004638672,-1.3866409063339233,-55.647090911865234,89.07061004638672,1.3866409063339233,-55.647090911865234,89.07061004638672,Stop,Stepping
1780509915.1277466,21951.113325577,-1.3866409063339233,-55.647098541259766,89.07061004638672,1.3866409063339233,-55.647098541259766,89.07061004638672,-1.3866409063339233,-55.647090911865234,89.07061004638672,1.3866409063339233,-55.647090911865234,89.07061004638672,Stop,Stepping
1780509915.1477523,21951.134079508,-1.3866409063339233,-55.647098541259766,89.07061004638672,1.3866409063339233,-55.647098541259766,89.07061004638672,-1.3866409063339233,-55.647090911865234,89.07061004638672,1.3866409063339233,-55.647090911865234,89.07061004638672,Stop,Stepping
1780509915.1677415,21951.154213529,-1.3866409063339233,-55.647098541259766,89.07061004638672,1.3866409063339233,-55.647098541259766,89.07061004638672,-1.3866409063339233,-55.647090911865234,89.07061004638672,1.3866409063339233,-55.647090911865234,89.07061004638672,Stop,Stepping
1780509915.1877563,21951.17336214,-1.3866409063339233,-55.647098541259766,89.07061004638672,1.3866409063339233,-55.647098541259766,89.07061004638672,-1.3866409063339233,-55.647090911865234,89.07061004638672,1.3866409063339233,-55.647090911865234,89.07061004638672,Stop,Stepping
1780509915.207745,21951.193068321,-1.3866409063339233,-55.647098541259766,89.07061004638672,1.3866409063339233,-55.647098541259766,89.07061004638672,-1.3866409063339233,-55.647090911865234,89.07061004638672,1.3866409063339233,-55.647090911865234,89.07061004638672,Stop,Stepping
1780509915.2277558,21951.213115108,-1.3866409063339233,-55.647098541259766,89.07061004638672,1.3866409063339233,-55.647098541259766,89.07061004638672,-1.3866409063339233,-55.647090911865234,89.07061004638672,1.3866409063339233,-55.647090911865234,89.07061004638672,Stop,Stepping
1780509915.2477438,21951.233252829,-1.3866409063339233,-55.647098541259766,89.07061004638672,1.3866409063339233,-55.647098541259766,89.07061004638672,-1.3866409063339233,-55.647090911865234,89.07061004638672,1.3866409063339233,-55.647090911865234,89.07061004638672,Stop,Stepping
1780509915.2677634,21951.253358355,-1.3866409063339233,-55.647098541259766,89.07061004638672,1.3866409063339233,-55.647098541259766,89.07061004638672,-1.3866409063339233,-55.647090911865234,89.07061004638672,1.3866409063339233,-55.647090911865234,89.07061004638672,Stop,Stepping
1780509915.287754,21951.273327588,-1.3866409063339233,-55.647098541259766,89.07061004638672,1.3866409063339233,-55.647098541259766,89.07061004638672,-1.3866409063339233,-55.647090911865234,89.07061004638672,1.3866409063339233,-55.647090911865234,89.07061004638672,Stop,Stepping
1780509915.307756,21951.2936207,-1.3866409063339233,-55.647098541259766,89.07061004638672,1.3866409063339233,-55.647098541259766,89.07061004638672,-1.3866409063339233,-55.647090911865234,89.07061004638672,1.3866409063339233,-55.647090911865234,89.07061004638672,Stop,Stepping
1780509915.3277562,21951.314487259,-1.3866409063339233,-55.647098541259766,89.07061004638672,1.3866409063339233,-55.647098541259766,89.07061004638672,-1.3866409063339233,-55.647090911865234,89.07061004638672,1.3866409063339233,-55.647090911865234,89.07061004638672,Stop,Stepping
1780509915.34776,21951.334227876,-1.3866409063339233,-55.647098541259766,89.07061004638672,1.3866409063339233,-55.647098541259766,89.07061004638672,-1.3866409063339233,-55.647090911865234,89.07061004638672,1.3866409063339233,-55.647090911865234,89.07061004638672,Stop,Stepping
1780509915.367739,21951.353739953,-1.3866409063339233,-55.647098541259766,89.07061004638672,1.3866409063339233,-55.647098541259766,89.07061004638672,-1.3866409063339233,-55.647090911865234,89.07061004638672,1.3866409063339233,-55.647090911865234,89.07061004638672,Stop,Stepping
1780509915.387759,21951.374196825,-1.3866409063339233,-55.647098541259766,89.07061004638672,1.3866409063339233,-55.647098541259766,89.07061004638672,-1.3866409063339233,-55.647090911865234,89.07061004638672,1.3866409063339233,-55.647090911865234,89.07061004638672,Stop,Stepping
1780509915.407754,21951.393435142,-1.3866409063339233,-55.647098541259766,89.07061004638672,1.3866409063339233,-55.647098541259766,89.07061004638672,-1.3866409063339233,-55.647090911865234,89.07061004638672,1.3866409063339233,-55.647090911865234,89.07061004638672,Stop,Stepping
1780509915.4277527,21951.413724647,-1.3866409063339233,-55.647098541259766,89.07061004638672,1.3866409063339233,-55.647098541259766,89.07061004638672,-1.3866409063339233,-55.647090911865234,89.07061004638672,1.3866409063339233,-55.647090911865234,89.07061004638672,Stop,Stepping
1780509915.4477494,21951.433079315,-1.3866409063339233,-55.647098541259766,89.07061004638672,1.3866409063339233,-55.647098541259766,89.07061004638672,-1.3866409063339233,-55.647090911865234,89.07061004638672,1.3866409063339233,-55.647090911865234,89.07061004638672,Stop,Stepping
1780509915.467793,21951.453660739,-1.3866409063339233,-55.647098541259766,89.07061004638672,1.3866409063339233,-55.647098541259766,89.07061004638672,-1.3866409063339233,-55.647090911865234,89.07061004638672,1.3866409063339233,-55.647090911865234,89.07061004638672,Stop,Stepping
1780509915.4877691,21951.478688265,-1.3866409063339233,-55.647098541259766,89.07061004638672,1.3866409063339233,-55.647098541259766,89.07061004638672,-1.3866409063339233,-55.647090911865234,89.07061004638672,1.3866409063339233,-55.647090911865234,89.07061004638672,Stop,Stepping
1780509915.5077417,21951.493616048,-1.3866409063339233,-55.647098541259766,89.07061004638672,1.3866409063339233,-55.647098541259766,89.07061004638672,-1.3866409063339233,-55.647090911865234,89.07061004638672,1.3866409063339233,-55.647090911865234,89.07061004638672,Stop,Stepping
1780509915.5278237,21951.527257308,-1.3866409063339233,-55.647098541259766,89.07061004638672,1.3866409063339233,-55.647098541259766,89.07061004638672,-1.3866409063339233,-55.647090911865234,89.07061004638672,1.3866409063339233,-55.647090911865234,89.07061004638672,Stop,Stepping
1780509915.5477624,21951.532986272,-1.3866409063339233,-55.647098541259766,89.07061004638672,1.3866409063339233,-55.647098541259766,89.07061004638672,-1.3866409063339233,-55.647090911865234,89.07061004638672,1.3866409063339233,-55.647090911865234,89.07061004638672,Stop,Stepping
1780509915.5677536,21951.553145758,-1.3866409063339233,-55.647098541259766,89.07061004638672,1.3866409063339233,-55.647098541259766,89.07061004638672,-1.3866409063339233,-55.647090911865234,89.07061004638672,1.3866409063339233,-55.647090911865234,89.07061004638672,Stop,Stepping
1780509915.5877657,21951.573341449,-1.3866409063339233,-55.647098541259766,89.07061004638672,1.3866409063339233,-55.647098541259766,89.07061004638672,-1.3866409063339233,-55.647090911865234,89.07061004638672,1.3866409063339233,-55.647090911865234,89.07061004638672,Stop,Stepping
1780509915.607754,21951.593185129,-1.3866409063339233,-55.647098541259766,89.07061004638672,1.3866409063339233,-55.647098541259766,89.07061004638672,-1.3866409063339233,-55.647090911865234,89.07061004638672,1.3866409063339233,-55.647090911865234,89.07061004638672,Stop,Stepping
1780509915.6277602,21951.61327693,-1.3866409063339233,-55.647098541259766,89.07061004638672,1.3866409063339233,-55.647098541259766,89.07061004638672,-1.3866409063339233,-55.647090911865234,89.07061004638672,1.3866409063339233,-55.647090911865234,89.07061004638672,Stop,Stepping
1780509915.647752,21951.633036834,-1.3866409063339233,-55.647098541259766,89.07061004638672,1.3866409063339233,-55.647098541259766,89.07061004638672,-1.3866409063339233,-55.647090911865234,89.07061004638672,1.3866409063339233,-55.647090911865234,89.07061004638672,Stop,Stepping
1780509915.6677809,21951.653491034,-1.3866409063339233,-55.647098541259766,89.07061004638672,1.3866409063339233,-55.647098541259766,89.07061004638672,-1.3866409063339233,-55.647090911865234,89.07061004638672,1.3866409063339233,-55.647090911865234,89.07061004638672,Stop,Stepping
1780509915.6877472,21951.673787463,-1.3866409063339233,-55.647098541259766,89.07061004638672,1.3866409063339233,-55.647098541259766,89.07061004638672,-1.3866409063339233,-55.647090911865234,89.07061004638672,1.3866409063339233,-55.647090911865234,89.07061004638672,Stop,Stepping
1780509915.7077506,21951.694289981,-1.3866409063339233,-55.647098541259766,89.07061004638672,1.3866409063339233,-55.647098541259766,89.07061004638672,-1.3866409063339233,-55.647090911865234,89.07061004638672,1.3866409063339233,-55.647090911865234,89.07061004638672,Stop,Stepping
1780509915.7277796,21951.713808862,-1.3866409063339233,-55.647098541259766,89.07061004638672,1.3866409063339233,-55.647098541259766,89.07061004638672,-1.3866409063339233,-55.647090911865234,89.07061004638672,1.3866409063339233,-55.647090911865234,89.07061004638672,Stop,Stepping
1780509915.7477684,21951.733152444,-1.3866409063339233,-55.647098541259766,89.07061004638672,1.3866409063339233,-55.647098541259766,89.07061004638672,-1.3866409063339233,-55.647090911865234,89.07061004638672,1.3866409063339233,-55.647090911865234,89.07061004638672,Stop,Stepping
1780509915.7677617,21951.753078745,-1.3866409063339233,-55.647098541259766,89.07061004638672,1.3866409063339233,-55.647098541259766,89.07061004638672,-1.3866409063339233,-55.647090911865234,89.07061004638672,1.3866409063339233,-55.647090911865234,89.07061004638672,Stop,Stepping
1780509915.787774,21951.773717585,-1.3866409063339233,-55.647098541259766,89.07061004638672,1.3866409063339233,-55.647098541259766,89.07061004638672,-1.3866409063339233,-55.647090911865234,89.07061004638672,1.3866409063339233,-55.647090911865234,89.07061004638672,Stop,Stepping
1780509915.8077679,21951.793804765,-1.3866409063339233,-55.647098541259766,89.07061004638672,1.3866409063339233,-55.647098541259766,89.07061004638672,-1.3866409063339233,-55.647090911865234,89.07061004638672,1.3866409063339233,-55.647090911865234,89.07061004638672,Stop,Stepping
1780509915.8277888,21951.813409659,-1.3866409063339233,-55.647098541259766,89.07061004638672,1.3866409063339233,-55.647098541259766,89.07061004638672,-1.3866409063339233,-55.647090911865234,89.07061004638672,1.3866409063339233,-55.647090911865234,89.07061004638672,Stop,Stepping
1780509915.8477173,21951.833792625,-1.3866409063339233,-55.647098541259766,89.07061004638672,1.3866409063339233,-55.647098541259766,89.07061004638672,-1.3866409063339233,-55.647090911865234,89.07061004638672,1.3866409063339233,-55.647090911865234,89.07061004638672,Stop,Stepping
1780509915.867817,21951.853045113,-1.3866409063339233,-55.647098541259766,89.07061004638672,1.3866409063339233,-55.647098541259766,89.07061004638672,-1.3866409063339233,-55.647090911865234,89.07061004638672,1.3866409063339233,-55.647090911865234,89.07061004638672,Stop,Stepping
1780509915.8877618,21951.873749296,-1.3866409063339233,-55.647098541259766,89.07061004638672,1.3866409063339233,-55.647098541259766,89.07061004638672,-1.3866409063339233,-55.647090911865234,89.07061004638672,1.3866409063339233,-55.647090911865234,89.07061004638672,Stop,Stepping
1780509915.9077728,21951.89386163,-1.3866409063339233,-55.647098541259766,89.07061004638672,1.3866409063339233,-55.647098541259766,89.07061004638672,-1.3866409063339233,-55.647090911865234,89.07061004638672,1.3866409063339233,-55.647090911865234,89.07061004638672,Stop,Stepping
1780509915.9278262,21951.914187064,-1.3866409063339233,-55.647098541259766,89.07061004638672,1.3866409063339233,-55.647098541259766,89.07061004638672,-1.3866409063339233,-55.647090911865234,89.07061004638672,1.3866409063339233,-55.647090911865234,89.07061004638672,Stop,Stepping
1780509915.9478202,21951.933656295,-1.3866409063339233,-55.647098541259766,89.07061004638672,1.3866409063339233,-55.647098541259766,89.07061004638672,-1.3866409063339233,-55.647090911865234,89.07061004638672,1.3866409063339233,-55.647090911865234,89.07061004638672,Stop,Stepping
1780509915.9677682,21951.953147215,-1.3866409063339233,-55.647098541259766,89.07061004638672,1.3866409063339233,-55.647098541259766,89.07061004638672,-1.3866409063339233,-55.647090911865234,89.07061004638672,1.3866409063339233,-55.647090911865234,89.07061004638672,Stop,Stepping
1780509915.9877703,21951.973225717,-1.3866409063339233,-55.647098541259766,89.07061004638672,1.3866409063339233,-55.647098541259766,89.07061004638672,-1.3866409063339233,-55.647090911865234,89.07061004638672,1.3866409063339233,-55.647090911865234,89.07061004638672,Stop,Stepping
1780509916.0077658,21951.994447462,-1.3866409063339233,-55.647098541259766,89.07061004638672,1.3866409063339233,-55.647098541259766,89.07061004638672,-1.3866409063339233,-55.647090911865234,89.07061004638672,1.3866409063339233,-55.647090911865234,89.07061004638672,Stop,Stepping
1780509916.0277665,21952.01387301,-1.3866409063339233,-55.647098541259766,89.07061004638672,1.3866409063339233,-55.647098541259766,89.07061004638672,-1.3866409063339233,-55.647090911865234,89.07061004638672,1.3866409063339233,-55.647090911865234,89.07061004638672,Stop,Stepping
1780509916.0477722,21952.033837047,-1.3866409063339233,-55.647098541259766,89.07061004638672,1.3866409063339233,-55.647098541259766,89.07061004638672,-1.3866409063339233,-55.647090911865234,89.07061004638672,1.3866409063339233,-55.647090911865234,89.07061004638672,Stop,Stepping
1780509916.0677288,21952.053686243,-1.3866409063339233,-55.647098541259766,89.07061004638672,1.3866409063339233,-55.647098541259766,89.07061004638672,-1.3866409063339233,-55.647090911865234,89.07061004638672,1.3866409063339233,-55.647090911865234,89.07061004638672,Stop,Stepping
1780509916.0878124,21952.075447972,-1.3866409063339233,-55.647098541259766,89.07061004638672,1.3866409063339233,-55.647098541259766,89.07061004638672,-1.3866409063339233,-55.647090911865234,89.07061004638672,1.3866409063339233,-55.647090911865234,89.07061004638672,Stop,Stepping
1780509916.107765,21952.093282688,-1.3866409063339233,-55.647098541259766,89.07061004638672,1.3866409063339233,-55.647098541259766,89.07061004638672,-1.3866409063339233,-55.647090911865234,89.07061004638672,1.3866409063339233,-55.647090911865234,89.07061004638672,Stop,Stepping
1780509916.1277637,21952.11392524,-1.3866409063339233,-55.647098541259766,89.07061004638672,1.3866409063339233,-55.647098541259766,89.07061004638672,-1.3866409063339233,-55.647090911865234,89.07061004638672,1.3866409063339233,-55.647090911865234,89.07061004638672,Stop,Stepping
1780509916.147757,21952.134323343,-1.3866409063339233,-55.647098541259766,89.07061004638672,1.3866409063339233,-55.647098541259766,89.07061004638672,-1.3866409063339233,-55.647090911865234,89.07061004638672,1.3866409063339233,-55.647090911865234,89.07061004638672,Stop,Stepping
1780509916.1677694,21952.15350978,-1.3866409063339233,-55.647098541259766,89.07061004638672,1.3866409063339233,-55.647098541259766,89.07061004638672,-1.3866409063339233,-55.647090911865234,89.07061004638672,1.3866409063339233,-55.647090911865234,89.07061004638672,Stop,Stepping
1780509916.1878219,21952.173181417,-1.3866409063339233,-55.647098541259766,89.07061004638672,1.3866409063339233,-55.647098541259766,89.07061004638672,-1.3866409063339233,-55.647090911865234,89.07061004638672,1.3866409063339233,-55.647090911865234,89.07061004638672,Stop,Stepping
1780509916.2077768,21952.193385764,-1.3866409063339233,-55.647098541259766,89.07061004638672,1.3866409063339233,-55.647098541259766,89.07061004638672,-1.3866409063339233,-55.647090911865234,89.07061004638672,1.3866409063339233,-55.647090911865234,89.07061004638672,Stop,Stepping
1780509916.2278109,21952.213418302,-1.3866409063339233,-55.647098541259766,89.07061004638672,1.3866409063339233,-55.647098541259766,89.07061004638672,-1.3866409063339233,-55.647090911865234,89.07061004638672,1.3866409063339233,-55.647090911865234,89.07061004638672,Stop,Stepping
1780509916.2477753,21952.233014544,-1.3866409063339233,-55.647098541259766,89.07061004638672,1.3866409063339233,-55.647098541259766,89.07061004638672,-1.3866409063339233,-55.647090911865234,89.07061004638672,1.3866409063339233,-55.647090911865234,89.07061004638672,Stop,Stepping
1780509916.2677698,21952.253886463,-1.3866409063339233,-55.647098541259766,89.07061004638672,1.3866409063339233,-55.647098541259766,89.07061004638672,-1.3866409063339233,-55.647090911865234,89.07061004638672,1.3866409063339233,-55.647090911865234,89.07061004638672,Stop,Stepping
1780509916.2877681,21952.273299564,-1.3866409063339233,-55.647098541259766,89.07061004638672,1.3866409063339233,-55.647098541259766,89.07061004638672,-1.3866409063339233,-55.647090911865234,89.07061004638672,1.3866409063339233,-55.647090911865234,89.07061004638672,Stop,Stepping
1780509916.3077745,21952.293477384,-1.3866409063339233,-55.647098541259766,89.07061004638672,1.3866409063339233,-55.647098541259766,89.07061004638672,-1.3866409063339233,-55.647090911865234,89.07061004638672,1.3866409063339233,-55.647090911865234,89.07061004638672,Stop,Stepping
1780509916.3278317,21952.313888787,-1.3866409063339233,-55.647098541259766,89.07061004638672,1.3866409063339233,-55.647098541259766,89.07061004638672,-1.3866409063339233,-55.647090911865234,89.07061004638672,1.3866409063339233,-55.647090911865234,89.07061004638672,Stop,Stepping
1780509916.3478277,21952.333944431,-1.3866409063339233,-55.647098541259766,89.07061004638672,1.3866409063339233,-55.647098541259766,89.07061004638672,-1.3866409063339233,-55.647090911865234,89.07061004638672,1.3866409063339233,-55.647090911865234,89.07061004638672,Stop,Stepping
1780509916.3677921,21952.353877378,-1.3866409063339233,-55.647098541259766,89.07061004638672,1.3866409063339233,-55.647098541259766,89.07061004638672,-1.3866409063339233,-55.647090911865234,89.07061004638672,1.3866409063339233,-55.647090911865234,89.07061004638672,Stop,Stepping
1780509916.3877747,21952.373552583,-1.3866409063339233,-55.647098541259766,89.07061004638672,1.3866409063339233,-55.647098541259766,89.07061004638672,-1.3866409063339233,-55.647090911865234,89.07061004638672,1.3866409063339233,-55.647090911865234,89.07061004638672,Stop,Stepping
1780509916.407768,21952.39348602,-1.3866409063339233,-55.647098541259766,89.07061004638672,1.3866409063339233,-55.647098541259766,89.07061004638672,-1.3866409063339233,-55.647090911865234,89.07061004638672,1.3866409063339233,-55.647090911865234,89.07061004638672,Stop,Stepping
1780509916.4277833,21952.413326207,-1.3866409063339233,-55.647098541259766,89.07061004638672,1.3866409063339233,-55.647098541259766,89.07061004638672,-1.3866409063339233,-55.647090911865234,89.07061004638672,1.3866409063339233,-55.647090911865234,89.07061004638672,Stop,Stepping
1780509916.447751,21952.434047344,-1.3866409063339233,-55.647098541259766,89.07061004638672,1.3866409063339233,-55.647098541259766,89.07061004638672,-1.3866409063339233,-55.647090911865234,89.07061004638672,1.3866409063339233,-55.647090911865234,89.07061004638672,Stop,Stepping
1780509916.4677756,21952.453327731,-1.3866409063339233,-55.647098541259766,89.07061004638672,1.3866409063339233,-55.647098541259766,89.07061004638672,-1.3866409063339233,-55.647090911865234,89.07061004638672,1.3866409063339233,-55.647090911865234,89.07061004638672,Stop,Stepping
1780509916.48777,21952.473131236,-1.3866409063339233,-55.647098541259766,89.07061004638672,1.3866409063339233,-55.647098541259766,89.07061004638672,-1.3866409063339233,-55.647090911865234,89.07061004638672,1.3866409063339233,-55.647090911865234,89.07061004638672,Stop,Stepping
1780509916.5078142,21952.493635682,-1.3866409063339233,-55.647098541259766,89.07061004638672,1.3866409063339233,-55.647098541259766,89.07061004638672,-1.3866409063339233,-55.647090911865234,89.07061004638672,1.3866409063339233,-55.647090911865234,89.07061004638672,Stop,Stepping
1780509916.5277724,21952.51369693,-1.3866409063339233,-55.647098541259766,89.07061004638672,1.3866409063339233,-55.647098541259766,89.07061004638672,-1.3866409063339233,-55.647090911865234,89.07061004638672,1.3866409063339233,-55.647090911865234,89.07061004638672,Stop,Stepping
1780509916.5477834,21952.535321285,-1.3866409063339233,-55.647098541259766,89.07061004638672,1.3866409063339233,-55.647098541259766,89.07061004638672,-1.3866409063339233,-55.647090911865234,89.07061004638672,1.3866409063339233,-55.647090911865234,89.07061004638672,Stop,Stepping
1780509916.567774,21952.553961128,-1.3866409063339233,-55.647098541259766,89.07061004638672,1.3866409063339233,-55.647098541259766,89.07061004638672,-1.3866409063339233,-55.647090911865234,89.07061004638672,1.3866409063339233,-55.647090911865234,89.07061004638672,Stop,Stepping
1780509916.5877671,21952.574081476,-1.3866409063339233,-55.647098541259766,89.07061004638672,1.3866409063339233,-55.647098541259766,89.07061004638672,-1.3866409063339233,-55.647090911865234,89.07061004638672,1.3866409063339233,-55.647090911865234,89.07061004638672,Stop,Stepping
1780509916.60777,21952.596288801,-1.3866409063339233,-55.647098541259766,89.07061004638672,1.3866409063339233,-55.647098541259766,89.07061004638672,-1.3866409063339233,-55.647090911865234,89.07061004638672,1.3866409063339233,-55.647090911865234,89.07061004638672,Stop,Stepping
1780509916.627775,21952.614998087,-1.3866409063339233,-55.647098541259766,89.07061004638672,1.3866409063339233,-55.647098541259766,89.07061004638672,-1.3866409063339233,-55.647090911865234,89.07061004638672,1.3866409063339233,-55.647090911865234,89.07061004638672,Stop,Stepping
1780509916.6477754,21952.633659722,-1.3866409063339233,-55.647098541259766,89.07061004638672,1.3866409063339233,-55.647098541259766,89.07061004638672,-1.3866409063339233,-55.647090911865234,89.07061004638672,1.3866409063339233,-55.647090911865234,89.07061004638672,Stop,Stepping
1780509916.6677763,21952.654242746,-1.3866409063339233,-55.647098541259766,89.07061004638672,1.3866409063339233,-55.647098541259766,89.07061004638672,-1.3866409063339233,-55.647090911865234,89.07061004638672,1.3866409063339233,-55.647090911865234,89.07061004638672,Stop,Stepping
1780509916.6877854,21952.673844805,-1.3866409063339233,-55.647098541259766,89.07061004638672,1.3866409063339233,-55.647098541259766,89.07061004638672,-1.3866409063339233,-55.647090911865234,89.07061004638672,1.3866409063339233,-55.647090911865234,89.07061004638672,Stop,Stepping
1780509916.7077854,21952.694884482,-1.3866409063339233,-55.647098541259766,89.07061004638672,1.3866409063339233,-55.647098541259766,89.07061004638672,-1.3866409063339233,-55.647090911865234,89.07061004638672,1.3866409063339233,-55.647090911865234,89.07061004638672,Stop,Stepping
1780509916.727959,21952.713305604,-1.3866409063339233,-55.647098541259766,89.07061004638672,1.3866409063339233,-55.647098541259766,89.07061004638672,-1.3866409063339233,-55.647090911865234,89.07061004638672,1.3866409063339233,-55.647090911865234,89.07061004638672,Stop,Stepping
1780509916.7477925,21952.733408532,-1.3866409063339233,-55.647098541259766,89.07061004638672,1.3866409063339233,-55.647098541259766,89.07061004638672,-1.3866409063339233,-55.647090911865234,89.07061004638672,1.3866409063339233,-55.647090911865234,89.07061004638672,Stop,Stepping
1780509916.7677827,21952.753656009,-1.3866409063339233,-55.647098541259766,89.07061004638672,1.3866409063339233,-55.647098541259766,89.07061004638672,-1.3866409063339233,-55.647090911865234,89.07061004638672,1.3866409063339233,-55.647090911865234,89.07061004638672,Stop,Stepping
1780509916.787777,21952.774021153,-1.3866409063339233,-55.647098541259766,89.07061004638672,1.3866409063339233,-55.647098541259766,89.07061004638672,-1.3866409063339233,-55.647090911865234,89.07061004638672,1.3866409063339233,-55.647090911865234,89.07061004638672,Stop,Stepping
1780509916.8077857,21952.793533317,-1.3866409063339233,-55.647098541259766,89.07061004638672,1.3866409063339233,-55.647098541259766,89.07061004638672,-1.3866409063339233,-55.647090911865234,89.07061004638672,1.3866409063339233,-55.647090911865234,89.07061004638672,Stop,Stepping
1780509916.827779,21952.81329507,-1.3866409063339233,-55.647098541259766,89.07061004638672,1.3866409063339233,-55.647098541259766,89.07061004638672,-1.3866409063339233,-55.647090911865234,89.07061004638672,1.3866409063339233,-55.647090911865234,89.07061004638672,Stop,Stepping
1780509916.8477967,21952.833433416,-1.3866409063339233,-55.647098541259766,89.07061004638672,1.3866409063339233,-55.647098541259766,89.07061004638672,-1.3866409063339233,-55.647090911865234,89.07061004638672,1.3866409063339233,-55.647090911865234,89.07061004638672,Stop,Stepping
1780509916.8677769,21952.853372498,-1.3866409063339233,-55.647098541259766,89.07061004638672,1.3866409063339233,-55.647098541259766,89.07061004638672,-1.3866409063339233,-55.647090911865234,89.07061004638672,1.3866409063339233,-55.647090911865234,89.07061004638672,Stop,Stepping
1780509916.887773,21952.875714991,-1.3866409063339233,-55.647098541259766,89.07061004638672,1.3866409063339233,-55.647098541259766,89.07061004638672,-1.3866409063339233,-55.647090911865234,89.07061004638672,1.3866409063339233,-55.647090911865234,89.07061004638672,Stop,Stepping
1780509916.9077952,21952.893897962,-1.3866409063339233,-55.647098541259766,89.07061004638672,1.3866409063339233,-55.647098541259766,89.07061004638672,-1.3866409063339233,-55.647090911865234,89.07061004638672,1.3866409063339233,-55.647090911865234,89.07061004638672,Stop,Stepping
1780509916.927799,21952.913752885,-1.3866409063339233,-55.647098541259766,89.07061004638672,1.3866409063339233,-55.647098541259766,89.07061004638672,-1.3866409063339233,-55.647090911865234,89.07061004638672,1.3866409063339233,-55.647090911865234,89.07061004638672,Stop,Stepping
1780509916.9477973,21952.933794546,-1.3866409063339233,-55.647098541259766,89.07061004638672,1.3866409063339233,-55.647098541259766,89.07061004638672,-1.3866409063339233,-55.647090911865234,89.07061004638672,1.3866409063339233,-55.647090911865234,89.07061004638672,Stop,Stepping
1780509916.9679441,21952.954046256,-1.3866409063339233,-55.647098541259766,89.07061004638672,1.3866409063339233,-55.647098541259766,89.07061004638672,-1.3866409063339233,-55.647090911865234,89.07061004638672,1.3866409063339233,-55.647090911865234,89.07061004638672,Stop,Stepping
1780509916.98778,21952.973443102,-1.3866409063339233,-55.647098541259766,89.07061004638672,1.3866409063339233,-55.647098541259766,89.07061004638672,-1.3866409063339233,-55.647090911865234,89.07061004638672,1.3866409063339233,-55.647090911865234,89.07061004638672,Stop,Stepping
1780509917.0078394,21952.994360082,-1.3866409063339233,-55.647098541259766,89.07061004638672,1.3866409063339233,-55.647098541259766,89.07061004638672,-1.3866409063339233,-55.647090911865234,89.07061004638672,1.3866409063339233,-55.647090911865234,89.07061004638672,Stop,Stepping
1780509917.0277772,21953.013953248,-1.3866409063339233,-55.647098541259766,89.07061004638672,1.3866409063339233,-55.647098541259766,89.07061004638672,-1.3866409063339233,-55.647090911865234,89.07061004638672,1.3866409063339233,-55.647090911865234,89.07061004638672,Stop,Stepping
1780509917.0478277,21953.034799669,-1.3866409063339233,-55.647098541259766,89.07061004638672,1.3866409063339233,-55.647098541259766,89.07061004638672,-1.3866409063339233,-55.647090911865234,89.07061004638672,1.3866409063339233,-55.647090911865234,89.07061004638672,Stop,Stepping
1780509917.067792,21953.053443744,-1.3866409063339233,-55.647098541259766,89.07061004638672,1.3866409063339233,-55.647098541259766,89.07061004638672,-1.3866409063339233,-55.647090911865234,89.07061004638672,1.3866409063339233,-55.647090911865234,89.07061004638672,Stop,Stepping
1780509917.0877883,21953.073347898,-1.3866409063339233,-55.647098541259766,89.07061004638672,1.3866409063339233,-55.647098541259766,89.07061004638672,-1.3866409063339233,-55.647090911865234,89.07061004638672,1.3866409063339233,-55.647090911865234,89.07061004638672,Stop,Stepping
1780509917.1077898,21953.094123612,-1.3866409063339233,-55.647098541259766,89.07061004638672,1.3866409063339233,-55.647098541259766,89.07061004638672,-1.3866409063339233,-55.647090911865234,89.07061004638672,1.3866409063339233,-55.647090911865234,89.07061004638672,Stop,Stepping
1780509917.1278362,21953.113813783,-1.3866409063339233,-55.647098541259766,89.07061004638672,1.3866409063339233,-55.647098541259766,89.07061004638672,-1.3866409063339233,-55.647090911865234,89.07061004638672,1.3866409063339233,-55.647090911865234,89.07061004638672,Stop,Stepping
1780509917.1477973,21953.134193331,-1.3866409063339233,-55.647098541259766,89.07061004638672,1.3866409063339233,-55.647098541259766,89.07061004638672,-1.3866409063339233,-55.647090911865234,89.07061004638672,1.3866409063339233,-55.647090911865234,89.07061004638672,Stop,Stepping
1780509917.1677916,21953.153538232,-1.3866409063339233,-55.647098541259766,89.07061004638672,1.3866409063339233,-55.647098541259766,89.07061004638672,-1.3866409063339233,-55.647090911865234,89.07061004638672,1.3866409063339233,-55.647090911865234,89.07061004638672,Stop,Stepping
1780509917.187821,21953.173450786,-1.3866409063339233,-55.647098541259766,89.07061004638672,1.3866409063339233,-55.647098541259766,89.07061004638672,-1.3866409063339233,-55.647090911865234,89.07061004638672,1.3866409063339233,-55.647090911865234,89.07061004638672,Stop,Stepping
1780509917.2077854,21953.193547872,-1.3866409063339233,-55.647098541259766,89.07061004638672,1.3866409063339233,-55.647098541259766,89.07061004638672,-1.3866409063339233,-55.647090911865234,89.07061004638672,1.3866409063339233,-55.647090911865234,89.07061004638672,Stop,Stepping
1780509917.22778,21953.213883745,-1.3866409063339233,-55.647098541259766,89.07061004638672,1.3866409063339233,-55.647098541259766,89.07061004638672,-1.3866409063339233,-55.647090911865234,89.07061004638672,1.3866409063339233,-55.647090911865234,89.07061004638672,Stop,Stepping
1780509917.2478127,21953.233041388,-1.3866409063339233,-55.647098541259766,89.07061004638672,1.3866409063339233,-55.647098541259766,89.07061004638672,-1.3866409063339233,-55.647090911865234,89.07061004638672,1.3866409063339233,-55.647090911865234,89.07061004638672,Stop,Stepping
1780509917.2677944,21953.253346175,-1.3866409063339233,-55.647098541259766,89.07061004638672,1.3866409063339233,-55.647098541259766,89.07061004638672,-1.3866409063339233,-55.647090911865234,89.07061004638672,1.3866409063339233,-55.647090911865234,89.07061004638672,Stop,Stepping
1780509917.287841,21953.273468296,-1.3866409063339233,-55.647098541259766,89.07061004638672,1.3866409063339233,-55.647098541259766,89.07061004638672,-1.3866409063339233,-55.647090911865234,89.07061004638672,1.3866409063339233,-55.647090911865234,89.07061004638672,Stop,Stepping
1780509917.3078084,21953.293341224,-1.3866409063339233,-55.647098541259766,89.07061004638672,1.3866409063339233,-55.647098541259766,89.07061004638672,-1.3866409063339233,-55.647090911865234,89.07061004638672,1.3866409063339233,-55.647090911865234,89.07061004638672,Stop,Stepping
1780509917.3277795,21953.313074523,-1.3866409063339233,-55.647098541259766,89.07061004638672,1.3866409063339233,-55.647098541259766,89.07061004638672,-1.3866409063339233,-55.647090911865234,89.07061004638672,1.3866409063339233,-55.647090911865234,89.07061004638672,Stop,Stepping
1780509917.347803,21953.333025261,-1.3866409063339233,-55.647098541259766,89.07061004638672,1.3866409063339233,-55.647098541259766,89.07061004638672,-1.3866409063339233,-55.647090911865234,89.07061004638672,1.3866409063339233,-55.647090911865234,89.07061004638672,Stop,Stepping
1780509917.367785,21953.353246705,-1.3866409063339233,-55.647098541259766,89.07061004638672,1.3866409063339233,-55.647098541259766,89.07061004638672,-1.3866409063339233,-55.647090911865234,89.07061004638672,1.3866409063339233,-55.647090911865234,89.07061004638672,Stop,Stepping
1780509917.3878202,21953.373399667,-1.3866409063339233,-55.647098541259766,89.07061004638672,1.3866409063339233,-55.647098541259766,89.07061004638672,-1.3866409063339233,-55.647090911865234,89.07061004638672,1.3866409063339233,-55.647090911865234,89.07061004638672,Stop,Stepping
1780509917.4077823,21953.393126742,-1.3866409063339233,-55.647098541259766,89.07061004638672,1.3866409063339233,-55.647098541259766,89.07061004638672,-1.3866409063339233,-55.647090911865234,89.07061004638672,1.3866409063339233,-55.647090911865234,89.07061004638672,Stop,Stepping
1780509917.4278376,21953.413410245,-1.3866409063339233,-55.647098541259766,89.07061004638672,1.3866409063339233,-55.647098541259766,89.07061004638672,-1.3866409063339233,-55.647090911865234,89.07061004638672,1.3866409063339233,-55.647090911865234,89.07061004638672,Stop,Stepping
1780509917.447788,21953.433280453,-1.3866409063339233,-55.647098541259766,89.07061004638672,1.3866409063339233,-55.647098541259766,89.07061004638672,-1.3866409063339233,-55.647090911865234,89.07061004638672,1.3866409063339233,-55.647090911865234,89.07061004638672,Stop,Stepping
1780509917.4677954,21953.453201983,-1.3866409063339233,-55.647098541259766,89.07061004638672,1.3866409063339233,-55.647098541259766,89.07061004638672,-1.3866409063339233,-55.647090911865234,89.07061004638672,1.3866409063339233,-55.647090911865234,89.07061004638672,Stop,Stepping
1780509917.487789,21953.473778002,-1.3866409063339233,-55.647098541259766,89.07061004638672,1.3866409063339233,-55.647098541259766,89.07061004638672,-1.3866409063339233,-55.647090911865234,89.07061004638672,1.3866409063339233,-55.647090911865234,89.07061004638672,Stop,Stepping
1780509917.5077937,21953.493833235,-1.3866409063339233,-55.647098541259766,89.07061004638672,1.3866409063339233,-55.647098541259766,89.07061004638672,-1.3866409063339233,-55.647090911865234,89.07061004638672,1.3866409063339233,-55.647090911865234,89.07061004638672,Stop,Stepping
1780509917.52779,21953.513338249,-1.3866409063339233,-55.647098541259766,89.07061004638672,1.3866409063339233,-55.647098541259766,89.07061004638672,-1.3866409063339233,-55.647090911865234,89.07061004638672,1.3866409063339233,-55.647090911865234,89.07061004638672,Stop,Stepping
1780509917.5478077,21953.533369766,-1.3866409063339233,-55.647098541259766,89.07061004638672,1.3866409063339233,-55.647098541259766,89.07061004638672,-1.3866409063339233,-55.647090911865234,89.07061004638672,1.3866409063339233,-55.647090911865234,89.07061004638672,Stop,Stepping
1780509917.5677996,21953.553081809,-1.3866409063339233,-55.647098541259766,89.07061004638672,1.3866409063339233,-55.647098541259766,89.07061004638672,-1.3866409063339233,-55.647090911865234,89.07061004638672,1.3866409063339233,-55.647090911865234,89.07061004638672,Stop,Stepping
1780509917.5877862,21953.573363532,-1.3866409063339233,-55.647098541259766,89.07061004638672,1.3866409063339233,-55.647098541259766,89.07061004638672,-1.3866409063339233,-55.647090911865234,89.07061004638672,1.3866409063339233,-55.647090911865234,89.07061004638672,Stop,Stepping
1780509917.6077871,21953.594151675,-1.3866409063339233,-55.647098541259766,89.07061004638672,1.3866409063339233,-55.647098541259766,89.07061004638672,-1.3866409063339233,-55.647090911865234,89.07061004638672,1.3866409063339233,-55.647090911865234,89.07061004638672,Stop,Stepping
1780509917.627803,21953.616509448,-1.3866409063339233,-55.647098541259766,89.07061004638672,1.3866409063339233,-55.647098541259766,89.07061004638672,-1.3866409063339233,-55.647090911865234,89.07061004638672,1.3866409063339233,-55.647090911865234,89.07061004638672,Stop,Stepping
1780509917.647806,21953.633943024,-1.3866409063339233,-55.647098541259766,89.07061004638672,1.3866409063339233,-55.647098541259766,89.07061004638672,-1.3866409063339233,-55.647090911865234,89.07061004638672,1.3866409063339233,-55.647090911865234,89.07061004638672,Stop,Stepping
1780509917.6677935,21953.654140467,-1.3866409063339233,-55.647098541259766,89.07061004638672,1.3866409063339233,-55.647098541259766,89.07061004638672,-1.3866409063339233,-55.647090911865234,89.07061004638672,1.3866409063339233,-55.647090911865234,89.07061004638672,Stop,Stepping
1780509917.6877902,21953.673080435,-1.3866409063339233,-55.647098541259766,89.07061004638672,1.3866409063339233,-55.647098541259766,89.07061004638672,-1.3866409063339233,-55.647090911865234,89.07061004638672,1.3866409063339233,-55.647090911865234,89.07061004638672,Stop,Stepping
1780509917.7078009,21953.693071755,-1.3866409063339233,-55.647098541259766,89.07061004638672,1.3866409063339233,-55.647098541259766,89.07061004638672,-1.3866409063339233,-55.647090911865234,89.07061004638672,1.3866409063339233,-55.647090911865234,89.07061004638672,Stop,Stepping
1780509917.7278461,21953.713190117,-1.3866409063339233,-55.647098541259766,89.07061004638672,1.3866409063339233,-55.647098541259766,89.07061004638672,-1.3866409063339233,-55.647090911865234,89.07061004638672,1.3866409063339233,-55.647090911865234,89.07061004638672,Stop,Stepping
1780509917.7478015,21953.733762458,-1.3866409063339233,-55.647098541259766,89.07061004638672,1.3866409063339233,-55.647098541259766,89.07061004638672,-1.3866409063339233,-55.647090911865234,89.07061004638672,1.3866409063339233,-55.647090911865234,89.07061004638672,Stop,Stepping
1780509917.7677968,21953.753902061,-1.3866409063339233,-55.647098541259766,89.07061004638672,1.3866409063339233,-55.647098541259766,89.07061004638672,-1.3866409063339233,-55.647090911865234,89.07061004638672,1.3866409063339233,-55.647090911865234,89.07061004638672,Stop,Stepping
1780509917.7878122,21953.774101209,-1.3866409063339233,-55.647098541259766,89.07061004638672,1.3866409063339233,-55.647098541259766,89.07061004638672,-1.3866409063339233,-55.647090911865234,89.07061004638672,1.3866409063339233,-55.647090911865234,89.07061004638672,Stop,Stepping
1780509917.8078015,21953.793616422,-1.3866409063339233,-55.647098541259766,89.07061004638672,1.3866409063339233,-55.647098541259766,89.07061004638672,-1.3866409063339233,-55.647090911865234,89.07061004638672,1.3866409063339233,-55.647090911865234,89.07061004638672,Stop,Stepping
1780509917.8277853,21953.812874159,-1.3866409063339233,-55.647098541259766,89.07061004638672,1.3866409063339233,-55.647098541259766,89.07061004638672,-1.3866409063339233,-55.647090911865234,89.07061004638672,1.3866409063339233,-55.647090911865234,89.07061004638672,Stop,Stepping
1780509917.8477983,21953.833387705,-1.3866409063339233,-55.647098541259766,89.07061004638672,1.3866409063339233,-55.647098541259766,89.07061004638672,-1.3866409063339233,-55.647090911865234,89.07061004638672,1.3866409063339233,-55.647090911865234,89.07061004638672,Stop,Stepping
1780509917.867804,21953.853622887,-1.3866409063339233,-55.647098541259766,89.07061004638672,1.3866409063339233,-55.647098541259766,89.07061004638672,-1.3866409063339233,-55.647090911865234,89.07061004638672,1.3866409063339233,-55.647090911865234,89.07061004638672,Stop,Stepping
1780509917.8877978,21953.873851044,-1.3866409063339233,-55.647098541259766,89.07061004638672,1.3866409063339233,-55.647098541259766,89.07061004638672,-1.3866409063339233,-55.647090911865234,89.07061004638672,1.3866409063339233,-55.647090911865234,89.07061004638672,Stop,Stepping
1780509917.9077997,21953.893456164,-1.3866409063339233,-55.647098541259766,89.07061004638672,1.3866409063339233,-55.647098541259766,89.07061004638672,-1.3866409063339233,-55.647090911865234,89.07061004638672,1.3866409063339233,-55.647090911865234,89.07061004638672,Stop,Stepping
1780509917.9277966,21953.913029832,-1.3866409063339233,-55.647098541259766,89.07061004638672,1.3866409063339233,-55.647098541259766,89.07061004638672,-1.3866409063339233,-55.647090911865234,89.07061004638672,1.3866409063339233,-55.647090911865234,89.07061004638672,Stop,Stepping
1780509917.9478006,21953.933797747,-1.3866409063339233,-55.647098541259766,89.07061004638672,1.3866409063339233,-55.647098541259766,89.07061004638672,-1.3866409063339233,-55.647090911865234,89.07061004638672,1.3866409063339233,-55.647090911865234,89.07061004638672,Stop,Stepping
1780509917.9678016,21953.954155419,-1.3866409063339233,-55.647098541259766,89.07061004638672,1.3866409063339233,-55.647098541259766,89.07061004638672,-1.3866409063339233,-55.647090911865234,89.07061004638672,1.3866409063339233,-55.647090911865234,89.07061004638672,Stop,Stepping
1780509917.987802,21953.973399375,-1.3866409063339233,-55.647098541259766,89.07061004638672,1.3866409063339233,-55.647098541259766,89.07061004638672,-1.3866409063339233,-55.647090911865234,89.07061004638672,1.3866409063339233,-55.647090911865234,89.07061004638672,Stop,Stepping
1780509918.0077906,21953.993476056,-1.3866409063339233,-55.647098541259766,89.07061004638672,1.3866409063339233,-55.647098541259766,89.07061004638672,-1.3866409063339233,-55.647090911865234,89.07061004638672,1.3866409063339233,-55.647090911865234,89.07061004638672,Stop,Stepping
1780509918.0277956,21954.01356424,-1.3866409063339233,-55.647098541259766,89.07061004638672,1.3866409063339233,-55.647098541259766,89.07061004638672,-1.3866409063339233,-55.647090911865234,89.07061004638672,1.3866409063339233,-55.647090911865234,89.07061004638672,Stop,Stepping
1780509918.0476959,21954.033745079,-1.3866409063339233,-55.647098541259766,89.07061004638672,1.3866409063339233,-55.647098541259766,89.07061004638672,-1.3866409063339233,-55.647090911865234,89.07061004638672,1.3866409063339233,-55.647090911865234,89.07061004638672,Stop,Stepping
1780509918.0678036,21954.053378515,-1.3866409063339233,-55.647098541259766,89.07061004638672,1.3866409063339233,-55.647098541259766,89.07061004638672,-1.3866409063339233,-55.647090911865234,89.07061004638672,1.3866409063339233,-55.647090911865234,89.07061004638672,Stop,Stepping
1780509918.0877244,21954.073167441,-1.3866409063339233,-55.647098541259766,89.07061004638672,1.3866409063339233,-55.647098541259766,89.07061004638672,-1.3866409063339233,-55.647090911865234,89.07061004638672,1.3866409063339233,-55.647090911865234,89.07061004638672,Stop,Stepping
1780509918.1078024,21954.09334751,-1.3866409063339233,-55.647098541259766,89.07061004638672,1.3866409063339233,-55.647098541259766,89.07061004638672,-1.3866409063339233,-55.647090911865234,89.07061004638672,1.3866409063339233,-55.647090911865234,89.07061004638672,Stop,Stepping
1780509918.1278062,21954.113290176,-1.3866409063339233,-55.647098541259766,89.07061004638672,1.3866409063339233,-55.647098541259766,89.07061004638672,-1.3866409063339233,-55.647090911865234,89.07061004638672,1.3866409063339233,-55.647090911865234,89.07061004638672,Stop,Stepping
1780509918.1478164,21954.135525591,-1.3866409063339233,-55.647098541259766,89.07061004638672,1.3866409063339233,-55.647098541259766,89.07061004638672,-1.3866409063339233,-55.647090911865234,89.07061004638672,1.3866409063339233,-55.647090911865234,89.07061004638672,Stop,Stepping
1780509918.167805,21954.153473842,-1.3866409063339233,-55.647098541259766,89.07061004638672,1.3866409063339233,-55.647098541259766,89.07061004638672,-1.3866409063339233,-55.647090911865234,89.07061004638672,1.3866409063339233,-55.647090911865234,89.07061004638672,Stop,Stepping
1780509918.1877966,21954.174253088,-1.3866409063339233,-55.647098541259766,89.07061004638672,1.3866409063339233,-55.647098541259766,89.07061004638672,-1.3866409063339233,-55.647090911865234,89.07061004638672,1.3866409063339233,-55.647090911865234,89.07061004638672,Stop,Stepping
1780509918.2078059,21954.194257541,-1.3866409063339233,-55.647098541259766,89.07061004638672,1.3866409063339233,-55.647098541259766,89.07061004638672,-1.3866409063339233,-55.647090911865234,89.07061004638672,1.3866409063339233,-55.647090911865234,89.07061004638672,Stop,Stepping
1780509918.2278106,21954.214647809,-1.3866409063339233,-55.647098541259766,89.07061004638672,1.3866409063339233,-55.647098541259766,89.07061004638672,-1.3866409063339233,-55.647090911865234,89.07061004638672,1.3866409063339233,-55.647090911865234,89.07061004638672,Stop,Stepping
1780509918.2478108,21954.233575637,-1.3866409063339233,-55.647098541259766,89.07061004638672,1.3866409063339233,-55.647098541259766,89.07061004638672,-1.3866409063339233,-55.647090911865234,89.07061004638672,1.3866409063339233,-55.647090911865234,89.07061004638672,Stop,Stepping
1780509918.2677975,21954.253980729,-1.3866409063339233,-55.647098541259766,89.07061004638672,1.3866409063339233,-55.647098541259766,89.07061004638672,-1.3866409063339233,-55.647090911865234,89.07061004638672,1.3866409063339233,-55.647090911865234,89.07061004638672,Stop,Stepping
1780509918.2877316,21954.273258038,-1.3866409063339233,-55.647098541259766,89.07061004638672,1.3866409063339233,-55.647098541259766,89.07061004638672,-1.3866409063339233,-55.647090911865234,89.07061004638672,1.3866409063339233,-55.647090911865234,89.07061004638672,Stop,Stepping
1780509918.3078008,21954.293659156,-1.3866409063339233,-55.647098541259766,89.07061004638672,1.3866409063339233,-55.647098541259766,89.07061004638672,-1.3866409063339233,-55.647090911865234,89.07061004638672,1.3866409063339233,-55.647090911865234,89.07061004638672,Stop,Stepping
1780509918.3278077,21954.313822018,-1.3866409063339233,-55.647098541259766,89.07061004638672,1.3866409063339233,-55.647098541259766,89.07061004638672,-1.3866409063339233,-55.647090911865234,89.07061004638672,1.3866409063339233,-55.647090911865234,89.07061004638672,Stop,Stepping
1780509918.3478124,21954.333740682,-1.3866409063339233,-55.647098541259766,89.07061004638672,1.3866409063339233,-55.647098541259766,89.07061004638672,-1.3866409063339233,-55.647090911865234,89.07061004638672,1.3866409063339233,-55.647090911865234,89.07061004638672,Stop,Stepping
1780509918.3678281,21954.35343593,-1.3866409063339233,-55.647098541259766,89.07061004638672,1.3866409063339233,-55.647098541259766,89.07061004638672,-1.3866409063339233,-55.647090911865234,89.07061004638672,1.3866409063339233,-55.647090911865234,89.07061004638672,Stop,Stepping
1780509918.3878372,21954.37439787,-1.3866409063339233,-55.647098541259766,89.07061004638672,1.3866409063339233,-55.647098541259766,89.07061004638672,-1.3866409063339233,-55.647090911865234,89.07061004638672,1.3866409063339233,-55.647090911865234,89.07061004638672,Stop,Stepping
1780509918.407801,21954.394062179,-1.3866409063339233,-55.647098541259766,89.07061004638672,1.3866409063339233,-55.647098541259766,89.07061004638672,-1.3866409063339233,-55.647090911865234,89.07061004638672,1.3866409063339233,-55.647090911865234,89.07061004638672,Stop,Stepping
1780509918.4278088,21954.414065351,-1.3866409063339233,-55.647098541259766,89.07061004638672,1.3866409063339233,-55.647098541259766,89.07061004638672,-1.3866409063339233,-55.647090911865234,89.07061004638672,1.3866409063339233,-55.647090911865234,89.07061004638672,Stop,Stepping
1780509918.4478104,21954.435155383,-1.3866409063339233,-55.647098541259766,89.07061004638672,1.3866409063339233,-55.647098541259766,89.07061004638672,-1.3866409063339233,-55.647090911865234,89.07061004638672,1.3866409063339233,-55.647090911865234,89.07061004638672,Stop,Stepping
1780509918.467803,21954.455577499,-1.3866409063339233,-55.647098541259766,89.07061004638672,1.3866409063339233,-55.647098541259766,89.07061004638672,-1.3866409063339233,-55.647090911865234,89.07061004638672,1.3866409063339233,-55.647090911865234,89.07061004638672,Stop,Stepping
1780509918.48781,21954.473232946,-1.3866409063339233,-55.647098541259766,89.07061004638672,1.3866409063339233,-55.647098541259766,89.07061004638672,-1.3866409063339233,-55.647090911865234,89.07061004638672,1.3866409063339233,-55.647090911865234,89.07061004638672,Stop,Stepping
1780509918.5077982,21954.494833362,-1.3866409063339233,-55.647098541259766,89.07061004638672,1.3866409063339233,-55.647098541259766,89.07061004638672,-1.3866409063339233,-55.647090911865234,89.07061004638672,1.3866409063339233,-55.647090911865234,89.07061004638672,Stop,Stepping
1780509918.5278,21954.514261736,-1.3866409063339233,-55.647098541259766,89.07061004638672,1.3866409063339233,-55.647098541259766,89.07061004638672,-1.3866409063339233,-55.647090911865234,89.07061004638672,1.3866409063339233,-55.647090911865234,89.07061004638672,Stop,Stepping
1780509918.547719,21954.533792956,-1.3866409063339233,-55.647098541259766,89.07061004638672,1.3866409063339233,-55.647098541259766,89.07061004638672,-1.3866409063339233,-55.647090911865234,89.07061004638672,1.3866409063339233,-55.647090911865234,89.07061004638672,Stop,Stepping
1780509918.567804,21954.55312527,-1.3866409063339233,-55.647098541259766,89.07061004638672,1.3866409063339233,-55.647098541259766,89.07061004638672,-1.3866409063339233,-55.647090911865234,89.07061004638672,1.3866409063339233,-55.647090911865234,89.07061004638672,Stop,Stepping
1780509918.5878084,21954.577310226,-1.3866409063339233,-55.647098541259766,89.07061004638672,1.3866409063339233,-55.647098541259766,89.07061004638672,-1.3866409063339233,-55.647090911865234,89.07061004638672,1.3866409063339233,-55.647090911865234,89.07061004638672,Stop,Stepping
1780509918.6078074,21954.59331797,-1.3866409063339233,-55.647098541259766,89.07061004638672,1.3866409063339233,-55.647098541259766,89.07061004638672,-1.3866409063339233,-55.647090911865234,89.07061004638672,1.3866409063339233,-55.647090911865234,89.07061004638672,Stop,Stepping
1780509918.6278162,21954.61433471,-1.3866409063339233,-55.647098541259766,89.07061004638672,1.3866409063339233,-55.647098541259766,89.07061004638672,-1.3866409063339233,-55.647090911865234,89.07061004638672,1.3866409063339233,-55.647090911865234,89.07061004638672,Stop,Stepping
1780509918.6478622,21954.633312769,-1.3866409063339233,-55.647098541259766,89.07061004638672,1.3866409063339233,-55.647098541259766,89.07061004638672,-1.3866409063339233,-55.647090911865234,89.07061004638672,1.3866409063339233,-55.647090911865234,89.07061004638672,Stop,Stepping
1780509918.6678092,21954.65590297,-1.3866409063339233,-55.647098541259766,89.07061004638672,1.3866409063339233,-55.647098541259766,89.07061004638672,-1.3866409063339233,-55.647090911865234,89.07061004638672,1.3866409063339233,-55.647090911865234,89.07061004638672,Stop,Stepping
1780509918.687859,21954.673909886,-1.3866409063339233,-55.647098541259766,89.07061004638672,1.3866409063339233,-55.647098541259766,89.07061004638672,-1.3866409063339233,-55.647090911865234,89.07061004638672,1.3866409063339233,-55.647090911865234,89.07061004638672,Stop,Stepping
1780509918.7077966,21954.692921851,-1.3866409063339233,-55.647098541259766,89.07061004638672,1.3866409063339233,-55.647098541259766,89.07061004638672,-1.3866409063339233,-55.647090911865234,89.07061004638672,1.3866409063339233,-55.647090911865234,89.07061004638672,Stop,Stepping
1780509918.7278137,21954.713278147,-1.3866409063339233,-55.647098541259766,89.07061004638672,1.3866409063339233,-55.647098541259766,89.07061004638672,-1.3866409063339233,-55.647090911865234,89.07061004638672,1.3866409063339233,-55.647090911865234,89.07061004638672,Stop,Stepping
1780509918.7478092,21954.733449387,-1.3866409063339233,-55.647098541259766,89.07061004638672,1.3866409063339233,-55.647098541259766,89.07061004638672,-1.3866409063339233,-55.647090911865234,89.07061004638672,1.3866409063339233,-55.647090911865234,89.07061004638672,Stop,Stepping
1780509918.7678068,21954.753175313,-1.3866409063339233,-55.647098541259766,89.07061004638672,1.3866409063339233,-55.647098541259766,89.07061004638672,-1.3866409063339233,-55.647090911865234,89.07061004638672,1.3866409063339233,-55.647090911865234,89.07061004638672,Stop,Stepping
1780509918.7878199,21954.773553913,-1.3866409063339233,-55.647098541259766,89.07061004638672,1.3866409063339233,-55.647098541259766,89.07061004638672,-1.3866409063339233,-55.647090911865234,89.07061004638672,1.3866409063339233,-55.647090911865234,89.07061004638672,Stop,Stepping
1780509918.8078203,21954.794123623,-1.3866409063339233,-55.647098541259766,89.07061004638672,1.3866409063339233,-55.647098541259766,89.07061004638672,-1.3866409063339233,-55.647090911865234,89.07061004638672,1.3866409063339233,-55.647090911865234,89.07061004638672,Stop,Stepping
1780509918.8278203,21954.815101386,-1.3866409063339233,-55.647098541259766,89.07061004638672,1.3866409063339233,-55.647098541259766,89.07061004638672,-1.3866409063339233,-55.647090911865234,89.07061004638672,1.3866409063339233,-55.647090911865234,89.07061004638672,Stop,Stepping
1780509918.8478189,21954.834063899,-1.3866409063339233,-55.647098541259766,89.07061004638672,1.3866409063339233,-55.647098541259766,89.07061004638672,-1.3866409063339233,-55.647090911865234,89.07061004638672,1.3866409063339233,-55.647090911865234,89.07061004638672,Stop,Stepping
1780509918.867809,21954.853935594,-1.3866409063339233,-55.647098541259766,89.07061004638672,1.3866409063339233,-55.647098541259766,89.07061004638672,-1.3866409063339233,-55.647090911865234,89.07061004638672,1.3866409063339233,-55.647090911865234,89.07061004638672,Stop,Stepping
1780509918.8878253,21954.873052361,-1.3866409063339233,-55.647098541259766,89.07061004638672,1.3866409063339233,-55.647098541259766,89.07061004638672,-1.3866409063339233,-55.647090911865234,89.07061004638672,1.3866409063339233,-55.647090911865234,89.07061004638672,Stop,Stepping
1780509918.9078238,21954.893256565,-1.3866409063339233,-55.647098541259766,89.07061004638672,1.3866409063339233,-55.647098541259766,89.07061004638672,-1.3866409063339233,-55.647090911865234,89.07061004638672,1.3866409063339233,-55.647090911865234,89.07061004638672,Stop,Stepping
1780509918.927831,21954.913591669,-1.3866409063339233,-55.647098541259766,89.07061004638672,1.3866409063339233,-55.647098541259766,89.07061004638672,-1.3866409063339233,-55.647090911865234,89.07061004638672,1.3866409063339233,-55.647090911865234,89.07061004638672,Stop,Stepping
1780509918.94781,21954.935031349,-1.3866409063339233,-55.647098541259766,89.07061004638672,1.3866409063339233,-55.647098541259766,89.07061004638672,-1.3866409063339233,-55.647090911865234,89.07061004638672,1.3866409063339233,-55.647090911865234,89.07061004638672,Stop,Stepping
1780509918.9678147,21954.954431175,-1.3866409063339233,-55.647098541259766,89.07061004638672,1.3866409063339233,-55.647098541259766,89.07061004638672,-1.3866409063339233,-55.647090911865234,89.07061004638672,1.3866409063339233,-55.647090911865234,89.07061004638672,Stop,Stepping
1780509918.9878104,21954.973088776,-1.3866409063339233,-55.647098541259766,89.07061004638672,1.3866409063339233,-55.647098541259766,89.07061004638672,-1.3866409063339233,-55.647090911865234,89.07061004638672,1.3866409063339233,-55.647090911865234,89.07061004638672,Stop,Stepping
1780509919.0078092,21954.993492425,-1.3866409063339233,-55.647098541259766,89.07061004638672,1.3866409063339233,-55.647098541259766,89.07061004638672,-1.3866409063339233,-55.647090911865234,89.07061004638672,1.3866409063339233,-55.647090911865234,89.07061004638672,Stop,Stepping
1780509919.027823,21955.013544625,-1.3866409063339233,-55.647098541259766,89.07061004638672,1.3866409063339233,-55.647098541259766,89.07061004638672,-1.3866409063339233,-55.647090911865234,89.07061004638672,1.3866409063339233,-55.647090911865234,89.07061004638672,Stop,Stepping
1780509919.047816,21955.033325233,-1.3866409063339233,-55.647098541259766,89.07061004638672,1.3866409063339233,-55.647098541259766,89.07061004638672,-1.3866409063339233,-55.647090911865234,89.07061004638672,1.3866409063339233,-55.647090911865234,89.07061004638672,Stop,Stepping
1780509919.0678146,21955.053645016,-1.3866409063339233,-55.647098541259766,89.07061004638672,1.3866409063339233,-55.647098541259766,89.07061004638672,-1.3866409063339233,-55.647090911865234,89.07061004638672,1.3866409063339233,-55.647090911865234,89.07061004638672,Stop,Stepping
1780509919.0878077,21955.073703058,-1.3866409063339233,-55.647098541259766,89.07061004638672,1.3866409063339233,-55.647098541259766,89.07061004638672,-1.3866409063339233,-55.647090911865234,89.07061004638672,1.3866409063339233,-55.647090911865234,89.07061004638672,Stop,Stepping
1780509919.1078248,21955.096322146,-1.3866409063339233,-55.647098541259766,89.07061004638672,1.3866409063339233,-55.647098541259766,89.07061004638672,-1.3866409063339233,-55.647090911865234,89.07061004638672,1.3866409063339233,-55.647090911865234,89.07061004638672,Stop,Stepping
1780509919.1278212,21955.113248941,-1.3866409063339233,-55.647098541259766,89.07061004638672,1.3866409063339233,-55.647098541259766,89.07061004638672,-1.3866409063339233,-55.647090911865234,89.07061004638672,1.3866409063339233,-55.647090911865234,89.07061004638672,Stop,Stepping
1780509919.1477456,21955.13424253,-1.3866409063339233,-55.647098541259766,89.07061004638672,1.3866409063339233,-55.647098541259766,89.07061004638672,-1.3866409063339233,-55.647090911865234,89.07061004638672,1.3866409063339233,-55.647090911865234,89.07061004638672,Stop,Stepping
1780509919.167831,21955.153338186,-1.3866409063339233,-55.647098541259766,89.07061004638672,1.3866409063339233,-55.647098541259766,89.07061004638672,-1.3866409063339233,-55.647090911865234,89.07061004638672,1.3866409063339233,-55.647090911865234,89.07061004638672,Stop,Stepping
1780509919.1879842,21955.173361887,-1.3866409063339233,-55.647098541259766,89.07061004638672,1.3866409063339233,-55.647098541259766,89.07061004638672,-1.3866409063339233,-55.647090911865234,89.07061004638672,1.3866409063339233,-55.647090911865234,89.07061004638672,Stop,Stepping
1780509919.2078288,21955.201697842,-1.3866409063339233,-55.647098541259766,89.07061004638672,1.3866409063339233,-55.647098541259766,89.07061004638672,-1.3866409063339233,-55.647090911865234,89.07061004638672,1.3866409063339233,-55.647090911865234,89.07061004638672,Stop,Stepping
1780509919.227822,21955.213285363,-1.3866409063339233,-55.647098541259766,89.07061004638672,1.3866409063339233,-55.647098541259766,89.07061004638672,-1.3866409063339233,-55.647090911865234,89.07061004638672,1.3866409063339233,-55.647090911865234,89.07061004638672,Stop,Stepping
1780509919.247811,21955.233421507,-1.3866409063339233,-55.647098541259766,89.07061004638672,1.3866409063339233,-55.647098541259766,89.07061004638672,-1.3866409063339233,-55.647090911865234,89.07061004638672,1.3866409063339233,-55.647090911865234,89.07061004638672,Stop,Stepping
1780509919.2678192,21955.253244262,-1.3866409063339233,-55.647098541259766,89.07061004638672,1.3866409063339233,-55.647098541259766,89.07061004638672,-1.3866409063339233,-55.647090911865234,89.07061004638672,1.3866409063339233,-55.647090911865234,89.07061004638672,Stop,Stepping
1780509919.2878194,21955.273522216,-1.3866409063339233,-55.647098541259766,89.07061004638672,1.3866409063339233,-55.647098541259766,89.07061004638672,-1.3866409063339233,-55.647090911865234,89.07061004638672,1.3866409063339233,-55.647090911865234,89.07061004638672,Stop,Stepping
1780509919.3078249,21955.293938732,-1.3866409063339233,-55.647098541259766,89.07061004638672,1.3866409063339233,-55.647098541259766,89.07061004638672,-1.3866409063339233,-55.647090911865234,89.07061004638672,1.3866409063339233,-55.647090911865234,89.07061004638672,Stop,Stepping
1780509919.3278296,21955.314759034,-1.3866409063339233,-55.647098541259766,89.07061004638672,1.3866409063339233,-55.647098541259766,89.07061004638672,-1.3866409063339233,-55.647090911865234,89.07061004638672,1.3866409063339233,-55.647090911865234,89.07061004638672,Stop,Stepping
1780509919.347824,21955.333199849,-1.3866409063339233,-55.647098541259766,89.07061004638672,1.3866409063339233,-55.647098541259766,89.07061004638672,-1.3866409063339233,-55.647090911865234,89.07061004638672,1.3866409063339233,-55.647090911865234,89.07061004638672,Stop,Stepping
1780509919.3678195,21955.353318584,-1.3866409063339233,-55.647098541259766,89.07061004638672,1.3866409063339233,-55.647098541259766,89.07061004638672,-1.3866409063339233,-55.647090911865234,89.07061004638672,1.3866409063339233,-55.647090911865234,89.07061004638672,Stop,Stepping
1780509919.387821,21955.373160659,-1.3866409063339233,-55.647098541259766,89.07061004638672,1.3866409063339233,-55.647098541259766,89.07061004638672,-1.3866409063339233,-55.647090911865234,89.07061004638672,1.3866409063339233,-55.647090911865234,89.07061004638672,Stop,Stepping
1780509919.407827,21955.393421065,-1.3866409063339233,-55.647098541259766,89.07061004638672,1.3866409063339233,-55.647098541259766,89.07061004638672,-1.3866409063339233,-55.647090911865234,89.07061004638672,1.3866409063339233,-55.647090911865234,89.07061004638672,Stop,Stepping
1780509919.427824,21955.413722173,-1.3866409063339233,-55.647098541259766,89.07061004638672,1.3866409063339233,-55.647098541259766,89.07061004638672,-1.3866409063339233,-55.647090911865234,89.07061004638672,1.3866409063339233,-55.647090911865234,89.07061004638672,Stop,Stepping
1780509919.4478323,21955.434520274,-1.3866409063339233,-55.647098541259766,89.07061004638672,1.3866409063339233,-55.647098541259766,89.07061004638672,-1.3866409063339233,-55.647090911865234,89.07061004638672,1.3866409063339233,-55.647090911865234,89.07061004638672,Stop,Stepping
1780509919.4678223,21955.456298816,-1.3866409063339233,-55.647098541259766,89.07061004638672,1.3866409063339233,-55.647098541259766,89.07061004638672,-1.3866409063339233,-55.647090911865234,89.07061004638672,1.3866409063339233,-55.647090911865234,89.07061004638672,Stop,Stepping
1780509919.4878218,21955.474772636,-1.3866409063339233,-55.647098541259766,89.07061004638672,1.3866409063339233,-55.647098541259766,89.07061004638672,-1.3866409063339233,-55.647090911865234,89.07061004638672,1.3866409063339233,-55.647090911865234,89.07061004638672,Stop,Stepping
1780509919.507834,21955.49431766,-1.3866409063339233,-55.647098541259766,89.07061004638672,1.3866409063339233,-55.647098541259766,89.07061004638672,-1.3866409063339233,-55.647090911865234,89.07061004638672,1.3866409063339233,-55.647090911865234,89.07061004638672,Stop,Stepping
1780509919.5278308,21955.514512935,-1.3866409063339233,-55.647098541259766,89.07061004638672,1.3866409063339233,-55.647098541259766,89.07061004638672,-1.3866409063339233,-55.647090911865234,89.07061004638672,1.3866409063339233,-55.647090911865234,89.07061004638672,Stop,Stepping
1780509919.5478323,21955.534492802,-1.3866409063339233,-55.647098541259766,89.07061004638672,1.3866409063339233,-55.647098541259766,89.07061004638672,-1.3866409063339233,-55.647090911865234,89.07061004638672,1.3866409063339233,-55.647090911865234,89.07061004638672,Stop,Stepping
1780509919.567858,21955.553417693,-1.3866409063339233,-55.647098541259766,89.07061004638672,1.3866409063339233,-55.647098541259766,89.07061004638672,-1.3866409063339233,-55.647090911865234,89.07061004638672,1.3866409063339233,-55.647090911865234,89.07061004638672,Stop,Stepping
1780509919.5878265,21955.573405333,-1.3866409063339233,-55.647098541259766,89.07061004638672,1.3866409063339233,-55.647098541259766,89.07061004638672,-1.3866409063339233,-55.647090911865234,89.07061004638672,1.3866409063339233,-55.647090911865234,89.07061004638672,Stop,Stepping
1780509919.6078327,21955.593115798,-1.3866409063339233,-55.647098541259766,89.07061004638672,1.3866409063339233,-55.647098541259766,89.07061004638672,-1.3866409063339233,-55.647090911865234,89.07061004638672,1.3866409063339233,-55.647090911865234,89.07061004638672,Stop,Stepping
1780509919.6278267,21955.613926667,-1.3866409063339233,-55.647098541259766,89.07061004638672,1.3866409063339233,-55.647098541259766,89.07061004638672,-1.3866409063339233,-55.647090911865234,89.07061004638672,1.3866409063339233,-55.647090911865234,89.07061004638672,Stop,Stepping
1780509919.6478198,21955.634128816,-1.3866409063339233,-55.647098541259766,89.07061004638672,1.3866409063339233,-55.647098541259766,89.07061004638672,-1.3866409063339233,-55.647090911865234,89.07061004638672,1.3866409063339233,-55.647090911865234,89.07061004638672,Stop,Stepping
1780509919.6678338,21955.654194661,-1.3866409063339233,-55.647098541259766,89.07061004638672,1.3866409063339233,-55.647098541259766,89.07061004638672,-1.3866409063339233,-55.647090911865234,89.07061004638672,1.3866409063339233,-55.647090911865234,89.07061004638672,Stop,Stepping
1780509919.6878436,21955.675338302,-1.3866409063339233,-55.647098541259766,89.07061004638672,1.3866409063339233,-55.647098541259766,89.07061004638672,-1.3866409063339233,-55.647090911865234,89.07061004638672,1.3866409063339233,-55.647090911865234,89.07061004638672,Stop,Stepping
1780509919.707834,21955.69339469,-1.3866409063339233,-55.647098541259766,89.07061004638672,1.3866409063339233,-55.647098541259766,89.07061004638672,-1.3866409063339233,-55.647090911865234,89.07061004638672,1.3866409063339233,-55.647090911865234,89.07061004638672,Stop,Stepping
1780509919.7278862,21955.714558208,-1.3866409063339233,-55.647098541259766,89.07061004638672,1.3866409063339233,-55.647098541259766,89.07061004638672,-1.3866409063339233,-55.647090911865234,89.07061004638672,1.3866409063339233,-55.647090911865234,89.07061004638672,Stop,Stepping
1780509919.7478285,21955.734133919,-1.3866409063339233,-55.647098541259766,89.07061004638672,1.3866409063339233,-55.647098541259766,89.07061004638672,-1.3866409063339233,-55.647090911865234,89.07061004638672,1.3866409063339233,-55.647090911865234,89.07061004638672,Stop,Stepping
1780509919.7678227,21955.75342481,-1.3866409063339233,-55.647098541259766,89.07061004638672,1.3866409063339233,-55.647098541259766,89.07061004638672,-1.3866409063339233,-55.647090911865234,89.07061004638672,1.3866409063339233,-55.647090911865234,89.07061004638672,Stop,Stepping
1780509919.7880187,21955.773428487,-1.3866409063339233,-55.647098541259766,89.07061004638672,1.3866409063339233,-55.647098541259766,89.07061004638672,-1.3866409063339233,-55.647090911865234,89.07061004638672,1.3866409063339233,-55.647090911865234,89.07061004638672,Stop,Stepping
1780509919.8078308,21955.793378348,-1.3866409063339233,-55.647098541259766,89.07061004638672,1.3866409063339233,-55.647098541259766,89.07061004638672,-1.3866409063339233,-55.647090911865234,89.07061004638672,1.3866409063339233,-55.647090911865234,89.07061004638672,Stop,Stepping
1780509919.8278348,21955.813626696,-1.3866409063339233,-55.647098541259766,89.07061004638672,1.3866409063339233,-55.647098541259766,89.07061004638672,-1.3866409063339233,-55.647090911865234,89.07061004638672,1.3866409063339233,-55.647090911865234,89.07061004638672,Stop,Stepping
1780509919.8478196,21955.83397534,-1.3866409063339233,-55.647098541259766,89.07061004638672,1.3866409063339233,-55.647098541259766,89.07061004638672,-1.3866409063339233,-55.647090911865234,89.07061004638672,1.3866409063339233,-55.647090911865234,89.07061004638672,Stop,Stepping
1780509919.8678164,21955.853881391,-1.3866409063339233,-55.647098541259766,89.07061004638672,1.3866409063339233,-55.647098541259766,89.07061004638672,-1.3866409063339233,-55.647090911865234,89.07061004638672,1.3866409063339233,-55.647090911865234,89.07061004638672,Stop,Stepping
1780509919.8878503,21955.873223444,-1.3866409063339233,-55.647098541259766,89.07061004638672,1.3866409063339233,-55.647098541259766,89.07061004638672,-1.3866409063339233,-55.647090911865234,89.07061004638672,1.3866409063339233,-55.647090911865234,89.07061004638672,Stop,Stepping
1780509919.907832,21955.893086227,-1.3866409063339233,-55.647098541259766,89.07061004638672,1.3866409063339233,-55.647098541259766,89.07061004638672,-1.3866409063339233,-55.647090911865234,89.07061004638672,1.3866409063339233,-55.647090911865234,89.07061004638672,Stop,Stepping
1780509919.927975,21955.914014687,-1.3866409063339233,-55.647098541259766,89.07061004638672,1.3866409063339233,-55.647098541259766,89.07061004638672,-1.3866409063339233,-55.647090911865234,89.07061004638672,1.3866409063339233,-55.647090911865234,89.07061004638672,Stop,Stepping
1780509919.9478476,21955.934175306,-1.3866409063339233,-55.647098541259766,89.07061004638672,1.3866409063339233,-55.647098541259766,89.07061004638672,-1.3866409063339233,-55.647090911865234,89.07061004638672,1.3866409063339233,-55.647090911865234,89.07061004638672,Stop,Stepping
1780509919.967844,21955.954966799,-1.3866409063339233,-55.647098541259766,89.07061004638672,1.3866409063339233,-55.647098541259766,89.07061004638672,-1.3866409063339233,-55.647090911865234,89.07061004638672,1.3866409063339233,-55.647090911865234,89.07061004638672,Stop,Stepping
1780509919.9878902,21955.973503296,-1.3866409063339233,-55.647098541259766,89.07061004638672,1.3866409063339233,-55.647098541259766,89.07061004638672,-1.3866409063339233,-55.647090911865234,89.07061004638672,1.3866409063339233,-55.647090911865234,89.07061004638672,Stop,Stepping
1780509920.007838,21955.993472118,-1.3866409063339233,-55.647098541259766,89.07061004638672,1.3866409063339233,-55.647098541259766,89.07061004638672,-1.3866409063339233,-55.647090911865234,89.07061004638672,1.3866409063339233,-55.647090911865234,89.07061004638672,Stop,Stepping
1780509920.0278301,21956.013217993,-1.3866409063339233,-55.647098541259766,89.07061004638672,1.3866409063339233,-55.647098541259766,89.07061004638672,-1.3866409063339233,-55.647090911865234,89.07061004638672,1.3866409063339233,-55.647090911865234,89.07061004638672,Stop,Stepping
1780509920.0478458,21956.033527527,-1.3866409063339233,-55.647098541259766,89.07061004638672,1.3866409063339233,-55.647098541259766,89.07061004638672,-1.3866409063339233,-55.647090911865234,89.07061004638672,1.3866409063339233,-55.647090911865234,89.07061004638672,Stop,Stepping
1780509920.0678313,21956.053534907,-1.3866409063339233,-55.647098541259766,89.07061004638672,1.3866409063339233,-55.647098541259766,89.07061004638672,-1.3866409063339233,-55.647090911865234,89.07061004638672,1.3866409063339233,-55.647090911865234,89.07061004638672,Stop,Stepping
1780509920.0879138,21956.074337106,-1.3866409063339233,-55.647098541259766,89.07061004638672,1.3866409063339233,-55.647098541259766,89.07061004638672,-1.3866409063339233,-55.647090911865234,89.07061004638672,1.3866409063339233,-55.647090911865234,89.07061004638672,Stop,Stepping
1780509920.1078355,21956.094366909,-1.3866409063339233,-55.647098541259766,89.07061004638672,1.3866409063339233,-55.647098541259766,89.07061004638672,-1.3866409063339233,-55.647090911865234,89.07061004638672,1.3866409063339233,-55.647090911865234,89.07061004638672,Stop,Stepping
1780509920.1278389,21956.114186027,-1.3866409063339233,-55.647098541259766,89.07061004638672,1.3866409063339233,-55.647098541259766,89.07061004638672,-1.3866409063339233,-55.647090911865234,89.07061004638672,1.3866409063339233,-55.647090911865234,89.07061004638672,Stop,Stepping
1780509920.1479294,21956.135021147,-1.3866409063339233,-55.647098541259766,89.07061004638672,1.3866409063339233,-55.647098541259766,89.07061004638672,-1.3866409063339233,-55.647090911865234,89.07061004638672,1.3866409063339233,-55.647090911865234,89.07061004638672,Stop,Stepping
1780509920.16788,21956.153516201,-1.3866409063339233,-55.647098541259766,89.07061004638672,1.3866409063339233,-55.647098541259766,89.07061004638672,-1.3866409063339233,-55.647090911865234,89.07061004638672,1.3866409063339233,-55.647090911865234,89.07061004638672,Stop,Stepping
1780509920.1878438,21956.174815668,-1.3866409063339233,-55.647098541259766,89.07061004638672,1.3866409063339233,-55.647098541259766,89.07061004638672,-1.3866409063339233,-55.647090911865234,89.07061004638672,1.3866409063339233,-55.647090911865234,89.07061004638672,Stop,Stepping
1780509920.2078707,21956.193402978,-1.3866409063339233,-55.647098541259766,89.07061004638672,1.3866409063339233,-55.647098541259766,89.07061004638672,-1.3866409063339233,-55.647090911865234,89.07061004638672,1.3866409063339233,-55.647090911865234,89.07061004638672,Stop,Stepping
1780509920.2278397,21956.214457886,-1.3866409063339233,-55.647098541259766,89.07061004638672,1.3866409063339233,-55.647098541259766,89.07061004638672,-1.3866409063339233,-55.647090911865234,89.07061004638672,1.3866409063339233,-55.647090911865234,89.07061004638672,Stop,Stepping
1780509920.2478507,21956.233929773,-1.3866409063339233,-55.647098541259766,89.07061004638672,1.3866409063339233,-55.647098541259766,89.07061004638672,-1.3866409063339233,-55.647090911865234,89.07061004638672,1.3866409063339233,-55.647090911865234,89.07061004638672,Stop,Stepping
1780509920.2678418,21956.253468091,-1.3866409063339233,-55.647098541259766,89.07061004638672,1.3866409063339233,-55.647098541259766,89.07061004638672,-1.3866409063339233,-55.647090911865234,89.07061004638672,1.3866409063339233,-55.647090911865234,89.07061004638672,Stop,Stepping
1780509920.2878346,21956.273255172,-1.3866409063339233,-55.647098541259766,89.07061004638672,1.3866409063339233,-55.647098541259766,89.07061004638672,-1.3866409063339233,-55.647090911865234,89.07061004638672,1.3866409063339233,-55.647090911865234,89.07061004638672,Stop,Stepping
1780509920.3079062,21956.293762206,-1.3866409063339233,-55.647098541259766,89.07061004638672,1.3866409063339233,-55.647098541259766,89.07061004638672,-1.3866409063339233,-55.647090911865234,89.07061004638672,1.3866409063339233,-55.647090911865234,89.07061004638672,Stop,Stepping
1780509920.3278387,21956.313752885,-1.3866409063339233,-55.647098541259766,89.07061004638672,1.3866409063339233,-55.647098541259766,89.07061004638672,-1.3866409063339233,-55.647090911865234,89.07061004638672,1.3866409063339233,-55.647090911865234,89.07061004638672,Stop,Stepping
1780509920.3478434,21956.334163772,-1.3866409063339233,-55.647098541259766,89.07061004638672,1.3866409063339233,-55.647098541259766,89.07061004638672,-1.3866409063339233,-55.647090911865234,89.07061004638672,1.3866409063339233,-55.647090911865234,89.07061004638672,Stop,Stepping
1780509920.3678286,21956.353373752,-1.3866409063339233,-55.647098541259766,89.07061004638672,1.3866409063339233,-55.647098541259766,89.07061004638672,-1.3866409063339233,-55.647090911865234,89.07061004638672,1.3866409063339233,-55.647090911865234,89.07061004638672,Stop,Stepping
1780509920.387835,21956.373112746,-1.3866409063339233,-55.647098541259766,89.07061004638672,1.3866409063339233,-55.647098541259766,89.07061004638672,-1.3866409063339233,-55.647090911865234,89.07061004638672,1.3866409063339233,-55.647090911865234,89.07061004638672,Stop,Stepping
1780509920.4078467,21956.393550864,-1.3866409063339233,-55.647098541259766,89.07061004638672,1.3866409063339233,-55.647098541259766,89.07061004638672,-1.3866409063339233,-55.647090911865234,89.07061004638672,1.3866409063339233,-55.647090911865234,89.07061004638672,Stop,Stepping
1780509920.4278653,21956.413969563,-1.3866409063339233,-55.647098541259766,89.07061004638672,1.3866409063339233,-55.647098541259766,89.07061004638672,-1.3866409063339233,-55.647090911865234,89.07061004638672,1.3866409063339233,-55.647090911865234,89.07061004638672,Stop,Stepping
1780509920.4478593,21956.433131325,-1.3866409063339233,-55.647098541259766,89.07061004638672,1.3866409063339233,-55.647098541259766,89.07061004638672,-1.3866409063339233,-55.647090911865234,89.07061004638672,1.3866409063339233,-55.647090911865234,89.07061004638672,Stop,Stepping
1780509920.4678411,21956.453398683,-1.3866409063339233,-55.647098541259766,89.07061004638672,1.3866409063339233,-55.647098541259766,89.07061004638672,-1.3866409063339233,-55.647090911865234,89.07061004638672,1.3866409063339233,-55.647090911865234,89.07061004638672,Stop,Stepping
1780509920.4878588,21956.473831018,-1.3866409063339233,-55.647098541259766,89.07061004638672,1.3866409063339233,-55.647098541259766,89.07061004638672,-1.3866409063339233,-55.647090911865234,89.07061004638672,1.3866409063339233,-55.647090911865234,89.07061004638672,Stop,Stepping
1780509920.5078473,21956.493361824,-1.3866409063339233,-55.647098541259766,89.07061004638672,1.3866409063339233,-55.647098541259766,89.07061004638672,-1.3866409063339233,-55.647090911865234,89.07061004638672,1.3866409063339233,-55.647090911865234,89.07061004638672,Stop,Stepping
1780509920.52786,21956.513378623,-1.3866409063339233,-55.647098541259766,89.07061004638672,1.3866409063339233,-55.647098541259766,89.07061004638672,-1.3866409063339233,-55.647090911865234,89.07061004638672,1.3866409063339233,-55.647090911865234,89.07061004638672,Stop,Stepping
1780509920.5478523,21956.533410015,-1.3866409063339233,-55.647098541259766,89.07061004638672,1.3866409063339233,-55.647098541259766,89.07061004638672,-1.3866409063339233,-55.647090911865234,89.07061004638672,1.3866409063339233,-55.647090911865234,89.07061004638672,Stop,Stepping
1780509920.5678468,21956.554318419,-1.3866409063339233,-55.647098541259766,89.07061004638672,1.3866409063339233,-55.647098541259766,89.07061004638672,-1.3866409063339233,-55.647090911865234,89.07061004638672,1.3866409063339233,-55.647090911865234,89.07061004638672,Stop,Stepping
1780509920.587853,21956.573952316,-1.3866409063339233,-55.647098541259766,89.07061004638672,1.3866409063339233,-55.647098541259766,89.07061004638672,-1.3866409063339233,-55.647090911865234,89.07061004638672,1.3866409063339233,-55.647090911865234,89.07061004638672,Stop,Stepping
1780509920.6079485,21956.593943885,-1.3866409063339233,-55.647098541259766,89.07061004638672,1.3866409063339233,-55.647098541259766,89.07061004638672,-1.3866409063339233,-55.647090911865234,89.07061004638672,1.3866409063339233,-55.647090911865234,89.07061004638672,Stop,Stepping
1780509920.6278524,21956.613338101,-1.3866409063339233,-55.647098541259766,89.07061004638672,1.3866409063339233,-55.647098541259766,89.07061004638672,-1.3866409063339233,-55.647090911865234,89.07061004638672,1.3866409063339233,-55.647090911865234,89.07061004638672,Stop,Stepping
1780509920.6478515,21956.633212482,-1.3866409063339233,-55.647098541259766,89.07061004638672,1.3866409063339233,-55.647098541259766,89.07061004638672,-1.3866409063339233,-55.647090911865234,89.07061004638672,1.3866409063339233,-55.647090911865234,89.07061004638672,Stop,Stepping
1780509920.6678414,21956.653573063,-1.3866409063339233,-55.647098541259766,89.07061004638672,1.3866409063339233,-55.647098541259766,89.07061004638672,-1.3866409063339233,-55.647090911865234,89.07061004638672,1.3866409063339233,-55.647090911865234,89.07061004638672,Stop,Stepping
1780509920.6878402,21956.673911753,-1.3866409063339233,-55.647098541259766,89.07061004638672,1.3866409063339233,-55.647098541259766,89.07061004638672,-1.3866409063339233,-55.647090911865234,89.07061004638672,1.3866409063339233,-55.647090911865234,89.07061004638672,Stop,Stepping
1780509920.7078142,21956.693671378,-1.3866409063339233,-55.647098541259766,89.07061004638672,1.3866409063339233,-55.647098541259766,89.07061004638672,-1.3866409063339233,-55.647090911865234,89.07061004638672,1.3866409063339233,-55.647090911865234,89.07061004638672,Stop,Stepping
1780509920.7279756,21956.71341966,-1.3866409063339233,-55.647098541259766,89.07061004638672,1.3866409063339233,-55.647098541259766,89.07061004638672,-1.3866409063339233,-55.647090911865234,89.07061004638672,1.3866409063339233,-55.647090911865234,89.07061004638672,Stop,Stepping
1780509920.7478542,21956.733415316,-1.3866409063339233,-55.647098541259766,89.07061004638672,1.3866409063339233,-55.647098541259766,89.07061004638672,-1.3866409063339233,-55.647090911865234,89.07061004638672,1.3866409063339233,-55.647090911865234,89.07061004638672,Stop,Stepping
1780509920.767847,21956.753263014,-1.3866409063339233,-55.647098541259766,89.07061004638672,1.3866409063339233,-55.647098541259766,89.07061004638672,-1.3866409063339233,-55.647090911865234,89.07061004638672,1.3866409063339233,-55.647090911865234,89.07061004638672,Stop,Stepping
1780509920.7878501,21956.773474567,-1.3866409063339233,-55.647098541259766,89.07061004638672,1.3866409063339233,-55.647098541259766,89.07061004638672,-1.3866409063339233,-55.647090911865234,89.07061004638672,1.3866409063339233,-55.647090911865234,89.07061004638672,Stop,Stepping
1780509920.807851,21956.794259752,-1.3866409063339233,-55.647098541259766,89.07061004638672,1.3866409063339233,-55.647098541259766,89.07061004638672,-1.3866409063339233,-55.647090911865234,89.07061004638672,1.3866409063339233,-55.647090911865234,89.07061004638672,Stop,Stepping
1780509920.8278465,21956.814223264,-1.3866409063339233,-55.647098541259766,89.07061004638672,1.3866409063339233,-55.647098541259766,89.07061004638672,-1.3866409063339233,-55.647090911865234,89.07061004638672,1.3866409063339233,-55.647090911865234,89.07061004638672,Stop,Stepping
1780509920.847841,21956.834267145,-1.3866409063339233,-55.647098541259766,89.07061004638672,1.3866409063339233,-55.647098541259766,89.07061004638672,-1.3866409063339233,-55.647090911865234,89.07061004638672,1.3866409063339233,-55.647090911865234,89.07061004638672,Stop,Stepping
1780509920.8678505,21956.854276025,-1.3866409063339233,-55.647098541259766,89.07061004638672,1.3866409063339233,-55.647098541259766,89.07061004638672,-1.3866409063339233,-55.647090911865234,89.07061004638672,1.3866409063339233,-55.647090911865234,89.07061004638672,Stop,Stepping
1780509920.8878493,21956.874466491,-1.3866409063339233,-55.647098541259766,89.07061004638672,1.3866409063339233,-55.647098541259766,89.07061004638672,-1.3866409063339233,-55.647090911865234,89.07061004638672,1.3866409063339233,-55.647090911865234,89.07061004638672,Stop,Stepping
1780509920.9078531,21956.893207137,-1.3866409063339233,-55.647098541259766,89.07061004638672,1.3866409063339233,-55.647098541259766,89.07061004638672,-1.3866409063339233,-55.647090911865234,89.07061004638672,1.3866409063339233,-55.647090911865234,89.07061004638672,Stop,Stepping
1780509920.9278553,21956.913552329,-1.3866409063339233,-55.647098541259766,89.07061004638672,1.3866409063339233,-55.647098541259766,89.07061004638672,-1.3866409063339233,-55.647090911865234,89.07061004638672,1.3866409063339233,-55.647090911865234,89.07061004638672,Stop,Stepping
1780509920.9478464,21956.93315796,-1.3866409063339233,-55.647098541259766,89.07061004638672,1.3866409063339233,-55.647098541259766,89.07061004638672,-1.3866409063339233,-55.647090911865234,89.07061004638672,1.3866409063339233,-55.647090911865234,89.07061004638672,Stop,Stepping
1780509920.9678564,21956.953690031,-1.3866409063339233,-55.647098541259766,89.07061004638672,1.3866409063339233,-55.647098541259766,89.07061004638672,-1.3866409063339233,-55.647090911865234,89.07061004638672,1.3866409063339233,-55.647090911865234,89.07061004638672,Stop,Stepping
1780509920.9878771,21956.973234744,-1.3866409063339233,-55.647098541259766,89.07061004638672,1.3866409063339233,-55.647098541259766,89.07061004638672,-1.3866409063339233,-55.647090911865234,89.07061004638672,1.3866409063339233,-55.647090911865234,89.07061004638672,Stop,Stepping
1780509921.0078669,21956.999725137,-1.3866409063339233,-55.647098541259766,89.07061004638672,1.3866409063339233,-55.647098541259766,89.07061004638672,-1.3866409063339233,-55.647090911865234,89.07061004638672,1.3866409063339233,-55.647090911865234,89.07061004638672,Stop,Stepping
1780509921.0281632,21957.014580403,-1.3866409063339233,-55.647098541259766,89.07061004638672,1.3866409063339233,-55.647098541259766,89.07061004638672,-1.3866409063339233,-55.647090911865234,89.07061004638672,1.3866409063339233,-55.647090911865234,89.07061004638672,Stop,Stepping
1780509921.0478504,21957.034277769,-1.3866409063339233,-55.647098541259766,89.07061004638672,1.3866409063339233,-55.647098541259766,89.07061004638672,-1.3866409063339233,-55.647090911865234,89.07061004638672,1.3866409063339233,-55.647090911865234,89.07061004638672,Stop,Stepping
1780509921.067867,21957.054392558,-1.3866409063339233,-55.647098541259766,89.07061004638672,1.3866409063339233,-55.647098541259766,89.07061004638672,-1.3866409063339233,-55.647090911865234,89.07061004638672,1.3866409063339233,-55.647090911865234,89.07061004638672,Stop,Stepping
1780509921.087816,21957.074461733,-1.3866409063339233,-55.647098541259766,89.07061004638672,1.3866409063339233,-55.647098541259766,89.07061004638672,-1.3866409063339233,-55.647090911865234,89.07061004638672,1.3866409063339233,-55.647090911865234,89.07061004638672,Stop,Stepping
1780509921.1078632,21957.094317162,-1.3866409063339233,-55.647098541259766,89.07061004638672,1.3866409063339233,-55.647098541259766,89.07061004638672,-1.3866409063339233,-55.647090911865234,89.07061004638672,1.3866409063339233,-55.647090911865234,89.07061004638672,Stop,Stepping
1780509921.1278584,21957.11412638,-1.3866409063339233,-55.647098541259766,89.07061004638672,1.3866409063339233,-55.647098541259766,89.07061004638672,-1.3866409063339233,-55.647090911865234,89.07061004638672,1.3866409063339233,-55.647090911865234,89.07061004638672,Stop,Stepping
1780509921.1478624,21957.133227773,-1.3866409063339233,-55.647098541259766,89.07061004638672,1.3866409063339233,-55.647098541259766,89.07061004638672,-1.3866409063339233,-55.647090911865234,89.07061004638672,1.3866409063339233,-55.647090911865234,89.07061004638672,Stop,Stepping
1780509921.1678443,21957.15359689,-1.3866409063339233,-55.647098541259766,89.07061004638672,1.3866409063339233,-55.647098541259766,89.07061004638672,-1.3866409063339233,-55.647090911865234,89.07061004638672,1.3866409063339233,-55.647090911865234,89.07061004638672,Stop,Stepping
1780509921.1878843,21957.173718598,-1.3866409063339233,-55.647098541259766,89.07061004638672,1.3866409063339233,-55.647098541259766,89.07061004638672,-1.3866409063339233,-55.647090911865234,89.07061004638672,1.3866409063339233,-55.647090911865234,89.07061004638672,Stop,Stepping
1780509921.2078602,21957.196411513,-1.3866409063339233,-55.647098541259766,89.07061004638672,1.3866409063339233,-55.647098541259766,89.07061004638672,-1.3866409063339233,-55.647090911865234,89.07061004638672,1.3866409063339233,-55.647090911865234,89.07061004638672,Stop,Stepping
1780509921.2278798,21957.214337355,-1.3866409063339233,-55.647098541259766,89.07061004638672,1.3866409063339233,-55.647098541259766,89.07061004638672,-1.3866409063339233,-55.647090911865234,89.07061004638672,1.3866409063339233,-55.647090911865234,89.07061004638672,Stop,Stepping
1780509921.2478535,21957.233856956,-1.3866409063339233,-55.647098541259766,89.07061004638672,1.3866409063339233,-55.647098541259766,89.07061004638672,-1.3866409063339233,-55.647090911865234,89.07061004638672,1.3866409063339233,-55.647090911865234,89.07061004638672,Stop,Stepping
1780509921.2678692,21957.253321922,-1.3866409063339233,-55.647098541259766,89.07061004638672,1.3866409063339233,-55.647098541259766,89.07061004638672,-1.3866409063339233,-55.647090911865234,89.07061004638672,1.3866409063339233,-55.647090911865234,89.07061004638672,Stop,Stepping
1780509921.287857,21957.273550338,-1.3866409063339233,-55.647098541259766,89.07061004638672,1.3866409063339233,-55.647098541259766,89.07061004638672,-1.3866409063339233,-55.647090911865234,89.07061004638672,1.3866409063339233,-55.647090911865234,89.07061004638672,Stop,Stepping
1780509921.307873,21957.293710115,-1.3866409063339233,-55.647098541259766,89.07061004638672,1.3866409063339233,-55.647098541259766,89.07061004638672,-1.3866409063339233,-55.647090911865234,89.07061004638672,1.3866409063339233,-55.647090911865234,89.07061004638672,Stop,Stepping
1780509921.3278773,21957.3137261,-1.3866409063339233,-55.647098541259766,89.07061004638672,1.3866409063339233,-55.647098541259766,89.07061004638672,-1.3866409063339233,-55.647090911865234,89.07061004638672,1.3866409063339233,-55.647090911865234,89.07061004638672,Stop,Stepping
1780509921.347864,21957.333266989,-1.3866409063339233,-55.647098541259766,89.07061004638672,1.3866409063339233,-55.647098541259766,89.07061004638672,-1.3866409063339233,-55.647090911865234,89.07061004638672,1.3866409063339233,-55.647090911865234,89.07061004638672,Stop,Stepping
1780509921.3678532,21957.353363889,-1.3866409063339233,-55.647098541259766,89.07061004638672,1.3866409063339233,-55.647098541259766,89.07061004638672,-1.3866409063339233,-55.647090911865234,89.07061004638672,1.3866409063339233,-55.647090911865234,89.07061004638672,Stop,Stepping
1780509921.3879054,21957.374537414,-1.3866409063339233,-55.647098541259766,89.07061004638672,1.3866409063339233,-55.647098541259766,89.07061004638672,-1.3866409063339233,-55.647090911865234,89.07061004638672,1.3866409063339233,-55.647090911865234,89.07061004638672,Stop,Stepping
1780509921.4079351,21957.39363894,-1.3866409063339233,-55.647098541259766,89.07061004638672,1.3866409063339233,-55.647098541259766,89.07061004638672,-1.3866409063339233,-55.647090911865234,89.07061004638672,1.3866409063339233,-55.647090911865234,89.07061004638672,Stop,Stepping
1780509921.427879,21957.413729832,-1.3866409063339233,-55.647098541259766,89.07061004638672,1.3866409063339233,-55.647098541259766,89.07061004638672,-1.3866409063339233,-55.647090911865234,89.07061004638672,1.3866409063339233,-55.647090911865234,89.07061004638672,Stop,Stepping
1780509921.4478555,21957.434242937,-1.3866409063339233,-55.647098541259766,89.07061004638672,1.3866409063339233,-55.647098541259766,89.07061004638672,-1.3866409063339233,-55.647090911865234,89.07061004638672,1.3866409063339233,-55.647090911865234,89.07061004638672,Stop,Stepping
1780509921.4680529,21957.453808142,-1.3866409063339233,-55.647098541259766,89.07061004638672,1.3866409063339233,-55.647098541259766,89.07061004638672,-1.3866409063339233,-55.647090911865234,89.07061004638672,1.3866409063339233,-55.647090911865234,89.07061004638672,Stop,Stepping
1780509921.4878728,21957.47370595,-1.3866409063339233,-55.647098541259766,89.07061004638672,1.3866409063339233,-55.647098541259766,89.07061004638672,-1.3866409063339233,-55.647090911865234,89.07061004638672,1.3866409063339233,-55.647090911865234,89.07061004638672,Stop,Stepping
1780509921.5078752,21957.493869348,-1.3866409063339233,-55.647098541259766,89.07061004638672,1.3866409063339233,-55.647098541259766,89.07061004638672,-1.3866409063339233,-55.647090911865234,89.07061004638672,1.3866409063339233,-55.647090911865234,89.07061004638672,Stop,Stepping
1780509921.527868,21957.514499466,-1.3866409063339233,-55.647098541259766,89.07061004638672,1.3866409063339233,-55.647098541259766,89.07061004638672,-1.3866409063339233,-55.647090911865234,89.07061004638672,1.3866409063339233,-55.647090911865234,89.07061004638672,Stop,Stepping
1780509921.5478854,21957.534331636,-1.3866409063339233,-55.647098541259766,89.07061004638672,1.3866409063339233,-55.647098541259766,89.07061004638672,-1.3866409063339233,-55.647090911865234,89.07061004638672,1.3866409063339233,-55.647090911865234,89.07061004638672,Stop,Stepping
1780509921.5678837,21957.553633801,-1.3866409063339233,-55.647098541259766,89.07061004638672,1.3866409063339233,-55.647098541259766,89.07061004638672,-1.3866409063339233,-55.647090911865234,89.07061004638672,1.3866409063339233,-55.647090911865234,89.07061004638672,Stop,Stepping
1780509921.588151,21957.574276267,-1.3866409063339233,-55.647098541259766,89.07061004638672,1.3866409063339233,-55.647098541259766,89.07061004638672,-1.3866409063339233,-55.647090911865234,89.07061004638672,1.3866409063339233,-55.647090911865234,89.07061004638672,Stop,Stepping
1780509921.6078908,21957.593516362,-1.3866409063339233,-55.647098541259766,89.07061004638672,1.3866409063339233,-55.647098541259766,89.07061004638672,-1.3866409063339233,-55.647090911865234,89.07061004638672,1.3866409063339233,-55.647090911865234,89.07061004638672,Stop,Stepping
1780509921.6278672,21957.614689085,-1.3866409063339233,-55.647098541259766,89.07061004638672,1.3866409063339233,-55.647098541259766,89.07061004638672,-1.3866409063339233,-55.647090911865234,89.07061004638672,1.3866409063339233,-55.647090911865234,89.07061004638672,Stop,Stepping
1780509921.6480634,21957.634080203,-1.3866409063339233,-55.647098541259766,89.07061004638672,1.3866409063339233,-55.647098541259766,89.07061004638672,-1.3866409063339233,-55.647090911865234,89.07061004638672,1.3866409063339233,-55.647090911865234,89.07061004638672,Stop,Stepping
1780509921.6678789,21957.655994227,-1.3866409063339233,-55.647098541259766,89.07061004638672,1.3866409063339233,-55.647098541259766,89.07061004638672,-1.3866409063339233,-55.647090911865234,89.07061004638672,1.3866409063339233,-55.647090911865234,89.07061004638672,Stop,Stepping
1780509921.6879008,21957.6737058,-1.3866409063339233,-55.647098541259766,89.07061004638672,1.3866409063339233,-55.647098541259766,89.07061004638672,-1.3866409063339233,-55.647090911865234,89.07061004638672,1.3866409063339233,-55.647090911865234,89.07061004638672,Stop,Stepping
1780509921.7078857,21957.693426585,-1.3866409063339233,-55.647098541259766,89.07061004638672,1.3866409063339233,-55.647098541259766,89.07061004638672,-1.3866409063339233,-55.647090911865234,89.07061004638672,1.3866409063339233,-55.647090911865234,89.07061004638672,Stop,Stepping
1780509921.7278798,21957.719184699,-1.3866409063339233,-55.647098541259766,89.07061004638672,1.3866409063339233,-55.647098541259766,89.07061004638672,-1.3866409063339233,-55.647090911865234,89.07061004638672,1.3866409063339233,-55.647090911865234,89.07061004638672,Stop,Stepping
1780509921.747866,21957.737318691,-1.3866409063339233,-55.647098541259766,89.07061004638672,1.3866409063339233,-55.647098541259766,89.07061004638672,-1.3866409063339233,-55.647090911865234,89.07061004638672,1.3866409063339233,-55.647090911865234,89.07061004638672,Stop,Stepping
1780509921.7678697,21957.754723993,-1.3866409063339233,-55.647098541259766,89.07061004638672,1.3866409063339233,-55.647098541259766,89.07061004638672,-1.3866409063339233,-55.647090911865234,89.07061004638672,1.3866409063339233,-55.647090911865234,89.07061004638672,Stop,Stepping
1780509921.787882,21957.774045224,-1.3866409063339233,-55.647098541259766,89.07061004638672,1.3866409063339233,-55.647098541259766,89.07061004638672,-1.3866409063339233,-55.647090911865234,89.07061004638672,1.3866409063339233,-55.647090911865234,89.07061004638672,Stop,Stepping
1780509921.8078725,21957.793796092,-1.3866409063339233,-55.647098541259766,89.07061004638672,1.3866409063339233,-55.647098541259766,89.07061004638672,-1.3866409063339233,-55.647090911865234,89.07061004638672,1.3866409063339233,-55.647090911865234,89.07061004638672,Stop,Stepping
1780509921.828106,21957.813726158,-1.3866409063339233,-55.647098541259766,89.07061004638672,1.3866409063339233,-55.647098541259766,89.07061004638672,-1.3866409063339233,-55.647090911865234,89.07061004638672,1.3866409063339233,-55.647090911865234,89.07061004638672,Stop,Stepping
1780509921.8478792,21957.833325417,-1.3866409063339233,-55.647098541259766,89.07061004638672,1.3866409063339233,-55.647098541259766,89.07061004638672,-1.3866409063339233,-55.647090911865234,89.07061004638672,1.3866409063339233,-55.647090911865234,89.07061004638672,Stop,Stepping
1780509921.8678694,21957.854397607,-1.3866409063339233,-55.647098541259766,89.07061004638672,1.3866409063339233,-55.647098541259766,89.07061004638672,-1.3866409063339233,-55.647090911865234,89.07061004638672,1.3866409063339233,-55.647090911865234,89.07061004638672,Stop,Stepping
1780509921.8878872,21957.874097603,-1.3866409063339233,-55.647098541259766,89.07061004638672,1.3866409063339233,-55.647098541259766,89.07061004638672,-1.3866409063339233,-55.647090911865234,89.07061004638672,1.3866409063339233,-55.647090911865234,89.07061004638672,Stop,Stepping
1780509921.9078653,21957.899243678,-1.3866409063339233,-55.647098541259766,89.07061004638672,1.3866409063339233,-55.647098541259766,89.07061004638672,-1.3866409063339233,-55.647090911865234,89.07061004638672,1.3866409063339233,-55.647090911865234,89.07061004638672,Stop,Stepping
1780509921.927876,21957.91376118,-1.3866409063339233,-55.647098541259766,89.07061004638672,1.3866409063339233,-55.647098541259766,89.07061004638672,-1.3866409063339233,-55.647090911865234,89.07061004638672,1.3866409063339233,-55.647090911865234,89.07061004638672,Stop,Stepping
1780509921.9478717,21957.93352223,-1.3866409063339233,-55.647098541259766,89.07061004638672,1.3866409063339233,-55.647098541259766,89.07061004638672,-1.3866409063339233,-55.647090911865234,89.07061004638672,1.3866409063339233,-55.647090911865234,89.07061004638672,Stop,Stepping
1780509921.9678683,21957.953678491,-1.3866409063339233,-55.647098541259766,89.07061004638672,1.3866409063339233,-55.647098541259766,89.07061004638672,-1.3866409063339233,-55.647090911865234,89.07061004638672,1.3866409063339233,-55.647090911865234,89.07061004638672,Stop,Stepping
1780509921.9878757,21957.973210284,-1.3866409063339233,-55.647098541259766,89.07061004638672,1.3866409063339233,-55.647098541259766,89.07061004638672,-1.3866409063339233,-55.647090911865234,89.07061004638672,1.3866409063339233,-55.647090911865234,89.07061004638672,Stop,Stepping
1780509922.0078676,21957.993884038,-1.3866409063339233,-55.647098541259766,89.07061004638672,1.3866409063339233,-55.647098541259766,89.07061004638672,-1.3866409063339233,-55.647090911865234,89.07061004638672,1.3866409063339233,-55.647090911865234,89.07061004638672,Stop,Stepping
1780509922.0278687,21958.016522055,-1.3866409063339233,-55.647098541259766,89.07061004638672,1.3866409063339233,-55.647098541259766,89.07061004638672,-1.3866409063339233,-55.647090911865234,89.07061004638672,1.3866409063339233,-55.647090911865234,89.07061004638672,Stop,Stepping
1780509922.0479019,21958.037290911,-1.3866409063339233,-55.647098541259766,89.07061004638672,1.3866409063339233,-55.647098541259766,89.07061004638672,-1.3866409063339233,-55.647090911865234,89.07061004638672,1.3866409063339233,-55.647090911865234,89.07061004638672,Stop,Stepping
1780509922.067876,21958.054316173,-1.3866409063339233,-55.647098541259766,89.07061004638672,1.3866409063339233,-55.647098541259766,89.07061004638672,-1.3866409063339233,-55.647090911865234,89.07061004638672,1.3866409063339233,-55.647090911865234,89.07061004638672,Stop,Stepping
1780509922.087881,21958.074344469,-1.3866409063339233,-55.647098541259766,89.07061004638672,1.3866409063339233,-55.647098541259766,89.07061004638672,-1.3866409063339233,-55.647090911865234,89.07061004638672,1.3866409063339233,-55.647090911865234,89.07061004638672,Stop,Stepping
1780509922.107877,21958.094031079,-1.3866409063339233,-55.647098541259766,89.07061004638672,1.3866409063339233,-55.647098541259766,89.07061004638672,-1.3866409063339233,-55.647090911865234,89.07061004638672,1.3866409063339233,-55.647090911865234,89.07061004638672,Stop,Stepping
1780509922.1280894,21958.113592386,-1.3866409063339233,-55.647098541259766,89.07061004638672,1.3866409063339233,-55.647098541259766,89.07061004638672,-1.3866409063339233,-55.647090911865234,89.07061004638672,1.3866409063339233,-55.647090911865234,89.07061004638672,Stop,Stepping
1780509922.1478975,21958.134107588,-1.3866409063339233,-55.647098541259766,89.07061004638672,1.3866409063339233,-55.647098541259766,89.07061004638672,-1.3866409063339233,-55.647090911865234,89.07061004638672,1.3866409063339233,-55.647090911865234,89.07061004638672,Stop,Stepping
1780509922.1678958,21958.15369112,-1.3866409063339233,-55.647098541259766,89.07061004638672,1.3866409063339233,-55.647098541259766,89.07061004638672,-1.3866409063339233,-55.647090911865234,89.07061004638672,1.3866409063339233,-55.647090911865234,89.07061004638672,Stop,Stepping
1780509922.1878722,21958.173873416,-1.3866409063339233,-55.647098541259766,89.07061004638672,1.3866409063339233,-55.647098541259766,89.07061004638672,-1.3866409063339233,-55.647090911865234,89.07061004638672,1.3866409063339233,-55.647090911865234,89.07061004638672,Stop,Stepping
1780509922.207882,21958.194470619,-1.3866409063339233,-55.647098541259766,89.07061004638672,1.3866409063339233,-55.647098541259766,89.07061004638672,-1.3866409063339233,-55.647090911865234,89.07061004638672,1.3866409063339233,-55.647090911865234,89.07061004638672,Stop,Stepping
1780509922.2279077,21958.218113629,-1.3866409063339233,-55.647098541259766,89.07061004638672,1.3866409063339233,-55.647098541259766,89.07061004638672,-1.3866409063339233,-55.647090911865234,89.07061004638672,1.3866409063339233,-55.647090911865234,89.07061004638672,Stop,Stepping
1780509922.2478974,21958.234834897,-1.3866409063339233,-55.647098541259766,89.07061004638672,1.3866409063339233,-55.647098541259766,89.07061004638672,-1.3866409063339233,-55.647090911865234,89.07061004638672,1.3866409063339233,-55.647090911865234,89.07061004638672,Stop,Stepping
1780509922.2678816,21958.255798665,-1.3866409063339233,-55.647098541259766,89.07061004638672,1.3866409063339233,-55.647098541259766,89.07061004638672,-1.3866409063339233,-55.647090911865234,89.07061004638672,1.3866409063339233,-55.647090911865234,89.07061004638672,Stop,Stepping
1780509922.2878804,21958.274070614,-1.3866409063339233,-55.647098541259766,89.07061004638672,1.3866409063339233,-55.647098541259766,89.07061004638672,-1.3866409063339233,-55.647090911865234,89.07061004638672,1.3866409063339233,-55.647090911865234,89.07061004638672,Stop,Stepping
1780509922.307906,21958.294806448,-1.3866409063339233,-55.647098541259766,89.07061004638672,1.3866409063339233,-55.647098541259766,89.07061004638672,-1.3866409063339233,-55.647090911865234,89.07061004638672,1.3866409063339233,-55.647090911865234,89.07061004638672,Stop,Stepping
1780509922.3279052,21958.314768147,-1.3866409063339233,-55.647098541259766,89.07061004638672,1.3866409063339233,-55.647098541259766,89.07061004638672,-1.3866409063339233,-55.647090911865234,89.07061004638672,1.3866409063339233,-55.647090911865234,89.07061004638672,Stop,Stepping
1780509922.3479002,21958.334195884,-1.3866409063339233,-55.647098541259766,89.07061004638672,1.3866409063339233,-55.647098541259766,89.07061004638672,-1.3866409063339233,-55.647090911865234,89.07061004638672,1.3866409063339233,-55.647090911865234,89.07061004638672,Stop,Stepping
1780509922.3678658,21958.353569227,-1.3866409063339233,-55.647098541259766,89.07061004638672,1.3866409063339233,-55.647098541259766,89.07061004638672,-1.3866409063339233,-55.647090911865234,89.07061004638672,1.3866409063339233,-55.647090911865234,89.07061004638672,Stop,Stepping
1780509922.387873,21958.373746117,-1.3866409063339233,-55.647098541259766,89.07061004638672,1.3866409063339233,-55.647098541259766,89.07061004638672,-1.3866409063339233,-55.647090911865234,89.07061004638672,1.3866409063339233,-55.647090911865234,89.07061004638672,Stop,Stepping
1780509922.407888,21958.393365146,-1.3866409063339233,-55.647098541259766,89.07061004638672,1.3866409063339233,-55.647098541259766,89.07061004638672,-1.3866409063339233,-55.647090911865234,89.07061004638672,1.3866409063339233,-55.647090911865234,89.07061004638672,Stop,Stepping
1780509922.4278786,21958.413895866,-1.3866409063339233,-55.647098541259766,89.07061004638672,1.3866409063339233,-55.647098541259766,89.07061004638672,-1.3866409063339233,-55.647090911865234,89.07061004638672,1.3866409063339233,-55.647090911865234,89.07061004638672,Stop,Stepping
1780509922.4478776,21958.433962251,-1.3866409063339233,-55.647098541259766,89.07061004638672,1.3866409063339233,-55.647098541259766,89.07061004638672,-1.3866409063339233,-55.647090911865234,89.07061004638672,1.3866409063339233,-55.647090911865234,89.07061004638672,Stop,Stepping
1780509922.4678786,21958.453396917,-1.3866409063339233,-55.647098541259766,89.07061004638672,1.3866409063339233,-55.647098541259766,89.07061004638672,-1.3866409063339233,-55.647090911865234,89.07061004638672,1.3866409063339233,-55.647090911865234,89.07061004638672,Stop,Stepping
1780509922.4878817,21958.473841451,-1.3866409063339233,-55.647098541259766,89.07061004638672,1.3866409063339233,-55.647098541259766,89.07061004638672,-1.3866409063339233,-55.647090911865234,89.07061004638672,1.3866409063339233,-55.647090911865234,89.07061004638672,Stop,Stepping
1780509922.5078907,21958.493624077,-1.3866409063339233,-55.647098541259766,89.07061004638672,1.3866409063339233,-55.647098541259766,89.07061004638672,-1.3866409063339233,-55.647090911865234,89.07061004638672,1.3866409063339233,-55.647090911865234,89.07061004638672,Stop,Stepping
1780509922.5278876,21958.514143351,-1.3866409063339233,-55.647098541259766,89.07061004638672,1.3866409063339233,-55.647098541259766,89.07061004638672,-1.3866409063339233,-55.647090911865234,89.07061004638672,1.3866409063339233,-55.647090911865234,89.07061004638672,Stop,Stepping
1780509922.5478828,21958.533989173,-1.3866409063339233,-55.647098541259766,89.07061004638672,1.3866409063339233,-55.647098541259766,89.07061004638672,-1.3866409063339233,-55.647090911865234,89.07061004638672,1.3866409063339233,-55.647090911865234,89.07061004638672,Stop,Stepping
1780509922.5679584,21958.554572037,-1.3866409063339233,-55.647098541259766,89.07061004638672,1.3866409063339233,-55.647098541259766,89.07061004638672,-1.3866409063339233,-55.647090911865234,89.07061004638672,1.3866409063339233,-55.647090911865234,89.07061004638672,Stop,Stepping
1780509922.5878842,21958.573314972,-1.3866409063339233,-55.647098541259766,89.07061004638672,1.3866409063339233,-55.647098541259766,89.07061004638672,-1.3866409063339233,-55.647090911865234,89.07061004638672,1.3866409063339233,-55.647090911865234,89.07061004638672,Stop,Stepping
1780509922.6078842,21958.593842156,-1.3866409063339233,-55.647098541259766,89.07061004638672,1.3866409063339233,-55.647098541259766,89.07061004638672,-1.3866409063339233,-55.647090911865234,89.07061004638672,1.3866409063339233,-55.647090911865234,89.07061004638672,Stop,Stepping
1780509922.627889,21958.614072405,-1.3866409063339233,-55.647098541259766,89.07061004638672,1.3866409063339233,-55.647098541259766,89.07061004638672,-1.3866409063339233,-55.647090911865234,89.07061004638672,1.3866409063339233,-55.647090911865234,89.07061004638672,Stop,Stepping
1780509922.6478949,21958.633288666,-1.3866409063339233,-55.647098541259766,89.07061004638672,1.3866409063339233,-55.647098541259766,89.07061004638672,-1.3866409063339233,-55.647090911865234,89.07061004638672,1.3866409063339233,-55.647090911865234,89.07061004638672,Stop,Stepping
1780509922.667894,21958.655458576,-1.3866409063339233,-55.647098541259766,89.07061004638672,1.3866409063339233,-55.647098541259766,89.07061004638672,-1.3866409063339233,-55.647090911865234,89.07061004638672,1.3866409063339233,-55.647090911865234,89.07061004638672,Stop,Stepping
1780509922.688045,21958.67394393,-1.3866409063339233,-55.647098541259766,89.07061004638672,1.3866409063339233,-55.647098541259766,89.07061004638672,-1.3866409063339233,-55.647090911865234,89.07061004638672,1.3866409063339233,-55.647090911865234,89.07061004638672,Stop,Stepping
1780509922.707903,21958.693401582,-1.3866409063339233,-55.647098541259766,89.07061004638672,1.3866409063339233,-55.647098541259766,89.07061004638672,-1.3866409063339233,-55.647090911865234,89.07061004638672,1.3866409063339233,-55.647090911865234,89.07061004638672,Stop,Stepping
1780509922.72792,21958.71421027,-1.3866409063339233,-55.647098541259766,89.07061004638672,1.3866409063339233,-55.647098541259766,89.07061004638672,-1.3866409063339233,-55.647090911865234,89.07061004638672,1.3866409063339233,-55.647090911865234,89.07061004638672,Stop,Stepping
1780509922.7481146,21958.735232382,-1.3866409063339233,-55.647098541259766,89.07061004638672,1.3866409063339233,-55.647098541259766,89.07061004638672,-1.3866409063339233,-55.647090911865234,89.07061004638672,1.3866409063339233,-55.647090911865234,89.07061004638672,Stop,Stepping
1780509922.767899,21958.754545955,-1.3866409063339233,-55.647098541259766,89.07061004638672,1.3866409063339233,-55.647098541259766,89.07061004638672,-1.3866409063339233,-55.647090911865234,89.07061004638672,1.3866409063339233,-55.647090911865234,89.07061004638672,Stop,Stepping
1780509922.7878876,21958.773951203,-1.3866409063339233,-55.647098541259766,89.07061004638672,1.3866409063339233,-55.647098541259766,89.07061004638672,-1.3866409063339233,-55.647090911865234,89.07061004638672,1.3866409063339233,-55.647090911865234,89.07061004638672,Stop,Stepping
1780509922.8078933,21958.793606078,-1.3866409063339233,-55.647098541259766,89.07061004638672,1.3866409063339233,-55.647098541259766,89.07061004638672,-1.3866409063339233,-55.647090911865234,89.07061004638672,1.3866409063339233,-55.647090911865234,89.07061004638672,Stop,Stepping
1780509922.8278906,21958.813635242,-1.3866409063339233,-55.647098541259766,89.07061004638672,1.3866409063339233,-55.647098541259766,89.07061004638672,-1.3866409063339233,-55.647090911865234,89.07061004638672,1.3866409063339233,-55.647090911865234,89.07061004638672,Stop,Stepping
1780509922.847892,21958.833993417,-1.3866409063339233,-55.647098541259766,89.07061004638672,1.3866409063339233,-55.647098541259766,89.07061004638672,-1.3866409063339233,-55.647090911865234,89.07061004638672,1.3866409063339233,-55.647090911865234,89.07061004638672,Stop,Stepping
1780509922.8678982,21958.853791771,-1.3866409063339233,-55.647098541259766,89.07061004638672,1.3866409063339233,-55.647098541259766,89.07061004638672,-1.3866409063339233,-55.647090911865234,89.07061004638672,1.3866409063339233,-55.647090911865234,89.07061004638672,Stop,Stepping
1780509922.8879044,21958.873771355,-1.3866409063339233,-55.647098541259766,89.07061004638672,1.3866409063339233,-55.647098541259766,89.07061004638672,-1.3866409063339233,-55.647090911865234,89.07061004638672,1.3866409063339233,-55.647090911865234,89.07061004638672,Stop,Stepping
1780509922.9078958,21958.893312098,-1.3866409063339233,-55.647098541259766,89.07061004638672,1.3866409063339233,-55.647098541259766,89.07061004638672,-1.3866409063339233,-55.647090911865234,89.07061004638672,1.3866409063339233,-55.647090911865234,89.07061004638672,Stop,Stepping
1780509922.9279077,21958.914085586,-1.3866409063339233,-55.647098541259766,89.07061004638672,1.3866409063339233,-55.647098541259766,89.07061004638672,-1.3866409063339233,-55.647090911865234,89.07061004638672,1.3866409063339233,-55.647090911865234,89.07061004638672,Stop,Stepping
1780509922.9478946,21958.934606056,-1.3866409063339233,-55.647098541259766,89.07061004638672,1.3866409063339233,-55.647098541259766,89.07061004638672,-1.3866409063339233,-55.647090911865234,89.07061004638672,1.3866409063339233,-55.647090911865234,89.07061004638672,Stop,Stepping
1780509922.9678993,21958.954157112,-1.3866409063339233,-55.647098541259766,89.07061004638672,1.3866409063339233,-55.647098541259766,89.07061004638672,-1.3866409063339233,-55.647090911865234,89.07061004638672,1.3866409063339233,-55.647090911865234,89.07061004638672,Stop,Stepping
1780509922.9879017,21958.974149857,-1.3866409063339233,-55.647098541259766,89.07061004638672,1.3866409063339233,-55.647098541259766,89.07061004638672,-1.3866409063339233,-55.647090911865234,89.07061004638672,1.3866409063339233,-55.647090911865234,89.07061004638672,Stop,Stepping
1780509923.0079072,21958.993707904,-1.3866409063339233,-55.647098541259766,89.07061004638672,1.3866409063339233,-55.647098541259766,89.07061004638672,-1.3866409063339233,-55.647090911865234,89.07061004638672,1.3866409063339233,-55.647090911865234,89.07061004638672,Stop,Stepping
1780509923.02779,21959.013550446,-1.3866409063339233,-55.647098541259766,89.07061004638672,1.3866409063339233,-55.647098541259766,89.07061004638672,-1.3866409063339233,-55.647090911865234,89.07061004638672,1.3866409063339233,-55.647090911865234,89.07061004638672,Stop,Stepping
1780509923.0478551,21959.033425918,-1.3866409063339233,-55.647098541259766,89.07061004638672,1.3866409063339233,-55.647098541259766,89.07061004638672,-1.3866409063339233,-55.647090911865234,89.07061004638672,1.3866409063339233,-55.647090911865234,89.07061004638672,Stop,Stepping
1780509923.067897,21959.053519844,-1.3866409063339233,-55.647098541259766,89.07061004638672,1.3866409063339233,-55.647098541259766,89.07061004638672,-1.3866409063339233,-55.647090911865234,89.07061004638672,1.3866409063339233,-55.647090911865234,89.07061004638672,Stop,Stepping
1780509923.0878808,21959.074329252,-1.3866409063339233,-55.647098541259766,89.07061004638672,1.3866409063339233,-55.647098541259766,89.07061004638672,-1.3866409063339233,-55.647090911865234,89.07061004638672,1.3866409063339233,-55.647090911865234,89.07061004638672,Stop,Stepping
1780509923.1078637,21959.093895512,-1.3866409063339233,-55.647098541259766,89.07061004638672,1.3866409063339233,-55.647098541259766,89.07061004638672,-1.3866409063339233,-55.647090911865234,89.07061004638672,1.3866409063339233,-55.647090911865234,89.07061004638672,Stop,Stepping
1780509923.1278822,21959.114318681,-1.3866409063339233,-55.647098541259766,89.07061004638672,1.3866409063339233,-55.647098541259766,89.07061004638672,-1.3866409063339233,-55.647090911865234,89.07061004638672,1.3866409063339233,-55.647090911865234,89.07061004638672,Stop,Stepping
1780509923.1478667,21959.133598639,-1.3866409063339233,-55.647098541259766,89.07061004638672,1.3866409063339233,-55.647098541259766,89.07061004638672,-1.3866409063339233,-55.647090911865234,89.07061004638672,1.3866409063339233,-55.647090911865234,89.07061004638672,Stop,Stepping
1780509923.1678739,21959.153545468,-1.3866409063339233,-55.647098541259766,89.07061004638672,1.3866409063339233,-55.647098541259766,89.07061004638672,-1.3866409063339233,-55.647090911865234,89.07061004638672,1.3866409063339233,-55.647090911865234,89.07061004638672,Stop,Stepping
1780509923.1878667,21959.173126302,-1.3866409063339233,-55.647098541259766,89.07061004638672,1.3866409063339233,-55.647098541259766,89.07061004638672,-1.3866409063339233,-55.647090911865234,89.07061004638672,1.3866409063339233,-55.647090911865234,89.07061004638672,Stop,Stepping
1780509923.207873,21959.193140822,-1.3866409063339233,-55.647098541259766,89.07061004638672,1.3866409063339233,-55.647098541259766,89.07061004638672,-1.3866409063339233,-55.647090911865234,89.07061004638672,1.3866409063339233,-55.647090911865234,89.07061004638672,Stop,Stepping
1780509923.227876,21959.214337078,-1.3866409063339233,-55.647098541259766,89.07061004638672,1.3866409063339233,-55.647098541259766,89.07061004638672,-1.3866409063339233,-55.647090911865234,89.07061004638672,1.3866409063339233,-55.647090911865234,89.07061004638672,Stop,Stepping
1780509923.2479804,21959.233771556,-1.3866409063339233,-55.647098541259766,89.07061004638672,1.3866409063339233,-55.647098541259766,89.07061004638672,-1.3866409063339233,-55.647090911865234,89.07061004638672,1.3866409063339233,-55.647090911865234,89.07061004638672,Stop,Stepping
1780509923.2681384,21959.253177441,-1.3866409063339233,-55.647098541259766,89.07061004638672,1.3866409063339233,-55.647098541259766,89.07061004638672,-1.3866409063339233,-55.647090911865234,89.07061004638672,1.3866409063339233,-55.647090911865234,89.07061004638672,Stop,Stepping
1780509923.2878997,21959.273596832,-1.3866409063339233,-55.647098541259766,89.07061004638672,1.3866409063339233,-55.647098541259766,89.07061004638672,-1.3866409063339233,-55.647090911865234,89.07061004638672,1.3866409063339233,-55.647090911865234,89.07061004638672,Stop,Stepping
1780509923.307916,21959.293559629,-1.3866409063339233,-55.647098541259766,89.07061004638672,1.3866409063339233,-55.647098541259766,89.07061004638672,-1.3866409063339233,-55.647090911865234,89.07061004638672,1.3866409063339233,-55.647090911865234,89.07061004638672,Stop,Stepping
1780509923.3279111,21959.314629572,-1.3866409063339233,-55.647098541259766,89.07061004638672,1.3866409063339233,-55.647098541259766,89.07061004638672,-1.3866409063339233,-55.647090911865234,89.07061004638672,1.3866409063339233,-55.647090911865234,89.07061004638672,Stop,Stepping
1780509923.3479095,21959.334636644,-1.3866409063339233,-55.647098541259766,89.07061004638672,1.3866409063339233,-55.647098541259766,89.07061004638672,-1.3866409063339233,-55.647090911865234,89.07061004638672,1.3866409063339233,-55.647090911865234,89.07061004638672,Stop,Stepping
1780509923.367948,21959.354171332,-1.3866409063339233,-55.647098541259766,89.07061004638672,1.3866409063339233,-55.647098541259766,89.07061004638672,-1.3866409063339233,-55.647090911865234,89.07061004638672,1.3866409063339233,-55.647090911865234,89.07061004638672,Stop,Stepping
1780509923.3879108,21959.373291682,-1.3866409063339233,-55.647098541259766,89.07061004638672,1.3866409063339233,-55.647098541259766,89.07061004638672,-1.3866409063339233,-55.647090911865234,89.07061004638672,1.3866409063339233,-55.647090911865234,89.07061004638672,Stop,Stepping
1780509923.4079015,21959.394841168,-1.3866409063339233,-55.647098541259766,89.07061004638672,1.3866409063339233,-55.647098541259766,89.07061004638672,-1.3866409063339233,-55.647090911865234,89.07061004638672,1.3866409063339233,-55.647090911865234,89.07061004638672,Stop,Stepping
1780509923.4279094,21959.413580383,-1.3866409063339233,-55.647098541259766,89.07061004638672,1.3866409063339233,-55.647098541259766,89.07061004638672,-1.3866409063339233,-55.647090911865234,89.07061004638672,1.3866409063339233,-55.647090911865234,89.07061004638672,Stop,Stepping
1780509923.44798,21959.433464504,-1.3866409063339233,-55.647098541259766,89.07061004638672,1.3866409063339233,-55.647098541259766,89.07061004638672,-1.3866409063339233,-55.647090911865234,89.07061004638672,1.3866409063339233,-55.647090911865234,89.07061004638672,Stop,Stepping
1780509923.4679463,21959.455012775,-1.3866409063339233,-55.647098541259766,89.07061004638672,1.3866409063339233,-55.647098541259766,89.07061004638672,-1.3866409063339233,-55.647090911865234,89.07061004638672,1.3866409063339233,-55.647090911865234,89.07061004638672,Stop,Stepping
1780509923.4879012,21959.473663058,-1.3866409063339233,-55.647098541259766,89.07061004638672,1.3866409063339233,-55.647098541259766,89.07061004638672,-1.3866409063339233,-55.647090911865234,89.07061004638672,1.3866409063339233,-55.647090911865234,89.07061004638672,Stop,Stepping
1780509923.5079138,21959.494569197,-1.3866409063339233,-55.647098541259766,89.07061004638672,1.3866409063339233,-55.647098541259766,89.07061004638672,-1.3866409063339233,-55.647090911865234,89.07061004638672,1.3866409063339233,-55.647090911865234,89.07061004638672,Stop,Stepping
1780509923.5278971,21959.514071226,-1.3866409063339233,-55.647098541259766,89.07061004638672,1.3866409063339233,-55.647098541259766,89.07061004638672,-1.3866409063339233,-55.647090911865234,89.07061004638672,1.3866409063339233,-55.647090911865234,89.07061004638672,Stop,Stepping
1780509923.5479174,21959.534444854,-1.3866409063339233,-55.647098541259766,89.07061004638672,1.3866409063339233,-55.647098541259766,89.07061004638672,-1.3866409063339233,-55.647090911865234,89.07061004638672,1.3866409063339233,-55.647090911865234,89.07061004638672,Stop,Stepping
1780509923.5679078,21959.555066299,-1.3866409063339233,-55.647098541259766,89.07061004638672,1.3866409063339233,-55.647098541259766,89.07061004638672,-1.3866409063339233,-55.647090911865234,89.07061004638672,1.3866409063339233,-55.647090911865234,89.07061004638672,Stop,Stepping
1780509923.5879407,21959.573609366,-1.3866409063339233,-55.647098541259766,89.07061004638672,1.3866409063339233,-55.647098541259766,89.07061004638672,-1.3866409063339233,-55.647090911865234,89.07061004638672,1.3866409063339233,-55.647090911865234,89.07061004638672,Stop,Stepping
1780509923.6079028,21959.59364388,-1.3866409063339233,-55.647098541259766,89.07061004638672,1.3866409063339233,-55.647098541259766,89.07061004638672,-1.3866409063339233,-55.647090911865234,89.07061004638672,1.3866409063339233,-55.647090911865234,89.07061004638672,Stop,Stepping
1780509923.6279159,21959.613927191,-1.3866409063339233,-55.647098541259766,89.07061004638672,1.3866409063339233,-55.647098541259766,89.07061004638672,-1.3866409063339233,-55.647090911865234,89.07061004638672,1.3866409063339233,-55.647090911865234,89.07061004638672,Stop,Stepping
1780509923.647944,21959.634310799,-1.3866409063339233,-55.647098541259766,89.07061004638672,1.3866409063339233,-55.647098541259766,89.07061004638672,-1.3866409063339233,-55.647090911865234,89.07061004638672,1.3866409063339233,-55.647090911865234,89.07061004638672,Stop,Stepping
1780509923.6679437,21959.654048101,-1.3866409063339233,-55.647098541259766,89.07061004638672,1.3866409063339233,-55.647098541259766,89.07061004638672,-1.3866409063339233,-55.647090911865234,89.07061004638672,1.3866409063339233,-55.647090911865234,89.07061004638672,Stop,Stepping
1780509923.6879523,21959.673684556,-1.3866409063339233,-55.647098541259766,89.07061004638672,1.3866409063339233,-55.647098541259766,89.07061004638672,-1.3866409063339233,-55.647090911865234,89.07061004638672,1.3866409063339233,-55.647090911865234,89.07061004638672,Stop,Stepping
1780509923.7079055,21959.694227623,-1.3866409063339233,-55.647098541259766,89.07061004638672,1.3866409063339233,-55.647098541259766,89.07061004638672,-1.3866409063339233,-55.647090911865234,89.07061004638672,1.3866409063339233,-55.647090911865234,89.07061004638672,Stop,Stepping
1780509923.7279503,21959.713951535,-1.3866409063339233,-55.647098541259766,89.07061004638672,1.3866409063339233,-55.647098541259766,89.07061004638672,-1.3866409063339233,-55.647090911865234,89.07061004638672,1.3866409063339233,-55.647090911865234,89.07061004638672,Stop,Stepping
1780509923.7478995,21959.734068669,-1.3866409063339233,-55.647098541259766,89.07061004638672,1.3866409063339233,-55.647098541259766,89.07061004638672,-1.3866409063339233,-55.647090911865234,89.07061004638672,1.3866409063339233,-55.647090911865234,89.07061004638672,Stop,Stepping
1780509923.7679243,21959.754636226,-1.3866409063339233,-55.647098541259766,89.07061004638672,1.3866409063339233,-55.647098541259766,89.07061004638672,-1.3866409063339233,-55.647090911865234,89.07061004638672,1.3866409063339233,-55.647090911865234,89.07061004638672,Stop,Stepping
1780509923.7879078,21959.776453534,-1.3866409063339233,-55.647098541259766,89.07061004638672,1.3866409063339233,-55.647098541259766,89.07061004638672,-1.3866409063339233,-55.647090911865234,89.07061004638672,1.3866409063339233,-55.647090911865234,89.07061004638672,Stop,Stepping
1780509923.807906,21959.794587823,-1.3866409063339233,-55.647098541259766,89.07061004638672,1.3866409063339233,-55.647098541259766,89.07061004638672,-1.3866409063339233,-55.647090911865234,89.07061004638672,1.3866409063339233,-55.647090911865234,89.07061004638672,Stop,Stepping
1780509923.827905,21959.81411371,-1.3866409063339233,-55.647098541259766,89.07061004638672,1.3866409063339233,-55.647098541259766,89.07061004638672,-1.3866409063339233,-55.647090911865234,89.07061004638672,1.3866409063339233,-55.647090911865234,89.07061004638672,Stop,Stepping
1780509923.8478982,21959.833508182,-1.3866409063339233,-55.647098541259766,89.07061004638672,1.3866409063339233,-55.647098541259766,89.07061004638672,-1.3866409063339233,-55.647090911865234,89.07061004638672,1.3866409063339233,-55.647090911865234,89.07061004638672,Stop,Stepping
1780509923.867902,21959.854682166,-1.3866409063339233,-55.647098541259766,89.07061004638672,1.3866409063339233,-55.647098541259766,89.07061004638672,-1.3866409063339233,-55.647090911865234,89.07061004638672,1.3866409063339233,-55.647090911865234,89.07061004638672,Stop,Stepping
1780509923.8879013,21959.874059617,-1.3866409063339233,-55.647098541259766,89.07061004638672,1.3866409063339233,-55.647098541259766,89.07061004638672,-1.3866409063339233,-55.647090911865234,89.07061004638672,1.3866409063339233,-55.647090911865234,89.07061004638672,Stop,Stepping
1780509923.907913,21959.89397339,-1.3866409063339233,-55.647098541259766,89.07061004638672,1.3866409063339233,-55.647098541259766,89.07061004638672,-1.3866409063339233,-55.647090911865234,89.07061004638672,1.3866409063339233,-55.647090911865234,89.07061004638672,Stop,Stepping
1780509923.9279127,21959.913285525,-1.3866409063339233,-55.647098541259766,89.07061004638672,1.3866409063339233,-55.647098541259766,89.07061004638672,-1.3866409063339233,-55.647090911865234,89.07061004638672,1.3866409063339233,-55.647090911865234,89.07061004638672,Stop,Stepping
1780509923.947914,21959.933594337,-1.3866409063339233,-55.647098541259766,89.07061004638672,1.3866409063339233,-55.647098541259766,89.07061004638672,-1.3866409063339233,-55.647090911865234,89.07061004638672,1.3866409063339233,-55.647090911865234,89.07061004638672,Stop,Stepping
1780509923.9679146,21959.954389496,-1.3866409063339233,-55.647098541259766,89.07061004638672,1.3866409063339233,-55.647098541259766,89.07061004638672,-1.3866409063339233,-55.647090911865234,89.07061004638672,1.3866409063339233,-55.647090911865234,89.07061004638672,Stop,Stepping
1780509923.987986,21959.974815447,-1.3866409063339233,-55.647098541259766,89.07061004638672,1.3866409063339233,-55.647098541259766,89.07061004638672,-1.3866409063339233,-55.647090911865234,89.07061004638672,1.3866409063339233,-55.647090911865234,89.07061004638672,Stop,Stepping
1780509924.0079203,21959.993789861,-1.3866409063339233,-55.647098541259766,89.07061004638672,1.3866409063339233,-55.647098541259766,89.07061004638672,-1.3866409063339233,-55.647090911865234,89.07061004638672,1.3866409063339233,-55.647090911865234,89.07061004638672,Stop,Stepping
1780509924.0279167,21960.013549395,-1.3866409063339233,-55.647098541259766,89.07061004638672,1.3866409063339233,-55.647098541259766,89.07061004638672,-1.3866409063339233,-55.647090911865234,89.07061004638672,1.3866409063339233,-55.647090911865234,89.07061004638672,Stop,Stepping
1780509924.0479116,21960.033468472,-1.3866409063339233,-55.647098541259766,89.07061004638672,1.3866409063339233,-55.647098541259766,89.07061004638672,-1.3866409063339233,-55.647090911865234,89.07061004638672,1.3866409063339233,-55.647090911865234,89.07061004638672,Stop,Stepping
1780509924.0679216,21960.05355603,-1.3866409063339233,-55.647098541259766,89.07061004638672,1.3866409063339233,-55.647098541259766,89.07061004638672,-1.3866409063339233,-55.647090911865234,89.07061004638672,1.3866409063339233,-55.647090911865234,89.07061004638672,Stop,Stepping
1780509924.0879204,21960.074063036,-1.3866409063339233,-55.647098541259766,89.07061004638672,1.3866409063339233,-55.647098541259766,89.07061004638672,-1.3866409063339233,-55.647090911865234,89.07061004638672,1.3866409063339233,-55.647090911865234,89.07061004638672,Stop,Stepping
1780509924.107965,21960.093891657,-1.3866409063339233,-55.647098541259766,89.07061004638672,1.3866409063339233,-55.647098541259766,89.07061004638672,-1.3866409063339233,-55.647090911865234,89.07061004638672,1.3866409063339233,-55.647090911865234,89.07061004638672,Stop,Stepping
1780509924.1279554,21960.113618356,-1.3866409063339233,-55.647098541259766,89.07061004638672,1.3866409063339233,-55.647098541259766,89.07061004638672,-1.3866409063339233,-55.647090911865234,89.07061004638672,1.3866409063339233,-55.647090911865234,89.07061004638672,Stop,Stepping
1780509924.1479452,21960.133408236,-1.3866409063339233,-55.647098541259766,89.07061004638672,1.3866409063339233,-55.647098541259766,89.07061004638672,-1.3866409063339233,-55.647090911865234,89.07061004638672,1.3866409063339233,-55.647090911865234,89.07061004638672,Stop,Stepping
1780509924.1679223,21960.153417427,-1.3866409063339233,-55.647098541259766,89.07061004638672,1.3866409063339233,-55.647098541259766,89.07061004638672,-1.3866409063339233,-55.647090911865234,89.07061004638672,1.3866409063339233,-55.647090911865234,89.07061004638672,Stop,Stepping
1780509924.1879187,21960.175075235,-1.3866409063339233,-55.647098541259766,89.07061004638672,1.3866409063339233,-55.647098541259766,89.07061004638672,-1.3866409063339233,-55.647090911865234,89.07061004638672,1.3866409063339233,-55.647090911865234,89.07061004638672,Stop,Stepping
1780509924.2079213,21960.194201833,-1.3866409063339233,-55.647098541259766,89.07061004638672,1.3866409063339233,-55.647098541259766,89.07061004638672,-1.3866409063339233,-55.647090911865234,89.07061004638672,1.3866409063339233,-55.647090911865234,89.07061004638672,Stop,Stepping
1780509924.2279162,21960.21445778,-1.3866409063339233,-55.647098541259766,89.07061004638672,1.3866409063339233,-55.647098541259766,89.07061004638672,-1.3866409063339233,-55.647090911865234,89.07061004638672,1.3866409063339233,-55.647090911865234,89.07061004638672,Stop,Stepping
1780509924.247967,21960.234239131,-1.3866409063339233,-55.647098541259766,89.07061004638672,1.3866409063339233,-55.647098541259766,89.07061004638672,-1.3866409063339233,-55.647090911865234,89.07061004638672,1.3866409063339233,-55.647090911865234,89.07061004638672,Stop,Stepping
1780509924.267925,21960.253752173,-1.3866409063339233,-55.647098541259766,89.07061004638672,1.3866409063339233,-55.647098541259766,89.07061004638672,-1.3866409063339233,-55.647090911865234,89.07061004638672,1.3866409063339233,-55.647090911865234,89.07061004638672,Stop,Stepping
1780509924.2879226,21960.273440273,-1.3866409063339233,-55.647098541259766,89.07061004638672,1.3866409063339233,-55.647098541259766,89.07061004638672,-1.3866409063339233,-55.647090911865234,89.07061004638672,1.3866409063339233,-55.647090911865234,89.07061004638672,Stop,Stepping
1780509924.307993,21960.293652365,-1.3866409063339233,-55.647098541259766,89.07061004638672,1.3866409063339233,-55.647098541259766,89.07061004638672,-1.3866409063339233,-55.647090911865234,89.07061004638672,1.3866409063339233,-55.647090911865234,89.07061004638672,Stop,Stepping
1780509924.3279314,21960.314030285,-1.3866409063339233,-55.647098541259766,89.07061004638672,1.3866409063339233,-55.647098541259766,89.07061004638672,-1.3866409063339233,-55.647090911865234,89.07061004638672,1.3866409063339233,-55.647090911865234,89.07061004638672,Stop,Stepping
1780509924.3479185,21960.33403501,-1.3866409063339233,-55.647098541259766,89.07061004638672,1.3866409063339233,-55.647098541259766,89.07061004638672,-1.3866409063339233,-55.647090911865234,89.07061004638672,1.3866409063339233,-55.647090911865234,89.07061004638672,Stop,Stepping
1780509924.3679144,21960.353208551,-1.3866409063339233,-55.647098541259766,89.07061004638672,1.3866409063339233,-55.647098541259766,89.07061004638672,-1.3866409063339233,-55.647090911865234,89.07061004638672,1.3866409063339233,-55.647090911865234,89.07061004638672,Stop,Stepping
1780509924.3879652,21960.373788476,-1.3866409063339233,-55.647098541259766,89.07061004638672,1.3866409063339233,-55.647098541259766,89.07061004638672,-1.3866409063339233,-55.647090911865234,89.07061004638672,1.3866409063339233,-55.647090911865234,89.07061004638672,Stop,Stepping
1780509924.4079602,21960.393557564,-1.3866409063339233,-55.647098541259766,89.07061004638672,1.3866409063339233,-55.647098541259766,89.07061004638672,-1.3866409063339233,-55.647090911865234,89.07061004638672,1.3866409063339233,-55.647090911865234,89.07061004638672,Stop,Stepping
1780509924.4279618,21960.413579072,-1.3866409063339233,-55.647098541259766,89.07061004638672,1.3866409063339233,-55.647098541259766,89.07061004638672,-1.3866409063339233,-55.647090911865234,89.07061004638672,1.3866409063339233,-55.647090911865234,89.07061004638672,Stop,Stepping
1780509924.4479263,21960.433778107,-1.3866409063339233,-55.647098541259766,89.07061004638672,1.3866409063339233,-55.647098541259766,89.07061004638672,-1.3866409063339233,-55.647090911865234,89.07061004638672,1.3866409063339233,-55.647090911865234,89.07061004638672,Stop,Stepping
1780509924.467975,21960.453955066,-1.3866409063339233,-55.647098541259766,89.07061004638672,1.3866409063339233,-55.647098541259766,89.07061004638672,-1.3866409063339233,-55.647090911865234,89.07061004638672,1.3866409063339233,-55.647090911865234,89.07061004638672,Stop,Stepping
1780509924.4879344,21960.473376152,-1.3866409063339233,-55.647098541259766,89.07061004638672,1.3866409063339233,-55.647098541259766,89.07061004638672,-1.3866409063339233,-55.647090911865234,89.07061004638672,1.3866409063339233,-55.647090911865234,89.07061004638672,Stop,Stepping
1780509924.5079248,21960.493275512,-1.3866409063339233,-55.647098541259766,89.07061004638672,1.3866409063339233,-55.647098541259766,89.07061004638672,-1.3866409063339233,-55.647090911865234,89.07061004638672,1.3866409063339233,-55.647090911865234,89.07061004638672,Stop,Stepping
1780509924.5279307,21960.513170475,-1.3866409063339233,-55.647098541259766,89.07061004638672,1.3866409063339233,-55.647098541259766,89.07061004638672,-1.3866409063339233,-55.647090911865234,89.07061004638672,1.3866409063339233,-55.647090911865234,89.07061004638672,Stop,Stepping
1780509924.547933,21960.533347266,-1.3866409063339233,-55.647098541259766,89.07061004638672,1.3866409063339233,-55.647098541259766,89.07061004638672,-1.3866409063339233,-55.647090911865234,89.07061004638672,1.3866409063339233,-55.647090911865234,89.07061004638672,Stop,Stepping
1780509924.567926,21960.553874777,-1.3866409063339233,-55.647098541259766,89.07061004638672,1.3866409063339233,-55.647098541259766,89.07061004638672,-1.3866409063339233,-55.647090911865234,89.07061004638672,1.3866409063339233,-55.647090911865234,89.07061004638672,Stop,Stepping
1780509924.5879428,21960.573739888,-1.3866409063339233,-55.647098541259766,89.07061004638672,1.3866409063339233,-55.647098541259766,89.07061004638672,-1.3866409063339233,-55.647090911865234,89.07061004638672,1.3866409063339233,-55.647090911865234,89.07061004638672,Stop,Stepping
1780509924.607933,21960.593894723,-1.3866409063339233,-55.647098541259766,89.07061004638672,1.3866409063339233,-55.647098541259766,89.07061004638672,-1.3866409063339233,-55.647090911865234,89.07061004638672,1.3866409063339233,-55.647090911865234,89.07061004638672,Stop,Stepping
1780509924.6279528,21960.614268752,-1.3866409063339233,-55.647098541259766,89.07061004638672,1.3866409063339233,-55.647098541259766,89.07061004638672,-1.3866409063339233,-55.647090911865234,89.07061004638672,1.3866409063339233,-55.647090911865234,89.07061004638672,Stop,Stepping
1780509924.6479363,21960.634847491,-1.3866409063339233,-55.647098541259766,89.07061004638672,1.3866409063339233,-55.647098541259766,89.07061004638672,-1.3866409063339233,-55.647090911865234,89.07061004638672,1.3866409063339233,-55.647090911865234,89.07061004638672,Stop,Stepping
1780509924.6679282,21960.654143971,-1.3866409063339233,-55.647098541259766,89.07061004638672,1.3866409063339233,-55.647098541259766,89.07061004638672,-1.3866409063339233,-55.647090911865234,89.07061004638672,1.3866409063339233,-55.647090911865234,89.07061004638672,Stop,Stepping
1780509924.687919,21960.674087883,-1.3866409063339233,-55.647098541259766,89.07061004638672,1.3866409063339233,-55.647098541259766,89.07061004638672,-1.3866409063339233,-55.647090911865234,89.07061004638672,1.3866409063339233,-55.647090911865234,89.07061004638672,Stop,Stepping
1780509924.7079215,21960.693625106,-1.3866409063339233,-55.647098541259766,89.07061004638672,1.3866409063339233,-55.647098541259766,89.07061004638672,-1.3866409063339233,-55.647090911865234,89.07061004638672,1.3866409063339233,-55.647090911865234,89.07061004638672,Stop,Stepping
1780509924.727935,21960.713388818,-1.3866409063339233,-55.647098541259766,89.07061004638672,1.3866409063339233,-55.647098541259766,89.07061004638672,-1.3866409063339233,-55.647090911865234,89.07061004638672,1.3866409063339233,-55.647090911865234,89.07061004638672,Stop,Stepping
1780509924.7479353,21960.734129808,-1.3866409063339233,-55.647098541259766,89.07061004638672,1.3866409063339233,-55.647098541259766,89.07061004638672,-1.3866409063339233,-55.647090911865234,89.07061004638672,1.3866409063339233,-55.647090911865234,89.07061004638672,Stop,Stepping
1780509924.7679138,21960.754060599,-1.3866409063339233,-55.647098541259766,89.07061004638672,1.3866409063339233,-55.647098541259766,89.07061004638672,-1.3866409063339233,-55.647090911865234,89.07061004638672,1.3866409063339233,-55.647090911865234,89.07061004638672,Stop,Stepping
1780509924.787976,21960.773444039,-1.3866409063339233,-55.647098541259766,89.07061004638672,1.3866409063339233,-55.647098541259766,89.07061004638672,-1.3866409063339233,-55.647090911865234,89.07061004638672,1.3866409063339233,-55.647090911865234,89.07061004638672,Stop,Stepping
1780509924.8079531,21960.793800329,-1.3866409063339233,-55.647098541259766,89.07061004638672,1.3866409063339233,-55.647098541259766,89.07061004638672,-1.3866409063339233,-55.647090911865234,89.07061004638672,1.3866409063339233,-55.647090911865234,89.07061004638672,Stop,Stepping
1780509924.8280125,21960.813908401,-1.3866409063339233,-55.647098541259766,89.07061004638672,1.3866409063339233,-55.647098541259766,89.07061004638672,-1.3866409063339233,-55.647090911865234,89.07061004638672,1.3866409063339233,-55.647090911865234,89.07061004638672,Stop,Stepping
1780509924.8479297,21960.834759255,-1.3866409063339233,-55.647098541259766,89.07061004638672,1.3866409063339233,-55.647098541259766,89.07061004638672,-1.3866409063339233,-55.647090911865234,89.07061004638672,1.3866409063339233,-55.647090911865234,89.07061004638672,Stop,Stepping
1780509924.8679693,21960.854760435,-1.3866409063339233,-55.647098541259766,89.07061004638672,1.3866409063339233,-55.647098541259766,89.07061004638672,-1.3866409063339233,-55.647090911865234,89.07061004638672,1.3866409063339233,-55.647090911865234,89.07061004638672,Stop,Stepping
1780509924.8879802,21960.874582775,-1.3866409063339233,-55.647098541259766,89.07061004638672,1.3866409063339233,-55.647098541259766,89.07061004638672,-1.3866409063339233,-55.647090911865234,89.07061004638672,1.3866409063339233,-55.647090911865234,89.07061004638672,Stop,Stepping
1780509924.9079332,21960.893821829,-1.3866409063339233,-55.647098541259766,89.07061004638672,1.3866409063339233,-55.647098541259766,89.07061004638672,-1.3866409063339233,-55.647090911865234,89.07061004638672,1.3866409063339233,-55.647090911865234,89.07061004638672,Stop,Stepping
1780509924.9279397,21960.913413659,-1.3866409063339233,-55.647098541259766,89.07061004638672,1.3866409063339233,-55.647098541259766,89.07061004638672,-1.3866409063339233,-55.647090911865234,89.07061004638672,1.3866409063339233,-55.647090911865234,89.07061004638672,Stop,Stepping
1780509924.9479744,21960.933779302,-1.3866409063339233,-55.647098541259766,89.07061004638672,1.3866409063339233,-55.647098541259766,89.07061004638672,-1.3866409063339233,-55.647090911865234,89.07061004638672,1.3866409063339233,-55.647090911865234,89.07061004638672,Stop,Stepping
1780509924.9679365,21960.954202358,-1.3866409063339233,-55.647098541259766,89.07061004638672,1.3866409063339233,-55.647098541259766,89.07061004638672,-1.3866409063339233,-55.647090911865234,89.07061004638672,1.3866409063339233,-55.647090911865234,89.07061004638672,Stop,Stepping
1780509924.9879313,21960.974100405,-1.3866409063339233,-55.647098541259766,89.07061004638672,1.3866409063339233,-55.647098541259766,89.07061004638672,-1.3866409063339233,-55.647090911865234,89.07061004638672,1.3866409063339233,-55.647090911865234,89.07061004638672,Stop,Stepping
1780509925.007938,21960.993558655,-1.3866409063339233,-55.647098541259766,89.07061004638672,1.3866409063339233,-55.647098541259766,89.07061004638672,-1.3866409063339233,-55.647090911865234,89.07061004638672,1.3866409063339233,-55.647090911865234,89.07061004638672,Stop,Stepping
1780509925.027981,21961.014678915,-1.3866409063339233,-55.647098541259766,89.07061004638672,1.3866409063339233,-55.647098541259766,89.07061004638672,-1.3866409063339233,-55.647090911865234,89.07061004638672,1.3866409063339233,-55.647090911865234,89.07061004638672,Stop,Stepping
1780509925.048141,21961.033678348,-1.3866409063339233,-55.647098541259766,89.07061004638672,1.3866409063339233,-55.647098541259766,89.07061004638672,-1.3866409063339233,-55.647090911865234,89.07061004638672,1.3866409063339233,-55.647090911865234,89.07061004638672,Stop,Stepping
1780509925.0679352,21961.05356041,-1.3866409063339233,-55.647098541259766,89.07061004638672,1.3866409063339233,-55.647098541259766,89.07061004638672,-1.3866409063339233,-55.647090911865234,89.07061004638672,1.3866409063339233,-55.647090911865234,89.07061004638672,Stop,Stepping
1780509925.0879204,21961.074110873,-1.3866409063339233,-55.647098541259766,89.07061004638672,1.3866409063339233,-55.647098541259766,89.07061004638672,-1.3866409063339233,-55.647090911865234,89.07061004638672,1.3866409063339233,-55.647090911865234,89.07061004638672,Stop,Stepping
1780509925.1079333,21961.093764805,-1.3866409063339233,-55.647098541259766,89.07061004638672,1.3866409063339233,-55.647098541259766,89.07061004638672,-1.3866409063339233,-55.647090911865234,89.07061004638672,1.3866409063339233,-55.647090911865234,89.07061004638672,Stop,Stepping
1780509925.127936,21961.113385882,-1.3866409063339233,-55.647098541259766,89.07061004638672,1.3866409063339233,-55.647098541259766,89.07061004638672,-1.3866409063339233,-55.647090911865234,89.07061004638672,1.3866409063339233,-55.647090911865234,89.07061004638672,Stop,Stepping
1780509925.1479363,21961.134171265,-1.3866409063339233,-55.647098541259766,89.07061004638672,1.3866409063339233,-55.647098541259766,89.07061004638672,-1.3866409063339233,-55.647090911865234,89.07061004638672,1.3866409063339233,-55.647090911865234,89.07061004638672,Stop,Stepping
1780509925.1679337,21961.154162662,-1.3866409063339233,-55.647098541259766,89.07061004638672,1.3866409063339233,-55.647098541259766,89.07061004638672,-1.3866409063339233,-55.647090911865234,89.07061004638672,1.3866409063339233,-55.647090911865234,89.07061004638672,Stop,Stepping
1780509925.1879356,21961.174501157,-1.3866409063339233,-55.647098541259766,89.07061004638672,1.3866409063339233,-55.647098541259766,89.07061004638672,-1.3866409063339233,-55.647090911865234,89.07061004638672,1.3866409063339233,-55.647090911865234,89.07061004638672,Stop,Stepping
1780509925.2079306,21961.194366904,-1.3866409063339233,-55.647098541259766,89.07061004638672,1.3866409063339233,-55.647098541259766,89.07061004638672,-1.3866409063339233,-55.647090911865234,89.07061004638672,1.3866409063339233,-55.647090911865234,89.07061004638672,Stop,Stepping
1780509925.2279377,21961.21345261,-1.3866409063339233,-55.647098541259766,89.07061004638672,1.3866409063339233,-55.647098541259766,89.07061004638672,-1.3866409063339233,-55.647090911865234,89.07061004638672,1.3866409063339233,-55.647090911865234,89.07061004638672,Stop,Stepping
1780509925.2479496,21961.234012976,-1.3866409063339233,-55.647098541259766,89.07061004638672,1.3866409063339233,-55.647098541259766,89.07061004638672,-1.3866409063339233,-55.647090911865234,89.07061004638672,1.3866409063339233,-55.647090911865234,89.07061004638672,Stop,Stepping
1780509925.2679386,21961.253453859,-1.3866409063339233,-55.647098541259766,89.07061004638672,1.3866409063339233,-55.647098541259766,89.07061004638672,-1.3866409063339233,-55.647090911865234,89.07061004638672,1.3866409063339233,-55.647090911865234,89.07061004638672,Stop,Stepping
1780509925.287977,21961.273913597,-1.3866409063339233,-55.647098541259766,89.07061004638672,1.3866409063339233,-55.647098541259766,89.07061004638672,-1.3866409063339233,-55.647090911865234,89.07061004638672,1.3866409063339233,-55.647090911865234,89.07061004638672,Stop,Stepping
1780509925.3079383,21961.293810825,-1.3866409063339233,-55.647098541259766,89.07061004638672,1.3866409063339233,-55.647098541259766,89.07061004638672,-1.3866409063339233,-55.647090911865234,89.07061004638672,1.3866409063339233,-55.647090911865234,89.07061004638672,Stop,Stepping
1780509925.3279464,21961.313927779,-1.3866409063339233,-55.647098541259766,89.07061004638672,1.3866409063339233,-55.647098541259766,89.07061004638672,-1.3866409063339233,-55.647090911865234,89.07061004638672,1.3866409063339233,-55.647090911865234,89.07061004638672,Stop,Stepping
1780509925.347939,21961.333943062,-1.3866409063339233,-55.647098541259766,89.07061004638672,1.3866409063339233,-55.647098541259766,89.07061004638672,-1.3866409063339233,-55.647090911865234,89.07061004638672,1.3866409063339233,-55.647090911865234,89.07061004638672,Stop,Stepping
1780509925.3679402,21961.354122024,-1.3866409063339233,-55.647098541259766,89.07061004638672,1.3866409063339233,-55.647098541259766,89.07061004638672,-1.3866409063339233,-55.647090911865234,89.07061004638672,1.3866409063339233,-55.647090911865234,89.07061004638672,Stop,Stepping
1780509925.3879328,21961.374821905,-1.3866409063339233,-55.647098541259766,89.07061004638672,1.3866409063339233,-55.647098541259766,89.07061004638672,-1.3866409063339233,-55.647090911865234,89.07061004638672,1.3866409063339233,-55.647090911865234,89.07061004638672,Stop,Stepping
1780509925.4079452,21961.396764316,-1.3866409063339233,-55.647098541259766,89.07061004638672,1.3866409063339233,-55.647098541259766,89.07061004638672,-1.3866409063339233,-55.647090911865234,89.07061004638672,1.3866409063339233,-55.647090911865234,89.07061004638672,Stop,Stepping
1780509925.427932,21961.414840103,-1.3866409063339233,-55.647098541259766,89.07061004638672,1.3866409063339233,-55.647098541259766,89.07061004638672,-1.3866409063339233,-55.647090911865234,89.07061004638672,1.3866409063339233,-55.647090911865234,89.07061004638672,Stop,Stepping
1780509925.4479272,21961.433462841,-1.3866409063339233,-55.647098541259766,89.07061004638672,1.3866409063339233,-55.647098541259766,89.07061004638672,-1.3866409063339233,-55.647090911865234,89.07061004638672,1.3866409063339233,-55.647090911865234,89.07061004638672,Stop,Stepping
1780509925.4679325,21961.453367258,-1.3866409063339233,-55.647098541259766,89.07061004638672,1.3866409063339233,-55.647098541259766,89.07061004638672,-1.3866409063339233,-55.647090911865234,89.07061004638672,1.3866409063339233,-55.647090911865234,89.07061004638672,Stop,Stepping
1780509925.4879422,21961.473528563,-1.3866409063339233,-55.647098541259766,89.07061004638672,1.3866409063339233,-55.647098541259766,89.07061004638672,-1.3866409063339233,-55.647090911865234,89.07061004638672,1.3866409063339233,-55.647090911865234,89.07061004638672,Stop,Stepping
1780509925.5079317,21961.496691063,-1.3866409063339233,-55.647098541259766,89.07061004638672,1.3866409063339233,-55.647098541259766,89.07061004638672,-1.3866409063339233,-55.647090911865234,89.07061004638672,1.3866409063339233,-55.647090911865234,89.07061004638672,Stop,Stepping
1780509925.5279975,21961.513547614,-1.3866409063339233,-55.647098541259766,89.07061004638672,1.3866409063339233,-55.647098541259766,89.07061004638672,-1.3866409063339233,-55.647090911865234,89.07061004638672,1.3866409063339233,-55.647090911865234,89.07061004638672,Stop,Stepping
1780509925.5478208,21961.533235216,-1.3866409063339233,-55.647098541259766,89.07061004638672,1.3866409063339233,-55.647098541259766,89.07061004638672,-1.3866409063339233,-55.647090911865234,89.07061004638672,1.3866409063339233,-55.647090911865234,89.07061004638672,Stop,Stepping
1780509925.5679495,21961.553321945,-1.3866409063339233,-55.647098541259766,89.07061004638672,1.3866409063339233,-55.647098541259766,89.07061004638672,-1.3866409063339233,-55.647090911865234,89.07061004638672,1.3866409063339233,-55.647090911865234,89.07061004638672,Stop,Stepping
1780509925.5879865,21961.573509042,-1.3866409063339233,-55.647098541259766,89.07061004638672,1.3866409063339233,-55.647098541259766,89.07061004638672,-1.3866409063339233,-55.647090911865234,89.07061004638672,1.3866409063339233,-55.647090911865234,89.07061004638672,Stop,Stepping
1780509925.6079786,21961.593980116,-1.3866409063339233,-55.647098541259766,89.07061004638672,1.3866409063339233,-55.647098541259766,89.07061004638672,-1.3866409063339233,-55.647090911865234,89.07061004638672,1.3866409063339233,-55.647090911865234,89.07061004638672,Stop,Stepping
1780509925.627954,21961.614795722,-1.3866409063339233,-55.647098541259766,89.07061004638672,1.3866409063339233,-55.647098541259766,89.07061004638672,-1.3866409063339233,-55.647090911865234,89.07061004638672,1.3866409063339233,-55.647090911865234,89.07061004638672,Stop,Stepping
1780509925.6479332,21961.634163506,-1.3866409063339233,-55.647098541259766,89.07061004638672,1.3866409063339233,-55.647098541259766,89.07061004638672,-1.3866409063339233,-55.647090911865234,89.07061004638672,1.3866409063339233,-55.647090911865234,89.07061004638672,Stop,Stepping
1780509925.6678631,21961.654274569,-1.3866409063339233,-55.647098541259766,89.07061004638672,1.3866409063339233,-55.647098541259766,89.07061004638672,-1.3866409063339233,-55.647090911865234,89.07061004638672,1.3866409063339233,-55.647090911865234,89.07061004638672,Stop,Stepping
1780509925.687942,21961.675060615,-1.3866409063339233,-55.647098541259766,89.07061004638672,1.3866409063339233,-55.647098541259766,89.07061004638672,-1.3866409063339233,-55.647090911865234,89.07061004638672,1.3866409063339233,-55.647090911865234,89.07061004638672,Stop,Stepping
1780509925.7079232,21961.69363721,-1.3866409063339233,-55.647098541259766,89.07061004638672,1.3866409063339233,-55.647098541259766,89.07061004638672,-1.3866409063339233,-55.647090911865234,89.07061004638672,1.3866409063339233,-55.647090911865234,89.07061004638672,Stop,Stepping
1780509925.727949,21961.713531438,-1.3866409063339233,-55.647098541259766,89.07061004638672,1.3866409063339233,-55.647098541259766,89.07061004638672,-1.3866409063339233,-55.647090911865234,89.07061004638672,1.3866409063339233,-55.647090911865234,89.07061004638672,Stop,Stepping
1780509925.747946,21961.734089382,-1.3866409063339233,-55.647098541259766,89.07061004638672,1.3866409063339233,-55.647098541259766,89.07061004638672,-1.3866409063339233,-55.647090911865234,89.07061004638672,1.3866409063339233,-55.647090911865234,89.07061004638672,Stop,Stepping
1780509925.7679627,21961.754991859,-1.3866409063339233,-55.647098541259766,89.07061004638672,1.3866409063339233,-55.647098541259766,89.07061004638672,-1.3866409063339233,-55.647090911865234,89.07061004638672,1.3866409063339233,-55.647090911865234,89.07061004638672,Stop,Stepping
1780509925.787955,21961.773397308,-1.3866409063339233,-55.647098541259766,89.07061004638672,1.3866409063339233,-55.647098541259766,89.07061004638672,-1.3866409063339233,-55.647090911865234,89.07061004638672,1.3866409063339233,-55.647090911865234,89.07061004638672,Stop,Stepping
1780509925.8079963,21961.79419491,-1.3866409063339233,-55.647098541259766,89.07061004638672,1.3866409063339233,-55.647098541259766,89.07061004638672,-1.3866409063339233,-55.647090911865234,89.07061004638672,1.3866409063339233,-55.647090911865234,89.07061004638672,Stop,Stepping
1780509925.827968,21961.813464423,-1.3866409063339233,-55.647098541259766,89.07061004638672,1.3866409063339233,-55.647098541259766,89.07061004638672,-1.3866409063339233,-55.647090911865234,89.07061004638672,1.3866409063339233,-55.647090911865234,89.07061004638672,Stop,Stepping
1780509925.8479655,21961.835358021,-1.3866409063339233,-55.647098541259766,89.07061004638672,1.3866409063339233,-55.647098541259766,89.07061004638672,-1.3866409063339233,-55.647090911865234,89.07061004638672,1.3866409063339233,-55.647090911865234,89.07061004638672,Stop,Stepping
1780509925.8679354,21961.854446627,-1.3866409063339233,-55.647098541259766,89.07061004638672,1.3866409063339233,-55.647098541259766,89.07061004638672,-1.3866409063339233,-55.647090911865234,89.07061004638672,1.3866409063339233,-55.647090911865234,89.07061004638672,Stop,Stepping
1780509925.887962,21961.874116537,-1.3866409063339233,-55.647098541259766,89.07061004638672,1.3866409063339233,-55.647098541259766,89.07061004638672,-1.3866409063339233,-55.647090911865234,89.07061004638672,1.3866409063339233,-55.647090911865234,89.07061004638672,Stop,Stepping
1780509925.9079504,21961.894262378,-1.3866409063339233,-55.647098541259766,89.07061004638672,1.3866409063339233,-55.647098541259766,89.07061004638672,-1.3866409063339233,-55.647090911865234,89.07061004638672,1.3866409063339233,-55.647090911865234,89.07061004638672,Stop,Stepping
1780509925.9279459,21961.913432542,-1.3866409063339233,-55.647098541259766,89.07061004638672,1.3866409063339233,-55.647098541259766,89.07061004638672,-1.3866409063339233,-55.647090911865234,89.07061004638672,1.3866409063339233,-55.647090911865234,89.07061004638672,Stop,Stepping
1780509925.9479594,21961.934363311,-1.3866409063339233,-55.647098541259766,89.07061004638672,1.3866409063339233,-55.647098541259766,89.07061004638672,-1.3866409063339233,-55.647090911865234,89.07061004638672,1.3866409063339233,-55.647090911865234,89.07061004638672,Stop,Stepping
1780509925.9679909,21961.954933071,-1.3866409063339233,-55.647098541259766,89.07061004638672,1.3866409063339233,-55.647098541259766,89.07061004638672,-1.3866409063339233,-55.647090911865234,89.07061004638672,1.3866409063339233,-55.647090911865234,89.07061004638672,Stop,Stepping
1780509925.9879375,21961.974076581,-1.3866409063339233,-55.647098541259766,89.07061004638672,1.3866409063339233,-55.647098541259766,89.07061004638672,-1.3866409063339233,-55.647090911865234,89.07061004638672,1.3866409063339233,-55.647090911865234,89.07061004638672,Stop,Stepping
1780509926.0079424,21961.993832203,-1.3866409063339233,-55.647098541259766,89.07061004638672,1.3866409063339233,-55.647098541259766,89.07061004638672,-1.3866409063339233,-55.647090911865234,89.07061004638672,1.3866409063339233,-55.647090911865234,89.07061004638672,Stop,Stepping
1780509926.0279455,21962.017714318,-1.3866409063339233,-55.647098541259766,89.07061004638672,1.3866409063339233,-55.647098541259766,89.07061004638672,-1.3866409063339233,-55.647090911865234,89.07061004638672,1.3866409063339233,-55.647090911865234,89.07061004638672,Stop,Stepping
1780509926.0479853,21962.033412872,-1.3866409063339233,-55.647098541259766,89.07061004638672,1.3866409063339233,-55.647098541259766,89.07061004638672,-1.3866409063339233,-55.647090911865234,89.07061004638672,1.3866409063339233,-55.647090911865234,89.07061004638672,Stop,Stepping
1780509926.0679412,21962.054360489,-1.3866409063339233,-55.647098541259766,89.07061004638672,1.3866409063339233,-55.647098541259766,89.07061004638672,-1.3866409063339233,-55.647090911865234,89.07061004638672,1.3866409063339233,-55.647090911865234,89.07061004638672,Stop,Stepping
1780509926.0879555,21962.076486956,-1.3866409063339233,-55.647098541259766,89.07061004638672,1.3866409063339233,-55.647098541259766,89.07061004638672,-1.3866409063339233,-55.647090911865234,89.07061004638672,1.3866409063339233,-55.647090911865234,89.07061004638672,Stop,Stepping
1780509926.1079938,21962.098706531,-1.3866409063339233,-55.647098541259766,89.07061004638672,1.3866409063339233,-55.647098541259766,89.07061004638672,-1.3866409063339233,-55.647090911865234,89.07061004638672,1.3866409063339233,-55.647090911865234,89.07061004638672,Stop,Stepping
1780509926.127949,21962.114556956,-1.3866409063339233,-55.647098541259766,89.07061004638672,1.3866409063339233,-55.647098541259766,89.07061004638672,-1.3866409063339233,-55.647090911865234,89.07061004638672,1.3866409063339233,-55.647090911865234,89.07061004638672,Stop,Stepping
1780509926.14796,21962.133304196,-1.3866409063339233,-55.647098541259766,89.07061004638672,1.3866409063339233,-55.647098541259766,89.07061004638672,-1.3866409063339233,-55.647090911865234,89.07061004638672,1.3866409063339233,-55.647090911865234,89.07061004638672,Stop,Stepping
1780509926.167944,21962.15336915,-1.3866409063339233,-55.647098541259766,89.07061004638672,1.3866409063339233,-55.647098541259766,89.07061004638672,-1.3866409063339233,-55.647090911865234,89.07061004638672,1.3866409063339233,-55.647090911865234,89.07061004638672,Stop,Stepping
1780509926.1879957,21962.173956787,-1.3866409063339233,-55.647098541259766,89.07061004638672,1.3866409063339233,-55.647098541259766,89.07061004638672,-1.3866409063339233,-55.647090911865234,89.07061004638672,1.3866409063339233,-55.647090911865234,89.07061004638672,Stop,Stepping
1780509926.2079453,21962.194095768,-1.3866409063339233,-55.647098541259766,89.07061004638672,1.3866409063339233,-55.647098541259766,89.07061004638672,-1.3866409063339233,-55.647090911865234,89.07061004638672,1.3866409063339233,-55.647090911865234,89.07061004638672,Stop,Stepping
1780509926.2279963,21962.214376572,-1.3866409063339233,-55.647098541259766,89.07061004638672,1.3866409063339233,-55.647098541259766,89.07061004638672,-1.3866409063339233,-55.647090911865234,89.07061004638672,1.3866409063339233,-55.647090911865234,89.07061004638672,Stop,Stepping
1780509926.2479877,21962.234086444,-1.3866409063339233,-55.647098541259766,89.07061004638672,1.3866409063339233,-55.647098541259766,89.07061004638672,-1.3866409063339233,-55.647090911865234,89.07061004638672,1.3866409063339233,-55.647090911865234,89.07061004638672,Stop,Stepping
1780509926.2681525,21962.253686503,-1.3866409063339233,-55.647098541259766,89.07061004638672,1.3866409063339233,-55.647098541259766,89.07061004638672,-1.3866409063339233,-55.647090911865234,89.07061004638672,1.3866409063339233,-55.647090911865234,89.07061004638672,Stop,Stepping
1780509926.2879872,21962.274075481,-1.3866409063339233,-55.647098541259766,89.07061004638672,1.3866409063339233,-55.647098541259766,89.07061004638672,-1.3866409063339233,-55.647090911865234,89.07061004638672,1.3866409063339233,-55.647090911865234,89.07061004638672,Stop,Stepping
1780509926.3080077,21962.294356953,-1.3866409063339233,-55.647098541259766,89.07061004638672,1.3866409063339233,-55.647098541259766,89.07061004638672,-1.3866409063339233,-55.647090911865234,89.07061004638672,1.3866409063339233,-55.647090911865234,89.07061004638672,Stop,Stepping
1780509926.3279486,21962.316363235,-1.3866409063339233,-55.647098541259766,89.07061004638672,1.3866409063339233,-55.647098541259766,89.07061004638672,-1.3866409063339233,-55.647090911865234,89.07061004638672,1.3866409063339233,-55.647090911865234,89.07061004638672,Stop,Stepping
1780509926.3479595,21962.33391484,-1.3866409063339233,-55.647098541259766,89.07061004638672,1.3866409063339233,-55.647098541259766,89.07061004638672,-1.3866409063339233,-55.647090911865234,89.07061004638672,1.3866409063339233,-55.647090911865234,89.07061004638672,Stop,Stepping
1780509926.3679535,21962.354165859,-1.3866409063339233,-55.647098541259766,89.07061004638672,1.3866409063339233,-55.647098541259766,89.07061004638672,-1.3866409063339233,-55.647090911865234,89.07061004638672,1.3866409063339233,-55.647090911865234,89.07061004638672,Stop,Stepping
1780509926.3879638,21962.373517941,-1.3866409063339233,-55.647098541259766,89.07061004638672,1.3866409063339233,-55.647098541259766,89.07061004638672,-1.3866409063339233,-55.647090911865234,89.07061004638672,1.3866409063339233,-55.647090911865234,89.07061004638672,Stop,Stepping
1780509926.4079928,21962.393577249,-1.3866409063339233,-55.647098541259766,89.07061004638672,1.3866409063339233,-55.647098541259766,89.07061004638672,-1.3866409063339233,-55.647090911865234,89.07061004638672,1.3866409063339233,-55.647090911865234,89.07061004638672,Stop,Stepping
1780509926.4281654,21962.413886998,-1.3866409063339233,-55.647098541259766,89.07061004638672,1.3866409063339233,-55.647098541259766,89.07061004638672,-1.3866409063339233,-55.647090911865234,89.07061004638672,1.3866409063339233,-55.647090911865234,89.07061004638672,Stop,Stepping
1780509926.4479632,21962.435704072,-1.3866409063339233,-55.647098541259766,89.07061004638672,1.3866409063339233,-55.647098541259766,89.07061004638672,-1.3866409063339233,-55.647090911865234,89.07061004638672,1.3866409063339233,-55.647090911865234,89.07061004638672,Stop,Stepping
1780509926.4679632,21962.45350613,-1.3866409063339233,-55.647098541259766,89.07061004638672,1.3866409063339233,-55.647098541259766,89.07061004638672,-1.3866409063339233,-55.647090911865234,89.07061004638672,1.3866409063339233,-55.647090911865234,89.07061004638672,Stop,Stepping
1780509926.487949,21962.474052346,-1.3866409063339233,-55.647098541259766,89.07061004638672,1.3866409063339233,-55.647098541259766,89.07061004638672,-1.3866409063339233,-55.647090911865234,89.07061004638672,1.3866409063339233,-55.647090911865234,89.07061004638672,Stop,Stepping
1780509926.508007,21962.494427045,-1.3866409063339233,-55.647098541259766,89.07061004638672,1.3866409063339233,-55.647098541259766,89.07061004638672,-1.3866409063339233,-55.647090911865234,89.07061004638672,1.3866409063339233,-55.647090911865234,89.07061004638672,Stop,Stepping
1780509926.5279665,21962.514409953,-1.3866409063339233,-55.647098541259766,89.07061004638672,1.3866409063339233,-55.647098541259766,89.07061004638672,-1.3866409063339233,-55.647090911865234,89.07061004638672,1.3866409063339233,-55.647090911865234,89.07061004638672,Stop,Stepping
1780509926.5479603,21962.534266787,-1.3866409063339233,-55.647098541259766,89.07061004638672,1.3866409063339233,-55.647098541259766,89.07061004638672,-1.3866409063339233,-55.647090911865234,89.07061004638672,1.3866409063339233,-55.647090911865234,89.07061004638672,Stop,Stepping
1780509926.5680075,21962.553886719,-1.3866409063339233,-55.647098541259766,89.07061004638672,1.3866409063339233,-55.647098541259766,89.07061004638672,-1.3866409063339233,-55.647090911865234,89.07061004638672,1.3866409063339233,-55.647090911865234,89.07061004638672,Stop,Stepping
1780509926.587997,21962.573522334,-1.3866409063339233,-55.647098541259766,89.07061004638672,1.3866409063339233,-55.647098541259766,89.07061004638672,-1.3866409063339233,-55.647090911865234,89.07061004638672,1.3866409063339233,-55.647090911865234,89.07061004638672,Stop,Stepping
1780509926.6080043,21962.594274121,-1.3866409063339233,-55.647098541259766,89.07061004638672,1.3866409063339233,-55.647098541259766,89.07061004638672,-1.3866409063339233,-55.647090911865234,89.07061004638672,1.3866409063339233,-55.647090911865234,89.07061004638672,Stop,Stepping
1780509926.628002,21962.615463948,-1.3866409063339233,-55.647098541259766,89.07061004638672,1.3866409063339233,-55.647098541259766,89.07061004638672,-1.3866409063339233,-55.647090911865234,89.07061004638672,1.3866409063339233,-55.647090911865234,89.07061004638672,Stop,Stepping
1780509926.6479619,21962.634488584,-1.3866409063339233,-55.647098541259766,89.07061004638672,1.3866409063339233,-55.647098541259766,89.07061004638672,-1.3866409063339233,-55.647090911865234,89.07061004638672,1.3866409063339233,-55.647090911865234,89.07061004638672,Stop,Stepping
1780509926.6679707,21962.653570775,-1.3866409063339233,-55.647098541259766,89.07061004638672,1.3866409063339233,-55.647098541259766,89.07061004638672,-1.3866409063339233,-55.647090911865234,89.07061004638672,1.3866409063339233,-55.647090911865234,89.07061004638672,Stop,Stepping
1780509926.6879566,21962.673178573,-1.3866409063339233,-55.647098541259766,89.07061004638672,1.3866409063339233,-55.647098541259766,89.07061004638672,-1.3866409063339233,-55.647090911865234,89.07061004638672,1.3866409063339233,-55.647090911865234,89.07061004638672,Stop,Stepping
1780509926.7079644,21962.694402458,-1.3866409063339233,-55.647098541259766,89.07061004638672,1.3866409063339233,-55.647098541259766,89.07061004638672,-1.3866409063339233,-55.647090911865234,89.07061004638672,1.3866409063339233,-55.647090911865234,89.07061004638672,Stop,Stepping
1780509926.727957,21962.714487108,-1.3866409063339233,-55.647098541259766,89.07061004638672,1.3866409063339233,-55.647098541259766,89.07061004638672,-1.3866409063339233,-55.647090911865234,89.07061004638672,1.3866409063339233,-55.647090911865234,89.07061004638672,Stop,Stepping
1780509926.747957,21962.736083289,-1.3866409063339233,-55.647098541259766,89.07061004638672,1.3866409063339233,-55.647098541259766,89.07061004638672,-1.3866409063339233,-55.647090911865234,89.07061004638672,1.3866409063339233,-55.647090911865234,89.07061004638672,Stop,Stepping
1780509926.7679584,21962.753858743,-1.3866409063339233,-55.647098541259766,89.07061004638672,1.3866409063339233,-55.647098541259766,89.07061004638672,-1.3866409063339233,-55.647090911865234,89.07061004638672,1.3866409063339233,-55.647090911865234,89.07061004638672,Stop,Stepping
1780509926.787959,21962.777924139,-1.3866409063339233,-55.647098541259766,89.07061004638672,1.3866409063339233,-55.647098541259766,89.07061004638672,-1.3866409063339233,-55.647090911865234,89.07061004638672,1.3866409063339233,-55.647090911865234,89.07061004638672,Stop,Stepping
1780509926.8081226,21962.793744255,-1.3866409063339233,-55.647098541259766,89.07061004638672,1.3866409063339233,-55.647098541259766,89.07061004638672,-1.3866409063339233,-55.647090911865234,89.07061004638672,1.3866409063339233,-55.647090911865234,89.07061004638672,Stop,Stepping
1780509926.8280077,21962.813408185,-1.3866409063339233,-55.647098541259766,89.07061004638672,1.3866409063339233,-55.647098541259766,89.07061004638672,-1.3866409063339233,-55.647090911865234,89.07061004638672,1.3866409063339233,-55.647090911865234,89.07061004638672,Stop,Stepping
1780509926.8479643,21962.833709321,-1.3866409063339233,-55.647098541259766,89.07061004638672,1.3866409063339233,-55.647098541259766,89.07061004638672,-1.3866409063339233,-55.647090911865234,89.07061004638672,1.3866409063339233,-55.647090911865234,89.07061004638672,Stop,Stepping
1780509926.86793,21962.853966224,-1.3866409063339233,-55.647098541259766,89.07061004638672,1.3866409063339233,-55.647098541259766,89.07061004638672,-1.3866409063339233,-55.647090911865234,89.07061004638672,1.3866409063339233,-55.647090911865234,89.07061004638672,Stop,Stepping
1780509926.8879788,21962.874227848,-1.3866409063339233,-55.647098541259766,89.07061004638672,1.3866409063339233,-55.647098541259766,89.07061004638672,-1.3866409063339233,-55.647090911865234,89.07061004638672,1.3866409063339233,-55.647090911865234,89.07061004638672,Stop,Stepping
1780509926.9079702,21962.894362727,-1.3866409063339233,-55.647098541259766,89.07061004638672,1.3866409063339233,-55.647098541259766,89.07061004638672,-1.3866409063339233,-55.647090911865234,89.07061004638672,1.3866409063339233,-55.647090911865234,89.07061004638672,Stop,Stepping
1780509926.9279625,21962.914547912,-1.3866409063339233,-55.647098541259766,89.07061004638672,1.3866409063339233,-55.647098541259766,89.07061004638672,-1.3866409063339233,-55.647090911865234,89.07061004638672,1.3866409063339233,-55.647090911865234,89.07061004638672,Stop,Stepping
1780509926.9479592,21962.93525055,-1.3866409063339233,-55.647098541259766,89.07061004638672,1.3866409063339233,-55.647098541259766,89.07061004638672,-1.3866409063339233,-55.647090911865234,89.07061004638672,1.3866409063339233,-55.647090911865234,89.07061004638672,Stop,Stepping
1780509926.9679585,21962.95348577,-1.3866409063339233,-55.647098541259766,89.07061004638672,1.3866409063339233,-55.647098541259766,89.07061004638672,-1.3866409063339233,-55.647090911865234,89.07061004638672,1.3866409063339233,-55.647090911865234,89.07061004638672,Stop,Stepping
1780509926.9879277,21962.974969079,-1.3866409063339233,-55.647098541259766,89.07061004638672,1.3866409063339233,-55.647098541259766,89.07061004638672,-1.3866409063339233,-55.647090911865234,89.07061004638672,1.3866409063339233,-55.647090911865234,89.07061004638672,Stop,Stepping
1780509927.007958,21962.993515081,-1.3866409063339233,-55.647098541259766,89.07061004638672,1.3866409063339233,-55.647098541259766,89.07061004638672,-1.3866409063339233,-55.647090911865234,89.07061004638672,1.3866409063339233,-55.647090911865234,89.07061004638672,Stop,Stepping
1780509927.0279634,21963.014758691,-1.3866409063339233,-55.647098541259766,89.07061004638672,1.3866409063339233,-55.647098541259766,89.07061004638672,-1.3866409063339233,-55.647090911865234,89.07061004638672,1.3866409063339233,-55.647090911865234,89.07061004638672,Stop,Stepping
1780509927.0479615,21963.035430152,-1.3866409063339233,-55.647098541259766,89.07061004638672,1.3866409063339233,-55.647098541259766,89.07061004638672,-1.3866409063339233,-55.647090911865234,89.07061004638672,1.3866409063339233,-55.647090911865234,89.07061004638672,Stop,Stepping
1780509927.0679636,21963.055358253,-1.3866409063339233,-55.647098541259766,89.07061004638672,1.3866409063339233,-55.647098541259766,89.07061004638672,-1.3866409063339233,-55.647090911865234,89.07061004638672,1.3866409063339233,-55.647090911865234,89.07061004638672,Stop,Stepping
1780509927.0879877,21963.074225141,-1.3866409063339233,-55.647098541259766,89.07061004638672,1.3866409063339233,-55.647098541259766,89.07061004638672,-1.3866409063339233,-55.647090911865234,89.07061004638672,1.3866409063339233,-55.647090911865234,89.07061004638672,Stop,Stepping
1780509927.1079726,21963.094434862,-1.3866409063339233,-55.647098541259766,89.07061004638672,1.3866409063339233,-55.647098541259766,89.07061004638672,-1.3866409063339233,-55.647090911865234,89.07061004638672,1.3866409063339233,-55.647090911865234,89.07061004638672,Go,Stepping
1780509927.1279762,21963.114191106,-1.3866409063339233,-55.647098541259766,89.07061004638672,1.3866409063339233,-55.647098541259766,89.07061004638672,-1.3866409063339233,-55.647090911865234,89.07061004638672,1.3866409063339233,-55.647090911865234,89.07061004638672,Stop,Stepping
1780509927.148025,21963.1368453,-1.3866409063339233,-55.647098541259766,89.07061004638672,1.3866409063339233,-55.647098541259766,89.07061004638672,-1.3866409063339233,-55.647090911865234,89.07061004638672,1.3866409063339233,-55.647090911865234,89.07061004638672,Stop,Stepping
1780509927.1679754,21963.153794689,-1.3866409063339233,-55.647098541259766,89.07061004638672,1.3866409063339233,-55.647098541259766,89.07061004638672,-1.3866409063339233,-55.647090911865234,89.07061004638672,1.3866409063339233,-55.647090911865234,89.07061004638672,Stop,Stepping
1780509927.1879706,21963.173830574,-1.3866409063339233,-55.647098541259766,89.07061004638672,1.3866409063339233,-55.647098541259766,89.07061004638672,-1.3866409063339233,-55.647090911865234,89.07061004638672,1.3866409063339233,-55.647090911865234,89.07061004638672,Stop,Stepping
1780509927.2080016,21963.193623651,-1.3866409063339233,-55.647098541259766,89.07061004638672,1.3866409063339233,-55.647098541259766,89.07061004638672,-1.3866409063339233,-55.647090911865234,89.07061004638672,1.3866409063339233,-55.647090911865234,89.07061004638672,Stop,Stepping
1780509927.227979,21963.213446441,-1.3866409063339233,-55.647098541259766,89.07061004638672,1.3866409063339233,-55.647098541259766,89.07061004638672,-1.3866409063339233,-55.647090911865234,89.07061004638672,1.3866409063339233,-55.647090911865234,89.07061004638672,Stop,Stepping
1780509927.248029,21963.235410745,-1.3866409063339233,-55.647098541259766,89.07061004638672,1.3866409063339233,-55.647098541259766,89.07061004638672,-1.3866409063339233,-55.647090911865234,89.07061004638672,1.3866409063339233,-55.647090911865234,89.07061004638672,Stop,Stepping
1780509927.2679696,21963.253923307,-1.3866409063339233,-55.647098541259766,89.07061004638672,1.3866409063339233,-55.647098541259766,89.07061004638672,-1.3866409063339233,-55.647090911865234,89.07061004638672,1.3866409063339233,-55.647090911865234,89.07061004638672,Stop,Stepping
1780509927.287973,21963.275323058,-1.3866409063339233,-55.647098541259766,89.07061004638672,1.3866409063339233,-55.647098541259766,89.07061004638672,-1.3866409063339233,-55.647090911865234,89.07061004638672,1.3866409063339233,-55.647090911865234,89.07061004638672,Stop,Stepping
1780509927.3079941,21963.294106128,-1.3866409063339233,-55.647098541259766,89.07061004638672,1.3866409063339233,-55.647098541259766,89.07061004638672,-1.3866409063339233,-55.647090911865234,89.07061004638672,1.3866409063339233,-55.647090911865234,89.07061004638672,Stop,Stepping
1780509927.3280098,21963.313395131,-1.3866409063339233,-55.647098541259766,89.07061004638672,1.3866409063339233,-55.647098541259766,89.07061004638672,-1.3866409063339233,-55.647090911865234,89.07061004638672,1.3866409063339233,-55.647090911865234,89.07061004638672,Stop,Stepping
1780509927.3479826,21963.333579946,-1.3866409063339233,-55.647098541259766,89.07061004638672,1.3866409063339233,-55.647098541259766,89.07061004638672,-1.3866409063339233,-55.647090911865234,89.07061004638672,1.3866409063339233,-55.647090911865234,89.07061004638672,Stop,Stepping
1780509927.3679788,21963.353952749,-1.3866409063339233,-55.647098541259766,89.07061004638672,1.3866409063339233,-55.647098541259766,89.07061004638672,-1.3866409063339233,-55.647090911865234,89.07061004638672,1.3866409063339233,-55.647090911865234,89.07061004638672,Stop,Stepping
1780509927.3879693,21963.373593218,-1.3866409063339233,-55.647098541259766,89.07061004638672,1.3866409063339233,-55.647098541259766,89.07061004638672,-1.3866409063339233,-55.647090911865234,89.07061004638672,1.3866409063339233,-55.647090911865234,89.07061004638672,Stop,Stepping
1780509927.4079814,21963.399883951,-1.3866409063339233,-55.647098541259766,89.07061004638672,1.3866409063339233,-55.647098541259766,89.07061004638672,-1.3866409063339233,-55.647090911865234,89.07061004638672,1.3866409063339233,-55.647090911865234,89.07061004638672,Stop,Stepping
1780509927.4279623,21963.41417566,-1.3866409063339233,-55.647098541259766,89.07061004638672,1.3866409063339233,-55.647098541259766,89.07061004638672,-1.3866409063339233,-55.647090911865234,89.07061004638672,1.3866409063339233,-55.647090911865234,89.07061004638672,Stop,Stepping
1780509927.447968,21963.434192721,-1.3866409063339233,-55.647098541259766,89.07061004638672,1.3866409063339233,-55.647098541259766,89.07061004638672,-1.3866409063339233,-55.647090911865234,89.07061004638672,1.3866409063339233,-55.647090911865234,89.07061004638672,Go,Stepping
1780509927.467967,21963.454527309,-1.3866409063339233,-55.647098541259766,89.07061004638672,1.3866409063339233,-55.647098541259766,89.07061004638672,-1.3866409063339233,-55.647090911865234,89.07061004638672,1.3866409063339233,-55.647090911865234,89.07061004638672,Go,Stepping
1780509927.487966,21963.473509984,-1.3866409063339233,-55.647098541259766,89.07061004638672,1.3866409063339233,-55.647098541259766,89.07061004638672,-1.3866409063339233,-55.647090911865234,89.07061004638672,1.3866409063339233,-55.647090911865234,89.07061004638672,Stop,Stepping
1780509927.5079305,21963.493364846,-1.3866409063339233,-55.647098541259766,89.07061004638672,1.3866409063339233,-55.647098541259766,89.07061004638672,-1.3866409063339233,-55.647090911865234,89.07061004638672,1.3866409063339233,-55.647090911865234,89.07061004638672,Stop,Stepping
1780509927.527976,21963.513643631,-1.3866409063339233,-55.647098541259766,89.07061004638672,1.3866409063339233,-55.647098541259766,89.07061004638672,-1.3866409063339233,-55.647090911865234,89.07061004638672,1.3866409063339233,-55.647090911865234,89.07061004638672,Stop,Stepping
1780509927.5479794,21963.534103645,-1.3866409063339233,-55.647098541259766,89.07061004638672,1.3866409063339233,-55.647098541259766,89.07061004638672,-1.3866409063339233,-55.647090911865234,89.07061004638672,1.3866409063339233,-55.647090911865234,89.07061004638672,Stop,Stepping
1780509927.5679255,21963.55420173,-1.3866409063339233,-55.647098541259766,89.07061004638672,1.3866409063339233,-55.647098541259766,89.07061004638672,-1.3866409063339233,-55.647090911865234,89.07061004638672,1.3866409063339233,-55.647090911865234,89.07061004638672,Stop,Stepping
1780509927.5882075,21963.575335352,-1.3866409063339233,-55.647098541259766,89.07061004638672,1.3866409063339233,-55.647098541259766,89.07061004638672,-1.3866409063339233,-55.647090911865234,89.07061004638672,1.3866409063339233,-55.647090911865234,89.07061004638672,Stop,Stepping
1780509927.6079807,21963.594502929,-1.3866409063339233,-55.647098541259766,89.07061004638672,1.3866409063339233,-55.647098541259766,89.07061004638672,-1.3866409063339233,-55.647090911865234,89.07061004638672,1.3866409063339233,-55.647090911865234,89.07061004638672,Stop,Stepping
1780509927.6279702,21963.614684363,-1.3866409063339233,-55.647098541259766,89.07061004638672,1.3866409063339233,-55.647098541259766,89.07061004638672,-1.3866409063339233,-55.647090911865234,89.07061004638672,1.3866409063339233,-55.647090911865234,89.07061004638672,Stop,Stepping
1780509927.6479642,21963.634898371,-1.3866409063339233,-55.647098541259766,89.07061004638672,1.3866409063339233,-55.647098541259766,89.07061004638672,-1.3866409063339233,-55.647090911865234,89.07061004638672,1.3866409063339233,-55.647090911865234,89.07061004638672,Stop,Stepping
1780509927.667977,21963.655278016,-1.3866409063339233,-55.647098541259766,89.07061004638672,1.3866409063339233,-55.647098541259766,89.07061004638672,-1.3866409063339233,-55.647090911865234,89.07061004638672,1.3866409063339233,-55.647090911865234,89.07061004638672,Stop,Stepping
1780509927.6879692,21963.675214959,-1.3866409063339233,-55.647098541259766,89.07061004638672,1.3866409063339233,-55.647098541259766,89.07061004638672,-1.3866409063339233,-55.647090911865234,89.07061004638672,1.3866409063339233,-55.647090911865234,89.07061004638672,Stop,Stepping
1780509927.7078881,21963.693287397,-1.3866409063339233,-55.647098541259766,89.07061004638672,1.3866409063339233,-55.647098541259766,89.07061004638672,-1.3866409063339233,-55.647090911865234,89.07061004638672,1.3866409063339233,-55.647090911865234,89.07061004638672,Go,Stepping
1780509927.727986,21963.713486058,-1.3866409063339233,-55.647098541259766,89.07061004638672,1.3866409063339233,-55.647098541259766,89.07061004638672,-1.3866409063339233,-55.647090911865234,89.07061004638672,1.3866409063339233,-55.647090911865234,89.07061004638672,Stop,Stepping
1780509927.7480476,21963.733864417,-1.3866409063339233,-55.647098541259766,89.07061004638672,1.3866409063339233,-55.647098541259766,89.07061004638672,-1.3866409063339233,-55.647090911865234,89.07061004638672,1.3866409063339233,-55.647090911865234,89.07061004638672,Stop,Stepping
1780509927.767994,21963.757937334,-1.3866409063339233,-55.647098541259766,89.07061004638672,1.3866409063339233,-55.647098541259766,89.07061004638672,-1.3866409063339233,-55.647090911865234,89.07061004638672,1.3866409063339233,-55.647090911865234,89.07061004638672,Stop,Stepping
1780509927.788004,21963.773849284,-1.3866409063339233,-55.647098541259766,89.07061004638672,1.3866409063339233,-55.647098541259766,89.07061004638672,-1.3866409063339233,-55.647090911865234,89.07061004638672,1.3866409063339233,-55.647090911865234,89.07061004638672,Go,Stepping
1780509927.808003,21963.79414813,-1.3866409063339233,-55.647098541259766,89.07061004638672,1.3866409063339233,-55.647098541259766,89.07061004638672,-1.3866409063339233,-55.647090911865234,89.07061004638672,1.3866409063339233,-55.647090911865234,89.07061004638672,Go,Stepping
1780509927.8279846,21963.814704424,-1.3866409063339233,-55.647098541259766,89.07061004638672,1.3866409063339233,-55.647098541259766,89.07061004638672,-1.3866409063339233,-55.647090911865234,89.07061004638672,1.3866409063339233,-55.647090911865234,89.07061004638672,Go,Stepping
1780509927.8480284,21963.835087879,-1.3866409063339233,-55.647098541259766,89.07061004638672,1.3866409063339233,-55.647098541259766,89.07061004638672,-1.3866409063339233,-55.647090911865234,89.07061004638672,1.3866409063339233,-55.647090911865234,89.07061004638672,Go,Stepping
1780509927.868,21963.857433279,-1.3866409063339233,-55.647098541259766,89.07061004638672,1.3866409063339233,-55.647098541259766,89.07061004638672,-1.3866409063339233,-55.647090911865234,89.07061004638672,1.3866409063339233,-55.647090911865234,89.07061004638672,Go,Stepping
1780509927.8879898,21963.87431961,-1.3866409063339233,-55.647098541259766,89.07061004638672,1.3866409063339233,-55.647098541259766,89.07061004638672,-1.3866409063339233,-55.647090911865234,89.07061004638672,1.3866409063339233,-55.647090911865234,89.07061004638672,Go,Stepping
1780509927.9079826,21963.893442098,-1.3866409063339233,-55.647098541259766,89.07061004638672,1.3866409063339233,-55.647098541259766,89.07061004638672,-1.3866409063339233,-55.647090911865234,89.07061004638672,1.3866409063339233,-55.647090911865234,89.07061004638672,Go,Stepping
1780509927.9280362,21963.913556514,-1.3866409063339233,-55.647098541259766,89.07061004638672,1.3866409063339233,-55.647098541259766,89.07061004638672,-1.3866409063339233,-55.647090911865234,89.07061004638672,1.3866409063339233,-55.647090911865234,89.07061004638672,Go,Stepping
1780509927.9479926,21963.933442447,-1.3866409063339233,-55.647098541259766,89.07061004638672,1.3866409063339233,-55.647098541259766,89.07061004638672,-1.3866409063339233,-55.647090911865234,89.07061004638672,1.3866409063339233,-55.647090911865234,89.07061004638672,Go,Stepping
1780509927.9680045,21963.955201447,-1.3866409063339233,-55.647098541259766,89.07061004638672,1.3866409063339233,-55.647098541259766,89.07061004638672,-1.3866409063339233,-55.647090911865234,89.07061004638672,1.3866409063339233,-55.647090911865234,89.07061004638672,Go,Stepping
1780509927.9880102,21963.973726677,-1.3866409063339233,-55.647098541259766,89.07061004638672,1.3866409063339233,-55.647098541259766,89.07061004638672,-1.3866409063339233,-55.647090911865234,89.07061004638672,1.3866409063339233,-55.647090911865234,89.07061004638672,Go,Stepping
1780509928.0079482,21963.993415832,-1.3866409063339233,-55.647098541259766,89.07061004638672,1.3866409063339233,-55.647098541259766,89.07061004638672,-1.3866409063339233,-55.647090911865234,89.07061004638672,1.3866409063339233,-55.647090911865234,89.07061004638672,Go,Stepping
1780509928.0280368,21964.013506988,-1.3866409063339233,-55.647098541259766,89.07061004638672,1.3866409063339233,-55.647098541259766,89.07061004638672,-1.3866409063339233,-55.647090911865234,89.07061004638672,1.3866409063339233,-55.647090911865234,89.07061004638672,Go,Stepping
1780509928.0480783,21964.034087985,-1.3866409063339233,-55.647098541259766,89.07061004638672,1.3866409063339233,-55.647098541259766,89.07061004638672,-1.3866409063339233,-55.647090911865234,89.07061004638672,1.3866409063339233,-55.647090911865234,89.07061004638672,Go,Stepping
1780509928.067998,21964.056763556,-1.3866409063339233,-55.647098541259766,89.07061004638672,1.3866409063339233,-55.647098541259766,89.07061004638672,-1.3866409063339233,-55.647090911865234,89.07061004638672,1.3866409063339233,-55.647090911865234,89.07061004638672,Stop,Stepping
1780509928.0879903,21964.074514676,-1.3866409063339233,-55.647098541259766,89.07061004638672,1.3866409063339233,-55.647098541259766,89.07061004638672,-1.3866409063339233,-55.647090911865234,89.07061004638672,1.3866409063339233,-55.647090911865234,89.07061004638672,Stop,Stepping
1780509928.1079996,21964.094435778,-1.3866409063339233,-55.647098541259766,89.07061004638672,1.3866409063339233,-55.647098541259766,89.07061004638672,-1.3866409063339233,-55.647090911865234,89.07061004638672,1.3866409063339233,-55.647090911865234,89.07061004638672,Stop,Stepping
1780509928.1279917,21964.113584517,-1.3866409063339233,-55.647098541259766,89.07061004638672,1.3866409063339233,-55.647098541259766,89.07061004638672,-1.3866409063339233,-55.647090911865234,89.07061004638672,1.3866409063339233,-55.647090911865234,89.07061004638672,Stop,Stepping
1780509928.1479821,21964.133372389,-1.3866409063339233,-55.647098541259766,89.07061004638672,1.3866409063339233,-55.647098541259766,89.07061004638672,-1.3866409063339233,-55.647090911865234,89.07061004638672,1.3866409063339233,-55.647090911865234,89.07061004638672,Go,Stepping
1780509928.1679904,21964.153994922,-1.3866409063339233,-55.647098541259766,89.07061004638672,1.3866409063339233,-55.647098541259766,89.07061004638672,-1.3866409063339233,-55.647090911865234,89.07061004638672,1.3866409063339233,-55.647090911865234,89.07061004638672,Go,Stepping
1780509928.1880054,21964.174347086,-1.3866409063339233,-55.647098541259766,89.07061004638672,1.3866409063339233,-55.647098541259766,89.07061004638672,-1.3866409063339233,-55.647090911865234,89.07061004638672,1.3866409063339233,-55.647090911865234,89.07061004638672,Go,Stepping
1780509928.2080042,21964.194047204,-1.3866409063339233,-55.647098541259766,89.07061004638672,1.3866409063339233,-55.647098541259766,89.07061004638672,-1.3866409063339233,-55.647090911865234,89.07061004638672,1.3866409063339233,-55.647090911865234,89.07061004638672,Go,Stepping
1780509928.2280655,21964.214175577,-1.3866409063339233,-55.647098541259766,89.07061004638672,1.3866409063339233,-55.647098541259766,89.07061004638672,-1.3866409063339233,-55.647090911865234,89.07061004638672,1.3866409063339233,-55.647090911865234,89.07061004638672,Go,Stepping
1780509928.2479942,21964.233417437,-1.3866409063339233,-55.647098541259766,89.07061004638672,1.3866409063339233,-55.647098541259766,89.07061004638672,-1.3866409063339233,-55.647090911865234,89.07061004638672,1.3866409063339233,-55.647090911865234,89.07061004638672,Go,Stepping
1780509928.2679856,21964.253729028,-1.3866409063339233,-55.647098541259766,89.07061004638672,1.3866409063339233,-55.647098541259766,89.07061004638672,-1.3866409063339233,-55.647090911865234,89.07061004638672,1.3866409063339233,-55.647090911865234,89.07061004638672,Go,Stepping
1780509928.2880044,21964.273786818,-1.3866409063339233,-55.647098541259766,89.07061004638672,1.3866409063339233,-55.647098541259766,89.07061004638672,-1.3866409063339233,-55.647090911865234,89.07061004638672,1.3866409063339233,-55.647090911865234,89.07061004638672,Go,Stepping
1780509928.308005,21964.298801202,-1.3866409063339233,-55.647098541259766,89.07061004638672,1.3866409063339233,-55.647098541259766,89.07061004638672,-1.3866409063339233,-55.647090911865234,89.07061004638672,1.3866409063339233,-55.647090911865234,89.07061004638672,Go,Stepping
1780509928.3280513,21964.314842922,-1.3866409063339233,-55.647098541259766,89.07061004638672,1.3866409063339233,-55.647098541259766,89.07061004638672,-1.3866409063339233,-55.647090911865234,89.07061004638672,1.3866409063339233,-55.647090911865234,89.07061004638672,Go,Stepping
1780509928.3479888,21964.333531799,-1.3866409063339233,-55.647098541259766,89.07061004638672,1.3866409063339233,-55.647098541259766,89.07061004638672,-1.3866409063339233,-55.647090911865234,89.07061004638672,1.3866409063339233,-55.647090911865234,89.07061004638672,Go,Stepping
1780509928.368058,21964.353594327,-1.3866409063339233,-55.647098541259766,89.07061004638672,1.3866409063339233,-55.647098541259766,89.07061004638672,-1.3866409063339233,-55.647090911865234,89.07061004638672,1.3866409063339233,-55.647090911865234,89.07061004638672,Go,Stepping
1780509928.3880033,21964.374233137,-1.3866409063339233,-55.647098541259766,89.07061004638672,1.3866409063339233,-55.647098541259766,89.07061004638672,-1.3866409063339233,-55.647090911865234,89.07061004638672,1.3866409063339233,-55.647090911865234,89.07061004638672,Go,Stepping
1780509928.4079962,21964.39358492,-1.3866409063339233,-55.647098541259766,89.07061004638672,1.3866409063339233,-55.647098541259766,89.07061004638672,-1.3866409063339233,-55.647090911865234,89.07061004638672,1.3866409063339233,-55.647090911865234,89.07061004638672,Go,Stepping
1780509928.4279947,21964.414630663,-1.3866409063339233,-55.647098541259766,89.07061004638672,1.3866409063339233,-55.647098541259766,89.07061004638672,-1.3866409063339233,-55.647090911865234,89.07061004638672,1.3866409063339233,-55.647090911865234,89.07061004638672,Go,Stepping
1780509928.4479966,21964.437708979,-1.3866409063339233,-55.647098541259766,89.07061004638672,1.3866409063339233,-55.647098541259766,89.07061004638672,-1.3866409063339233,-55.647090911865234,89.07061004638672,1.3866409063339233,-55.647090911865234,89.07061004638672,Go,Stepping
1780509928.4679909,21964.453892603,-1.3866409063339233,-55.647098541259766,89.07061004638672,1.3866409063339233,-55.647098541259766,89.07061004638672,-1.3866409063339233,-55.647090911865234,89.07061004638672,1.3866409063339233,-55.647090911865234,89.07061004638672,Go,Stepping
1780509928.4880006,21964.47383686,-1.3866409063339233,-55.647098541259766,89.07061004638672,1.3866409063339233,-55.647098541259766,89.07061004638672,-1.3866409063339233,-55.647090911865234,89.07061004638672,1.3866409063339233,-55.647090911865234,89.07061004638672,Go,Stepping
1780509928.5079997,21964.493456825,-1.3866409063339233,-55.647098541259766,89.07061004638672,1.3866409063339233,-55.647098541259766,89.07061004638672,-1.3866409063339233,-55.647090911865234,89.07061004638672,1.3866409063339233,-55.647090911865234,89.07061004638672,Go,Stepping
1780509928.5280902,21964.514421894,-1.3866409063339233,-55.647098541259766,89.07061004638672,1.3866409063339233,-55.647098541259766,89.07061004638672,-1.3866409063339233,-55.647090911865234,89.07061004638672,1.3866409063339233,-55.647090911865234,89.07061004638672,Go,Stepping
1780509928.548005,21964.534604153,-1.3866409063339233,-55.647098541259766,89.07061004638672,1.3866409063339233,-55.647098541259766,89.07061004638672,-1.3866409063339233,-55.647090911865234,89.07061004638672,1.3866409063339233,-55.647090911865234,89.07061004638672,Go,Stepping
1780509928.5680046,21964.55358214,-1.3866409063339233,-55.647098541259766,89.07061004638672,1.3866409063339233,-55.647098541259766,89.07061004638672,-1.3866409063339233,-55.647090911865234,89.07061004638672,1.3866409063339233,-55.647090911865234,89.07061004638672,Go,Stepping
1780509928.588014,21964.576390775,-1.3866409063339233,-55.647098541259766,89.07061004638672,1.3866409063339233,-55.647098541259766,89.07061004638672,-1.3866409063339233,-55.647090911865234,89.07061004638672,1.3866409063339233,-55.647090911865234,89.07061004638672,Go,Stepping
1780509928.6079855,21964.595041591,-1.3866409063339233,-55.647098541259766,89.07061004638672,1.3866409063339233,-55.647098541259766,89.07061004638672,-1.3866409063339233,-55.647090911865234,89.07061004638672,1.3866409063339233,-55.647090911865234,89.07061004638672,Go,Stepping
1780509928.6279836,21964.613928983,-1.3866409063339233,-55.647098541259766,89.07061004638672,1.3866409063339233,-55.647098541259766,89.07061004638672,-1.3866409063339233,-55.647090911865234,89.07061004638672,1.3866409063339233,-55.647090911865234,89.07061004638672,Go,Stepping
1780509928.6479926,21964.634572681,-1.3866409063339233,-55.647098541259766,89.07061004638672,1.3866409063339233,-55.647098541259766,89.07061004638672,-1.3866409063339233,-55.647090911865234,89.07061004638672,1.3866409063339233,-55.647090911865234,89.07061004638672,Go,Stepping
1780509928.6679726,21964.653686988,-1.3866409063339233,-55.647098541259766,89.07061004638672,1.3866409063339233,-55.647098541259766,89.07061004638672,-1.3866409063339233,-55.647090911865234,89.07061004638672,1.3866409063339233,-55.647090911865234,89.07061004638672,Go,Stepping
1780509928.6880085,21964.675909073,-1.3866409063339233,-55.647098541259766,89.07061004638672,1.3866409063339233,-55.647098541259766,89.07061004638672,-1.3866409063339233,-55.647090911865234,89.07061004638672,1.3866409063339233,-55.647090911865234,89.07061004638672,Go,Stepping
1780509928.7080078,21964.693832144,-1.3866409063339233,-55.647098541259766,89.07061004638672,1.3866409063339233,-55.647098541259766,89.07061004638672,-1.3866409063339233,-55.647090911865234,89.07061004638672,1.3866409063339233,-55.647090911865234,89.07061004638672,Go,Stepping
1780509928.728043,21964.714611031,-1.3866409063339233,-55.647098541259766,89.07061004638672,1.3866409063339233,-55.647098541259766,89.07061004638672,-1.3866409063339233,-55.647090911865234,89.07061004638672,1.3866409063339233,-55.647090911865234,89.07061004638672,Go,Stepping
1780509928.7480042,21964.735065753,-1.3866409063339233,-55.647098541259766,89.07061004638672,1.3866409063339233,-55.647098541259766,89.07061004638672,-1.3866409063339233,-55.647090911865234,89.07061004638672,1.3866409063339233,-55.647090911865234,89.07061004638672,Go,Stepping
1780509928.7680054,21964.754053283,-1.3866409063339233,-55.647098541259766,89.07061004638672,1.3866409063339233,-55.647098541259766,89.07061004638672,-1.3866409063339233,-55.647090911865234,89.07061004638672,1.3866409063339233,-55.647090911865234,89.07061004638672,Go,Stepping
1780509928.7880185,21964.774540184,-1.3866409063339233,-55.647098541259766,89.07061004638672,1.3866409063339233,-55.647098541259766,89.07061004638672,-1.3866409063339233,-55.647090911865234,89.07061004638672,1.3866409063339233,-55.647090911865234,89.07061004638672,Go,Stepping
1780509928.8080232,21964.793565355,-1.3866409063339233,-55.647098541259766,89.07061004638672,1.3866409063339233,-55.647098541259766,89.07061004638672,-1.3866409063339233,-55.647090911865234,89.07061004638672,1.3866409063339233,-55.647090911865234,89.07061004638672,Go,Stepping
1780509928.8280523,21964.814167945,-1.3866409063339233,-55.647098541259766,89.07061004638672,1.3866409063339233,-55.647098541259766,89.07061004638672,-1.3866409063339233,-55.647090911865234,89.07061004638672,1.3866409063339233,-55.647090911865234,89.07061004638672,Go,Stepping
1780509928.8480065,21964.834133923,-1.3866409063339233,-55.647098541259766,89.07061004638672,1.3866409063339233,-55.647098541259766,89.07061004638672,-1.3866409063339233,-55.647090911865234,89.07061004638672,1.3866409063339233,-55.647090911865234,89.07061004638672,Go,Stepping
1780509928.8680189,21964.854076807,-1.3866409063339233,-55.647098541259766,89.07061004638672,1.3866409063339233,-55.647098541259766,89.07061004638672,-1.3866409063339233,-55.647090911865234,89.07061004638672,1.3866409063339233,-55.647090911865234,89.07061004638672,Go,Stepping
1780509928.888025,21964.87370364,-1.3866409063339233,-55.647098541259766,89.07061004638672,1.3866409063339233,-55.647098541259766,89.07061004638672,-1.3866409063339233,-55.647090911865234,89.07061004638672,1.3866409063339233,-55.647090911865234,89.07061004638672,Go,Stepping
1780509928.9080648,21964.89350085,-1.3866409063339233,-55.647098541259766,89.07061004638672,1.3866409063339233,-55.647098541259766,89.07061004638672,-1.3866409063339233,-55.647090911865234,89.07061004638672,1.3866409063339233,-55.647090911865234,89.07061004638672,Go,Stepping
1780509928.9280295,21964.913827695,-1.3866409063339233,-55.647098541259766,89.07061004638672,1.3866409063339233,-55.647098541259766,89.07061004638672,-1.3866409063339233,-55.647090911865234,89.07061004638672,1.3866409063339233,-55.647090911865234,89.07061004638672,Go,Stepping
1780509928.948012,21964.934165902,-1.3866409063339233,-55.647098541259766,89.07061004638672,1.3866409063339233,-55.647098541259766,89.07061004638672,-1.3866409063339233,-55.647090911865234,89.07061004638672,1.3866409063339233,-55.647090911865234,89.07061004638672,Go,Stepping
1780509928.9680011,21964.95447933,-1.3866409063339233,-55.647098541259766,89.07061004638672,1.3866409063339233,-55.647098541259766,89.07061004638672,-1.3866409063339233,-55.647090911865234,89.07061004638672,1.3866409063339233,-55.647090911865234,89.07061004638672,Go,Stepping
1780509928.9880307,21964.974456275,-1.3866409063339233,-55.647098541259766,89.07061004638672,1.3866409063339233,-55.647098541259766,89.07061004638672,-1.3866409063339233,-55.647090911865234,89.07061004638672,1.3866409063339233,-55.647090911865234,89.07061004638672,Go,Stepping
1780509929.0080204,21964.99376074,-1.3866409063339233,-55.647098541259766,89.07061004638672,1.3866409063339233,-55.647098541259766,89.07061004638672,-1.3866409063339233,-55.647090911865234,89.07061004638672,1.3866409063339233,-55.647090911865234,89.07061004638672,Go,Stepping
1780509929.0280697,21965.014352163,-1.3866409063339233,-55.647098541259766,89.07061004638672,1.3866409063339233,-55.647098541259766,89.07061004638672,-1.3866409063339233,-55.647090911865234,89.07061004638672,1.3866409063339233,-55.647090911865234,89.07061004638672,Go,Stepping
1780509929.0480149,21965.03354707,-1.3866409063339233,-55.647098541259766,89.07061004638672,1.3866409063339233,-55.647098541259766,89.07061004638672,-1.3866409063339233,-55.647090911865234,89.07061004638672,1.3866409063339233,-55.647090911865234,89.07061004638672,Go,Stepping
1780509929.0680058,21965.055355435,-1.3866409063339233,-55.647098541259766,89.07061004638672,1.3866409063339233,-55.647098541259766,89.07061004638672,-1.3866409063339233,-55.647090911865234,89.07061004638672,1.3866409063339233,-55.647090911865234,89.07061004638672,Go,Stepping
1780509929.0880454,21965.073580975,-1.3866409063339233,-55.647098541259766,89.07061004638672,1.3866409063339233,-55.647098541259766,89.07061004638672,-1.3866409063339233,-55.647090911865234,89.07061004638672,1.3866409063339233,-55.647090911865234,89.07061004638672,Go,Stepping
1780509929.1080258,21965.099575504,-0.7721031904220581,-55.11661911010742,88.46478271484375,0.8972651958465576,-54.97660446166992,87.73633575439453,-0.8972651958465576,-54.81048583984375,87.81536102294922,0.7721031904220581,-55.32980728149414,88.36470031738281,Go,Stepping
1780509929.128059,21965.114234294,-0.8596647381782532,-54.80494689941406,88.06674194335938,0.8184857964515686,-55.316741943359375,88.08635711669922,-0.8184456825256348,-55.119510650634766,88.18177795410156,0.8597105741500854,-54.987056732177734,87.98108673095703,Go,Stepping
1780509929.1481001,21965.134899119,-0.9350709319114685,-54.46635818481445,87.73590087890625,0.7253783941268921,-55.8199348449707,88.39839172363281,-0.7251182198524475,-55.59117126464844,88.51676177978516,0.9352289438247681,-54.6197624206543,87.6632308959961,Go,Stepping
1780509929.1682336,21965.154633107,-1.005068063735962,-54.18217468261719,87.43939208984375,0.5342546105384827,-59.554344177246094,93.45021057128906,-0.5329807996749878,-59.23405838012695,93.61155700683594,1.005372405052185,-54.30889892578125,87.3784408569336,Go,Stepping
1780509929.188122,21965.174671416,-1.091538429260254,-54.07876968383789,87.12757110595703,0.4823145568370819,-69.7983627319336,108.46332550048828,-0.4783308506011963,-69.3651351928711,108.66368865966797,1.0918751955032349,-54.17333984375,87.08123016357422,Go,Stepping
1780509929.2081032,21965.194143104,-1.1759402751922607,-54.01881408691406,86.87763977050781,0.6706637144088745,-76.3422622680664,117.29952239990234,-0.6653327345848083,-75.89839172363281,117.49727630615234,1.1761367321014404,-54.083091735839844,86.8466567993164,Go,Stepping
1780509929.2281175,21965.213505667,-1.2649692296981812,-54.0372314453125,86.68016052246094,1.1702533960342407,-78.72359466552734,121.1056900024414,-1.1662369966506958,-78.4113998413086,121.23767852783203,1.2650480270385742,-54.069637298583984,86.66463470458984,Go,Stepping
1780509929.2481458,21965.23428596,-1.3564091920852661,-54.133304595947266,86.54105377197266,1.8635441064834595,-79.15238952636719,123.20292663574219,-1.86262845993042,-79.05714416503906,123.23960876464844,1.3564091920852661,-54.13329315185547,86.54105377197266,Go,Stepping
1780509929.2681131,21965.253665409,-1.4432893991470337,-54.29012680053711,86.47268676757812,2.5554630756378174,-78.64532470703125,124.38639068603516,-2.555867910385132,-78.78311157226562,124.3389663696289,1.4432893991470337,-54.259918212890625,86.487548828125,Go,Stepping
1780509929.2881124,21965.274496044,-1.530228853225708,-54.50475311279297,86.47196960449219,3.0444834232330322,-75.70051574707031,122.43437957763672,-3.042919397354126,-76.0485610961914,122.32736206054688,1.5303374528884888,-54.44529342651367,86.50244903564453,Go,Stepping
1780509929.3081167,21965.294169395,-1.6190389394760132,-54.765480041503906,86.53839111328125,2.9522969722747803,-68.19356536865234,112.92794799804688,-2.9472320079803467,-68.6184310913086,112.80244445800781,1.6193885803222656,-54.67753601074219,86.58634185791016,Go,Stepping
1780509929.328164,21965.314590227,-1.7070430517196655,-55.08174514770508,86.65943908691406,2.3418943881988525,-56.961212158203125,94.88652801513672,-2.3363795280456543,-57.283443450927734,94.7779541015625,1.7077767848968506,-54.96745681762695,86.72694396972656,Go,Stepping
1780509929.3481,21965.337927283,-1.7858853340148926,-55.43183517456055,86.83901977539062,2.015801429748535,-53.77294158935547,88.75906372070312,-2.0108776092529297,-53.969234466552734,88.61674499511719,1.7871730327606201,-55.29658889770508,86.9273681640625,Go,Stepping
1780509929.3680508,21965.353587118,-1.867377758026123,-55.80543518066406,87.06317138671875,1.9149491786956787,-53.719993591308594,88.31290435791016,-1.9116640090942383,-53.89371109008789,88.20121002197266,1.8693944215774536,-55.650577545166016,87.17589569091797,Go,Stepping
1780509929.3880532,21965.374023494,-1.9488821029663086,-56.200836181640625,87.31853485107422,1.819575548171997,-53.69044494628906,87.89512634277344,-1.8172355890274048,-53.83809280395508,87.80642700195312,1.9517908096313477,-56.02863693237305,87.45867919921875,Go,Stepping
1780509929.4081624,21965.395250599,-2.0410702228546143,-56.91536331176758,88.07940673828125,1.7292898893356323,-53.68452453613281,87.51586151123047,-1.72772216796875,-53.806392669677734,87.44761657714844,2.044236898422241,-56.69749069213867,88.20323181152344,Go,Stepping
1780509929.4281042,21965.413883373,-2.5402703285217285,-65.26323699951172,100.13978576660156,1.642643690109253,-53.71535110473633,87.18460845947266,-1.6416738033294678,-53.811038970947266,87.13430786132812,2.5456886291503906,-64.94247436523438,100.31168365478516,Go,Stepping
1780509929.4481122,21965.433481079,-2.995485305786133,-74.05508422851562,112.5833511352539,1.5601807832717896,-53.78065490722656,86.91328430175781,-1.5596535205841064,-53.850154876708984,86.87865447998047,3.0040087699890137,-73.67676544189453,112.76913452148438,Go,Stepping
1780509929.4681036,21965.453958133,-3.0146372318267822,-77.99872589111328,118.71651458740234,1.4798846244812012,-53.88699722290039,86.7093505859375,-1.4796611070632935,-53.92977523803711,86.6887435913086,3.0221641063690186,-77.66840362548828,118.865478515625,Go,Stepping
1780509929.4881234,21965.474144175,-2.634498357772827,-79.03814697265625,121.83174133300781,1.3972485065460205,-54.0400505065918,86.57840728759766,-1.397207498550415,-54.05432891845703,86.57158660888672,2.6376426219940186,-78.85741424560547,121.90487670898438,Go,Stepping
1780509929.5081067,21965.49725641,-2.10224986076355,-79.07373809814453,124.01656341552734,1.3154653310775757,-54.2384147644043,86.52242279052734,-1.315480351448059,-54.22403335571289,86.52938842773438,2.1020774841308594,-79.09357452392578,124.00946044921875,Go,Stepping
1780509929.5281072,21965.513766354,-1.481426477432251,-77.72564697265625,124.50520324707031,1.2329412698745728,-54.48301315307617,86.5409927368164,-1.2328996658325195,-54.43973922729492,86.56287384033203,1.481633186340332,-77.97029113769531,124.42749786376953,Go,Stepping
1780509929.5481188,21965.534130319,-0.8780753016471863,-72.7856216430664,119.63243865966797,1.149893045425415,-54.7718505859375,86.63090515136719,-1.1496844291687012,-54.69999313354492,86.66950988769531,0.8820109367370605,-73.19739532470703,119.51197814941406,Go,Stepping
1780509929.5681114,21965.553764787,-0.5685312747955322,-62.872474670410156,105.18844604492188,1.0625120401382446,-55.10359191894531,86.7875747680664,-1.062018871307373,-55.00261688232422,86.8461685180664,0.5751432776451111,-63.272979736328125,105.06451416015625,Go,Stepping
1780509929.5880487,21965.574637121,-0.6786419153213501,-54.00326156616211,89.51201629638672,0.9763249158859253,-55.471431732177734,87.00112915039062,-0.9754325151443481,-55.343116760253906,87.08253479003906,0.6832817792892456,-54.22465515136719,89.34341430664062,Go,Stepping
1780509929.6080513,21965.594366796,-0.7672015428543091,-53.93073272705078,88.9863052368164,0.8952177166938782,-55.86724090576172,87.26129150390625,-0.8938236236572266,-55.71495819091797,87.36788177490234,0.7703198194503784,-54.13019943237305,88.85405731201172,Go,Stepping
1780509929.6280456,21965.614402831,-0.849911093711853,-53.87230682373047,88.48646545410156,0.8102202415466309,-56.28946304321289,87.5589828491211,-0.8081933856010437,-56.113712310791016,87.6949691772461,0.8522525429725647,-54.04623794555664,88.37901306152344,Go,Stepping
1780509929.6480489,21965.635305421,-0.9331396818161011,-53.83287048339844,88.01974487304688,0.7249107360839844,-56.72872543334961,87.88082885742188,-0.7221219539642334,-56.53121566772461,88.04964447021484,0.9348227381706238,-53.98009490966797,87.93494415283203,Go,Stepping
1780509929.668107,21965.653730894,-1.0129953622817993,-53.81961441040039,87.59986877441406,0.5588994026184082,-60.38341522216797,92.90176391601562,-0.554114580154419,-60.08344268798828,93.07523345947266,1.0141412019729614,-53.94034957885742,87.53486633300781,Go,Stepping
1780509929.68811,21965.673604193,-1.0954508781433105,-53.838539123535156,87.23458099365234,0.5035623908042908,-70.82990264892578,107.9278564453125,-0.4951868951320648,-70.42060852050781,108.14424133300781,1.0961564779281616,-53.9309196472168,87.18751525878906,Go,Stepping
1780509929.7081056,21965.694535974,-1.183438777923584,-53.89459991455078,86.9312744140625,0.726037859916687,-77.1425552368164,116.90169525146484,-0.7163994908332825,-76.73038482666016,117.1039810180664,1.1837923526763916,-53.95598220825195,86.90117645263672,Go,Stepping
1780509929.728113,21965.715049807,-1.2691179513931274,-53.99209976196289,86.6994400024414,1.2121821641921997,-79.12815856933594,120.91293334960938,-1.2061378955841064,-78.83514404296875,121.04312133789062,1.269238829612732,-54.02301025390625,86.68457794189453,Go,Stepping
1780509929.7481027,21965.734381682,-1.3564027547836304,-54.13329315185547,86.54106140136719,1.8732033967971802,-79.26920318603516,123.15416717529297,-1.871995449066162,-79.17780303955078,123.1899185180664,1.3564027547836304,-54.13329315185547,86.54106140136719,Go,Stepping
1780509929.7681708,21965.75472935,-1.4420547485351562,-54.31935119628906,86.45884704589844,2.5499448776245117,-78.5141830444336,124.43280792236328,-2.5504682064056396,-78.65045166015625,124.38648223876953,1.4420547485351562,-54.289608001708984,86.47354888916016,Go,Stepping
1780509929.7881258,21965.773909413,-1.5246864557266235,-54.549617767333984,86.45188903808594,3.0139763355255127,-75.44945526123047,122.5197982788086,-3.0121426582336426,-75.78863525390625,122.41860961914062,1.5248119831085205,-54.49223709106445,86.48165893554688,Go,Stepping
1780509929.80813,21965.794407153,-1.6052848100662231,-54.82219314575195,86.51559448242188,2.8914895057678223,-67.9429702758789,113.01827239990234,-2.8859477043151855,-68.34840393066406,112.90301513671875,1.6056665182113647,-54.7393684387207,86.56171417236328,Go,Stepping
1780509929.8281298,21965.813782962,-1.6922643184661865,-55.13274002075195,86.63920593261719,2.3042047023773193,-56.83364486694336,94.94127655029297,-2.2982497215270996,-57.14387130737305,94.83944702148438,1.6930605173110962,-55.02414321899414,86.70511627197266,Go,Stepping
1780509929.848056,21965.835219472,-1.7786756753921509,-55.476810455322266,86.81732940673828,2.005082368850708,-53.70504379272461,88.7919921875,-1.9998277425765991,-53.89561462402344,88.64747619628906,1.7800493240356445,-55.34481430053711,86.90571594238281,Go,Stepping
1780509929.8680987,21965.854869582,-1.8600558042526245,-55.84889602661133,87.0416488647461,1.9071263074874878,-53.67265701293945,88.33624267578125,-1.9036930799484253,-53.842769622802734,88.22417449951172,1.8621587753295898,-55.697513580322266,87.15464782714844,Go,Stepping
1780509929.8880992,21965.874071733,-1.9530413150787354,-56.24099349975586,87.2921371459961,1.8229444026947021,-53.654727935791016,87.90850067138672,-1.820480227470398,-53.803192138671875,87.81856536865234,1.956106185913086,-56.068626403808594,87.43505859375,Go,Stepping
1780509929.9080453,21965.894537406,-2.0460736751556396,-56.64590835571289,87.56145477294922,1.737309217453003,-53.66106033325195,87.52249145507812,-1.7356479167938232,-53.78556823730469,87.45272827148438,2.05029559135437,-56.45477294921875,87.73725891113281,Go,Stepping
1780509929.9281142,21965.91442934,-2.5725011825561523,-65.30790710449219,100.1019058227539,1.6519984006881714,-53.69750213623047,87.18791961669922,-1.6509723663330078,-53.79644012451172,87.1361083984375,2.578247308731079,-64.97713470458984,100.28018188476562,Go,Stepping
1780509929.9481573,21965.93464686,-3.023730754852295,-74.09536743164062,112.54777526855469,1.5651646852493286,-53.770530700683594,86.91548919677734,-1.56461501121521,-53.841766357421875,86.88005828857422,3.032674789428711,-73.7084732055664,112.7386245727539,Go,Stepping
1780509929.9681177,21965.954202328,-3.027935743331909,-78.0255126953125,118.69959259033203,1.4815170764923096,-53.882850646972656,86.71044921875,-1.481286644935608,-53.926185607910156,86.6895751953125,3.0357182025909424,-77.691162109375,118.85073852539062,Go,Stepping
1780509929.9881184,21965.977586926,-2.6463239192962646,-79.05062103271484,121.82035064697266,1.3981856107711792,-54.03853988647461,86.57870483398438,-1.3981417417526245,-54.05314636230469,86.57172393798828,2.6495823860168457,-78.8659439086914,121.89517211914062,Go,Stepping
1780509930.008088,21965.994499653,-2.101163148880005,-79.07276153564453,124.01683807373047,1.3145527839660645,-54.23955154418945,86.52227020263672,-1.3145679235458374,-54.224857330322266,86.52940368652344,2.100985527038574,-79.09297180175781,124.00959777832031,Go,Stepping
1780509930.028128,21966.019687615,-1.4714723825454712,-77.7152328491211,124.51268005371094,1.2310864925384521,-54.48572540283203,86.54048156738281,-1.231044888496399,-54.44179916381836,86.56269073486328,1.471684217453003,-77.96358489990234,124.43389129638672,Go,Stepping
1780509930.0481071,21966.034698917,-0.8636227250099182,-72.766357421875,119.63687896728516,1.147140383720398,-54.77583312988281,86.63028717041016,-1.146925926208496,-54.703025817871094,86.66941833496094,0.8676443696022034,-73.18373107910156,119.51500701904297,Go,Stepping
1780509930.0681834,21966.055481135,-0.5735803842544556,-62.86205291748047,105.19290924072266,1.0639678239822388,-55.106082916259766,86.7854995727539,-1.0634714365005493,-55.0056266784668,86.8438720703125,0.5802074670791626,-63.26081085205078,105.0697021484375,Go,Stepping
1780509930.0880463,21966.074421731,-0.687938392162323,-53.99753189086914,89.51065826416016,0.9815045595169067,-55.47219467163086,86.99813079833984,-0.980621874332428,-55.3457145690918,87.0786361694336,0.6925287246704102,-54.21525955200195,89.34304809570312,Go,Stepping
1780509930.108097,21966.095146744,-0.7654459476470947,-53.92631530761719,88.98774719238281,0.8935148119926453,-55.8719482421875,87.26055145263672,-0.892111599445343,-55.719181060791016,87.36758422851562,0.7685888409614563,-54.12633514404297,88.85514068603516,Go,Stepping
1780509930.1280508,21966.113617775,-0.8506874442100525,-53.86925506591797,88.48734283447266,0.8110536336898804,-56.292179107666016,87.55699157714844,-0.8090249300003052,-56.116798400878906,87.69297790527344,0.8530339598655701,-54.04286575317383,88.37992095947266,Go,Stepping
1780509930.1480446,21966.134897,-0.9379780292510986,-53.830692291259766,88.0185775756836,0.7322324514389038,-56.72863006591797,87.8773193359375,-0.7294690012931824,-56.53373336791992,88.04487609863281,0.9396450519561768,-53.97613525390625,87.93449401855469,Go,Stepping
1780509930.168107,21966.157474419,-1.0216686725616455,-53.81800842285156,87.59661865234375,0.5808112025260925,-60.37955856323242,92.89738464355469,-0.5761330127716064,-60.08710479736328,93.06660461425781,1.0227850675582886,-53.935585021972656,87.53296661376953,Go,Stepping
1780509930.1881096,21966.17386282,-1.112359881401062,-53.83708953857422,87.22759246826172,0.5809547305107117,-70.80059051513672,107.90734100341797,-0.5731050372123718,-70.41783142089844,108.10980987548828,1.1130144596099854,-53.923377990722656,87.18324279785156,Go,Stepping
1780509930.2081025,21966.194405062,-1.1943620443344116,-53.893775939941406,86.92658233642578,0.8022316694259644,-77.11495208740234,116.88690948486328,-0.7931897044181824,-76.72932434082031,117.07624816894531,1.194693684577942,-53.95124435424805,86.89826965332031,Go,Stepping
1780509930.2281163,21966.213814336,-1.2742491960525513,-53.99174499511719,86.69715118408203,1.2620149850845337,-79.10993194580078,120.90386962890625,-1.2563223838806152,-78.8344955444336,121.0262680053711,1.2743642330169678,-54.020835876464844,86.68314361572266,Go,Stepping
1780509930.248107,21966.23553127,-1.3564091920852661,-54.13330841064453,86.54105377197266,1.8844974040985107,-79.26496887207031,123.1518783569336,-1.883347988128662,-79.17760467529297,123.18604278564453,1.3564091920852661,-54.133304595947266,86.54105377197266,Go,Stepping
1780509930.2681017,21966.254215977,-1.4391194581985474,-54.319583892822266,86.46016693115234,2.536858558654785,-78.51921081542969,124.43592071533203,-2.537367582321167,-78.6507568359375,124.3912124633789,1.4391194581985474,-54.290870666503906,86.47435760498047,Go,Stepping
1780509930.2881095,21966.274465668,-1.5204142332077026,-54.54997634887695,86.45379638671875,2.9903502464294434,-75.4587631225586,122.52688598632812,-2.988563299179077,-75.78936004638672,122.42826843261719,1.5205360651016235,-54.49407958984375,86.48281860351562,Go,Stepping
1780509930.3081179,21966.294286704,-1.6044450998306274,-54.82242202758789,86.515869140625,2.8878328800201416,-67.94425201416016,113.0210189819336,-2.882303476333618,-68.3485107421875,112.90612030029297,1.6048272848129272,-54.7398796081543,86.56182861328125,Go,Stepping
1780509930.3281121,21966.314373332,-1.6891744136810303,-55.13310241699219,86.64056396484375,2.2963411808013916,-56.836917877197266,94.94532012939453,-2.2904393672943115,-57.144283294677734,94.84443664550781,1.6899645328521729,-55.02555847167969,86.7059097290039,Go,Stepping
1780509930.34809,21966.333840987,-1.7768977880477905,-55.47657012939453,86.81767272949219,2.0027265548706055,-53.705631256103516,88.79361724853516,-1.9974886178970337,-53.895381927490234,88.64936065673828,1.7782649993896484,-55.34516525268555,86.90571594238281,Go,Stepping
1780509930.3681238,21966.353797311,-1.8600374460220337,-55.84914016723633,87.04154968261719,1.9070974588394165,-53.672386169433594,88.33631896972656,-1.903663992881775,-53.842498779296875,88.22423553466797,1.8621435165405273,-55.69775390625,87.15453338623047,Go,Stepping
1780509930.388085,21966.373623678,-1.9512437582015991,-56.24138641357422,87.29296875,1.821495532989502,-53.65514373779297,87.908935546875,-1.8190410137176514,-53.803077697753906,87.81920623779297,1.954298496246338,-56.06962966918945,87.43556213378906,Go,Stepping
1780509930.4081361,21966.394471781,-2.053391695022583,-56.94886779785156,88.0531997680664,1.736209750175476,-53.6613655090332,87.52252197265625,-1.7345521450042725,-53.785484313964844,87.4529037475586,2.0567355155944824,-56.72720718383789,88.17979431152344,Go,Stepping
1780509930.4281352,21966.415697418,-2.5574514865875244,-65.30805969238281,100.1070327758789,1.6476582288742065,-53.699153900146484,87.18932342529297,-1.646644949913025,-53.79655075073242,87.13817596435547,2.5631120204925537,-64.98223876953125,100.28265380859375,Go,Stepping
1780509930.4481301,21966.434332606,-3.0117673873901367,-74.09797668457031,112.55486297607422,1.5630420446395874,-53.77134704589844,86.91609191894531,-1.5624958276748657,-53.84184265136719,86.88098907470703,3.020620584487915,-73.71495056152344,112.74381256103516,Go,Stepping
1780509930.4681327,21966.454340942,-3.0121407508850098,-78.0269546508789,118.70610809326172,1.4795708656311035,-53.88361740112305,86.71102142333984,-1.4793438911437988,-53.92626953125,86.6904525756836,3.019800901412964,-77.6977767944336,118.85491943359375,Go,Stepping
1780509930.48808,21966.473762179,-2.6328866481781006,-79.05078125,121.82058715820312,1.3972465991973877,-54.038612365722656,86.5792236328125,-1.397202491760254,-54.052894592285156,86.57240295410156,2.636068820953369,-78.87060546875,121.89361572265625,Go,Stepping
1780509930.508128,21966.494325613,-2.102567672729492,-79.07256317138672,124.01680755615234,1.3156793117523193,-54.239173889160156,86.52193450927734,-1.3156946897506714,-54.22487258911133,86.52888488769531,2.1023952960968018,-79.09228515625,124.0097427368164,Go,Stepping
1780509930.5281904,21966.516494398,-1.4936878681182861,-77.71388244628906,124.50496673583984,1.2352055311203003,-54.48416519165039,86.53933715820312,-1.235163688659668,-54.44167709350586,86.5608139038086,1.4938950538635254,-77.95411682128906,124.42874145507812,Go,Stepping
1780509930.5484288,21966.535472902,-0.8886348605155945,-72.68160247802734,119.52250671386719,1.152054786682129,-54.777042388916016,86.63009643554688,-1.1518467664718628,-54.70595169067383,86.6683578491211,0.8925588130950928,-73.08830261230469,119.40377807617188,Go,Stepping
1780509930.568184,21966.554799431,-0.6205446124076843,-62.86127853393555,105.17549133300781,1.0773524045944214,-55.10084533691406,86.78190612792969,-1.0768790245056152,-55.00504684448242,86.83784484863281,0.6268957853317261,-63.241943359375,105.057861328125,Go,Stepping
1780509930.5880888,21966.574531474,-0.7078341841697693,-54.254432678222656,89.94535064697266,0.991481363773346,-55.46759033203125,86.99512481689453,-0.9906216263771057,-55.34458541870117,87.07373046875,0.7127488255500793,-54.50753402709961,89.84954833984375,Go,Stepping
1780509930.608108,21966.595848112,-0.7774556875228882,-53.926055908203125,88.98273468017578,0.9028085470199585,-55.86849594116211,87.25836944580078,-0.9014380574226379,-55.718955993652344,87.36360168457031,0.7805275917053223,-54.12152862548828,88.85182189941406,Go,Stepping
1780509930.628074,21966.617311293,-0.8627545237541199,-53.86880111694336,88.48104858398438,0.8235904574394226,-56.288475036621094,87.5548095703125,-0.8216150403022766,-56.11745071411133,87.6883773803711,0.8650387525558472,-54.03793716430664,88.37543487548828,Go,Stepping
1780509930.648118,21966.635384389,-0.951817512512207,-53.83019256591797,88.0115737915039,0.752497136592865,-56.72196960449219,87.87345123291016,-0.7498393654823303,-56.53407287597656,88.03702545166016,0.953422486782074,-53.97056579589844,87.92961883544922,Go,Stepping
1780509930.6681843,21966.655456524,-1.0395433902740479,-53.8173942565918,87.58819580078125,0.6254287958145142,-60.38173294067383,92.91610717773438,-0.6209918260574341,-60.10441970825195,93.07656860351562,1.0405961275100708,-53.92847442626953,87.52734375,Go,Stepping
1780509930.6882086,21966.674701656,-1.1205849647521973,-53.83696746826172,87.22270965576172,0.617335855960846,-70.82571411132812,107.95521545410156,-0.6097295880317688,-70.45533752441406,108.15108489990234,1.1212177276611328,-53.92027282714844,87.17967224121094,Go,Stepping
1780509930.7081356,21966.69432661,-1.2024991512298584,-53.89362335205078,86.92241668701172,0.8585165143013,-77.10216522216797,116.89099884033203,-0.8499207496643066,-76.73574829101562,117.07087707519531,1.2028120756149292,-53.94818115234375,86.89542388916016,Go,Stepping
1780509930.7281773,21966.714293027,-1.2767000198364258,-53.99191665649414,86.6956787109375,1.2853257656097412,-79.10262298583984,120.90605926513672,-1.2798036336898804,-78.8354263305664,121.02477264404297,1.2768115997314453,-54.02013397216797,86.68208312988281,Go,Stepping
1780509930.7481203,21966.735071314,-1.3565924167633057,-54.1336784362793,86.5407943725586,1.8902337551116943,-79.2626724243164,123.15524291992188,-1.8891085386276245,-79.17732238769531,123.18862915039062,1.3565924167633057,-54.13360595703125,86.54081726074219,Go,Stepping
1780509930.768122,21966.75370511,-1.4409332275390625,-54.320892333984375,86.45885467529297,2.54546856880188,-78.50870513916016,124.43631744384766,-2.5459821224212646,-78.64334106445312,124.39058685302734,1.4409332275390625,-54.291534423828125,86.47335815429688,Go,Stepping
1780509930.7881413,21966.773880613,-1.5273834466934204,-54.56206512451172,86.4447021484375,3.028329610824585,-75.3601303100586,122.5246353149414,-3.0264487266540527,-75.70539093017578,122.42247009277344,1.5275115966796875,-54.503787994384766,86.47499084472656,Go,Stepping
1780509930.8081236,21966.794321356,-1.6140748262405396,-54.839962005615234,86.50231170654297,2.9291863441467285,-67.8237533569336,113.00635528564453,-2.9232349395751953,-68.24420166015625,112.88827514648438,1.614483118057251,-54.75423049926758,86.55017852783203,Go,Stepping
1780509930.8280742,21966.813995006,-1.7077922821044922,-55.233131408691406,86.57630920410156,2.3451855182647705,-56.539859771728516,95.04106903076172,-2.338721990585327,-56.867530822753906,94.93871307373047,1.7086520195007324,-55.11989212036133,86.64598846435547,Go,Stepping
1780509930.84807,21966.834363148,-1.7992815971374512,-55.66409683227539,86.70161437988281,2.036463737487793,-53.38319778442383,88.89928436279297,-2.030134439468384,-53.58192443847656,88.74532318115234,1.8009381294250488,-55.527523040771484,86.79744720458984,Go,Stepping
1780509930.8680756,21966.854898918,-1.8868764638900757,-56.102752685546875,86.87907409667969,1.936611533164978,-53.358253479003906,88.44550323486328,-1.932187557220459,-53.535919189453125,88.3242416381836,1.8895950317382812,-55.947410583496094,87.0049057006836,Go,Stepping
1780509930.8880758,21966.877429279,-1.977843999862671,-56.74628448486328,86.97003936767578,1.842657446861267,-53.206966400146484,88.07533264160156,-1.8394297361373901,-53.36131286621094,87.9804458618164,1.9818673133850098,-56.575897216796875,87.13311767578125,Go,Stepping
1780509930.9081283,21966.89795366,-2.081744909286499,-57.81504440307617,87.49176025390625,1.7523430585861206,-53.11838912963867,87.73416900634766,-1.7498456239700317,-53.24708938598633,87.66002655029297,2.0868210792541504,-57.592838287353516,87.63623809814453,Go,Stepping
1780509930.9281425,21966.915202542,-2.622619867324829,-67.29057312011719,98.87201690673828,1.6668143272399902,-53.043636322021484,87.44969940185547,-1.6650094985961914,-53.14746856689453,87.39482116699219,2.632777452468872,-66.97147369384766,99.09317779541016,Go,Stepping
1780509930.9481175,21966.933689169,-3.09771990776062,-77.50765228271484,110.35181427001953,1.579485535621643,-53.059940338134766,87.20899200439453,-1.5782771110534668,-53.13640594482422,87.1714859008789,3.117356061935425,-77.1502456665039,110.60881042480469,Go,Stepping
1780509930.9681416,21966.954168134,-3.0510551929473877,-81.56034851074219,116.68834686279297,1.4852867126464844,-53.383384704589844,86.92930603027344,-1.4846646785736084,-53.42815017700195,86.90802764892578,3.0719618797302246,-81.25988006591797,116.88055419921875,Go,Stepping
1780509930.9881837,21966.973788998,-2.6558570861816406,-81.19037628173828,120.82816314697266,1.3991129398345947,-53.86347961425781,86.65995025634766,-1.3989778757095337,-53.87846374511719,86.65292358398438,2.665623188018799,-81.01377868652344,120.91461944580078,Go,Stepping
1780509931.0081398,21966.99402044,-2.0977518558502197,-78.79324340820312,124.12118530273438,1.3128470182418823,-54.435890197753906,86.4259033203125,-1.3128931522369385,-54.42070007324219,86.4334487915039,2.0971760749816895,-78.81497955322266,124.11375427246094,Go,Stepping
1780509931.0281281,21967.014757142,-1.4649616479873657,-73.82603454589844,125.49571228027344,1.2300684452056885,-55.13289260864258,86.19856262207031,-1.229921579360962,-55.090049743652344,86.2231216430664,1.4656955003738403,-74.0990219116211,125.44015502929688,Go,Stepping
1780509931.0481424,21967.036347293,-0.8600668907165527,-65.92720031738281,120.85277557373047,1.1477164030075073,-55.870460510253906,86.01101684570312,-1.1469405889511108,-55.80349349975586,86.05876159667969,0.874602735042572,-66.39846801757812,120.80227661132812,Go,Stepping
1780509931.0681837,21967.055718764,-0.5646781325340271,-55.968353271484375,106.29537200927734,1.0642530918121338,-56.69288635253906,85.82257080078125,-1.0624148845672607,-56.60700607299805,85.90316009521484,0.589059591293335,-56.42174530029297,106.26019287109375,Go,Stepping
1780509931.0880783,21967.073766131,-0.677624523639679,-49.3996696472168,90.72041320800781,0.9798783659934998,-57.58347702026367,85.62059783935547,-0.9764394164085388,-57.486515045166016,85.74726867675781,0.6952450275421143,-49.546077728271484,90.40946197509766,Go,Stepping
1780509931.1081223,21967.09540771,-0.762998640537262,-49.89144515991211,90.126953125,0.8974040746688843,-58.43690872192383,85.4615249633789,-0.8917989134788513,-58.33896255493164,85.64856719970703,0.7754601240158081,-50.04453659057617,89.9041748046875,Go,Stepping
1780509931.1280968,21967.114476877,-0.8463448286056519,-50.37083053588867,89.5510482788086,0.813055157661438,-59.34145736694336,85.2644271850586,-0.8048256039619446,-59.25191116333008,85.52679443359375,0.8558407425880432,-50.5139274597168,89.38349914550781,Go,Stepping
1780509931.1481247,21967.134772346,-0.9306976795196533,-50.86499786376953,88.99030303955078,0.729661762714386,-60.27849578857422,85.00767517089844,-0.7181349396705627,-60.20978546142578,85.3622055053711,0.937653660774231,-50.99357223510742,88.86937713623047,Go,Stepping
1780509931.168201,21967.154105082,-1.0149905681610107,-51.467201232910156,88.43135070800781,0.5765882730484009,-65.041015625,88.9751205444336,-0.5566143989562988,-64.8218994140625,89.24220275878906,1.0197895765304565,-51.57668685913086,88.34777069091797,Go,Stepping
1780509931.1881342,21967.17379365,-1.0998023748397827,-52.07632827758789,87.90586853027344,0.5433437824249268,-77.00406646728516,102.94486999511719,-0.5087491273880005,-76.72898864746094,103.28137969970703,1.1027411222457886,-52.162994384765625,87.85216522216797,Go,Stepping
1780509931.2083879,21967.195421938,-1.183797001838684,-52.730289459228516,87.40970611572266,0.7479839324951172,-83.5940933227539,112.35453033447266,-0.7071399688720703,-83.30757141113281,112.66193389892578,1.1853235960006714,-52.79057312011719,87.3780288696289,Go,Stepping
1780509931.2281837,21967.219220748,-1.2701284885406494,-53.41275405883789,86.95701599121094,1.2349756956100464,-83.96715545654297,118.12076568603516,-1.209368109703064,-83.73790740966797,118.29814910888672,1.270649790763855,-53.44327163696289,86.94231414794922,Go,Stepping
1780509931.2481508,21967.235789957,-1.3564152717590332,-54.133399963378906,86.54100799560547,1.8720036745071411,-80.93927764892578,122.44883728027344,-1.8666797876358032,-80.85291290283203,122.49036407470703,1.3564152717590332,-54.13339614868164,86.54100799560547,Go,Stepping
1780509931.2681425,21967.256512063,-1.4439531564712524,-54.88340759277344,86.16524505615234,2.557417631149292,-75.80693054199219,125.22016143798828,-2.559781789779663,-75.95516967773438,125.18192291259766,1.4439531564712524,-54.85371780395508,86.18132019042969,Go,Stepping
1780509931.2881422,21967.274337967,-1.5320665836334229,-55.66022491455078,85.82699584960938,3.05926775932312,-68.17063903808594,123.89393615722656,-3.0507943630218506,-68.5783462524414,123.85404968261719,1.5326483249664307,-55.604190826416016,85.86405181884766,Go,Stepping
1780509931.3081546,21967.294208852,-1.6208627223968506,-56.46003723144531,85.520751953125,2.973203182220459,-58.84121322631836,114.2643051147461,-2.9472103118896484,-59.34859085083008,114.26111602783203,1.6226673126220703,-56.383235931396484,85.58719635009766,Go,Stepping
1780509931.3281898,21967.314618205,-1.710450291633606,-57.28020477294922,85.23722839355469,2.3639512062072754,-49.88166809082031,96.1081771850586,-2.336397647857666,-50.265010833740234,96.10214233398438,1.7141828536987305,-57.19025421142578,85.34449768066406,Go,Stepping
1780509931.3480797,21967.335128209,-1.8009347915649414,-58.1084098815918,84.97154235839844,2.051318407058716,-48.76156234741211,90.06018829345703,-2.0270442962646484,-48.891082763671875,89.76708984375,1.8073763847351074,-58.014591217041016,85.13340759277344,Go,Stepping
1780509931.368187,21967.353768993,-1.8939834833145142,-58.94626998901367,84.7066650390625,1.9537205696105957,-49.43901824951172,89.51118469238281,-1.9375325441360474,-49.58146286010742,89.31160736083984,1.9039828777313232,-58.85855484008789,84.9386215209961,Go,Stepping
1780509931.3880804,21967.37379809,-1.9885749816894531,-59.77756118774414,84.43275451660156,1.8598116636276245,-50.12218475341797,88.98292541503906,-1.8481968641281128,-50.256141662597656,88.83814239501953,2.003047466278076,-59.70656204223633,84.75015258789062,Go,Stepping
1780509931.408117,21967.39519865,-2.0874907970428467,-60.59701919555664,84.13894653320312,1.767965316772461,-50.81586456298828,88.46517181396484,-1.7600830793380737,-50.936378479003906,88.36465454101562,2.107436418533325,-60.55232620239258,84.55690002441406,Go,Stepping
1780509931.4281855,21967.413952541,-2.6327695846557617,-71.02978515625,95.2040023803711,1.6747499704360962,-51.51961135864258,87.97270202636719,-1.6698654890060425,-51.62022018432617,87.90644073486328,2.6600239276885986,-70.77368927001953,95.50200653076172,Go,Stepping
1780509931.4481895,21967.43517498,-3.087893009185791,-80.77821350097656,107.28411102294922,1.5806431770324707,-52.239532470703125,87.51412963867188,-1.5780197381973267,-52.31446838378906,87.47338104248047,3.1299049854278564,-80.48511505126953,107.59281921386719,Go,Stepping
1780509931.468145,21967.454832828,-3.0748915672302246,-83.98957061767578,114.74714660644531,1.4897198677062988,-52.97993087768555,87.09331512451172,-1.4886291027069092,-53.026126861572266,87.07118225097656,3.1111717224121094,-83.71659851074219,114.97074890136719,Go,Stepping
1780509931.4884074,21967.475280273,-2.673966884613037,-82.54401397705078,120.06370544433594,1.4008795022964478,-53.74307632446289,86.71414947509766,-1.4006656408309937,-53.758697509765625,86.7068862915039,2.689314842224121,-82.36991882324219,120.15958404541016,Go,Stepping
1780509931.508137,21967.506755226,-2.097947359085083,-78.66767883300781,124.16111755371094,1.311877965927124,-54.5303840637207,86.37825775146484,-1.3119481801986694,-54.51490020751953,86.38603973388672,2.0971155166625977,-78.68946075439453,124.15388488769531,Go,Stepping
1780509931.5281491,21967.519385523,-1.433925986289978,-72.49527740478516,125.75325012207031,1.2242869138717651,-55.342132568359375,86.0823745727539,-1.2240829467773438,-55.2978630065918,86.10884857177734,1.434921145439148,-72.7876205444336,125.70349884033203,Go,Stepping
1780509931.5481088,21967.534299757,-0.8006937503814697,-63.8604736328125,121.05767822265625,1.1367918252944946,-56.17532730102539,85.82270050048828,-1.135777473449707,-56.10651397705078,85.87535858154297,0.8195838928222656,-64.37018585205078,121.02606964111328,Go,Stepping
1780509931.568145,21967.554096053,-0.5138442516326904,-54.36058807373047,106.41474151611328,1.0508921146392822,-57.02946090698242,85.59075164794922,-1.048559308052063,-56.94306564331055,85.68003845214844,0.5445433855056763,-54.84510040283203,106.39788055419922,Go,Stepping
1780509931.5881016,21967.573956494,-0.6504697799682617,-48.6312370300293,90.83979797363281,0.9662942290306091,-57.896690368652344,85.3787841796875,-0.9621385931968689,-57.80148696899414,85.5176773071289,0.6717501878738403,-48.77142333984375,90.49314880371094,Go,Stepping
1780509931.6081316,21967.596280645,-0.7364291548728943,-49.29581832885742,90.23576354980469,0.8778811097145081,-58.773067474365234,85.17720031738281,-0.8713235259056091,-58.67770004272461,85.38153839111328,0.7510085105895996,-49.452476501464844,89.99656677246094,Go,Stepping
1780509931.6280847,21967.614070787,-0.8178561329841614,-49.96651077270508,89.64414978027344,0.7838318943977356,-59.65406799316406,84.97393798828125,-0.7741839289665222,-59.56761932373047,85.26091003417969,0.8289729356765747,-50.11632537841797,89.46514892578125,Go,Stepping
1780509931.6483457,21967.634516757,-0.9033842086791992,-50.64043426513672,89.0514144897461,0.6878829002380371,-60.53738021850586,84.7539291381836,-0.6744480133056641,-60.47053909301758,85.13986206054688,0.9114382863044739,-50.777374267578125,88.92337799072266,Go,Stepping
1780509931.6681433,21967.655168581,-1.0016714334487915,-51.30357360839844,88.48247528076172,0.5445263385772705,-65.31359100341797,88.65240478515625,-0.5225954055786133,-65.0916976928711,88.9364013671875,1.0069416761398315,-51.41750717163086,88.39601135253906,Go,Stepping
1780509931.6881459,21967.673865045,-1.0902013778686523,-51.984188079833984,87.93977355957031,0.5015767812728882,-77.28060150146484,102.63835906982422,-0.4639199674129486,-77.00225067138672,102.99374389648438,1.0934089422225952,-52.07413101196289,87.88422393798828,Go,Stepping
1780509931.7081454,21967.699542228,-1.1791383028030396,-52.68029022216797,87.43222045898438,0.7195515632629395,-83.76879119873047,112.08341979980469,-0.6761597394943237,-83.4805679321289,112.40229797363281,1.1807645559310913,-52.74220275878906,87.39969635009766,Go,Stepping
1780509931.7281363,21967.720058797,-1.2680085897445679,-53.39577865600586,86.9651870727539,1.2152330875396729,-84.1025390625,118.02923583984375,-1.188213586807251,-83.86951446533203,118.21240234375,1.2685601711273193,-53.42705535888672,86.95014190673828,Go,Stepping
1780509931.7481935,21967.73426934,-1.3563718795776367,-54.13302993774414,86.54120635986328,1.8751338720321655,-80.97810363769531,122.42866516113281,-1.8697518110275269,-80.89289855957031,122.46986389160156,1.3563718795776367,-54.13304138183594,86.54119873046875,Go,Stepping
1780509931.7681468,21967.757428682,-1.442004919052124,-54.894012451171875,86.16046142578125,2.548715829849243,-75.7582015991211,125.23534393310547,-2.551074743270874,-75.90326690673828,125.1981201171875,1.442004919052124,-54.86499786376953,86.17620086669922,Go,Stepping
1780509931.7881417,21967.773690208,-1.528859257698059,-55.67692947387695,85.81844329833984,3.041527509689331,-68.05975341796875,123.91124725341797,-3.0330872535705566,-68.46072387695312,123.87308502197266,1.5294376611709595,-55.62200927734375,85.85494995117188,Go,Stepping
1780509931.8081658,21967.793744622,-1.6174184083938599,-56.48002624511719,85.50901794433594,2.957610845565796,-58.722347259521484,114.26597595214844,-2.931658983230591,-59.223854064941406,114.26431274414062,1.6192214488983154,-56.40448760986328,85.57496643066406,Go,Stepping
1780509931.8281498,21967.813865737,-1.7061724662780762,-57.29868698120117,85.22542572021484,2.353003740310669,-49.81895065307617,96.11575317382812,-2.3255317211151123,-50.198123931884766,96.1107177734375,1.7098989486694336,-57.21033477783203,85.3321304321289,Go,Stepping
1780509931.8481374,21967.840993782,-1.7965707778930664,-58.1282958984375,84.95697784423828,2.044727087020874,-48.72118377685547,90.06859588623047,-2.0204949378967285,-48.847434997558594,89.77444458007812,1.8029977083206177,-58.03618240356445,85.11837005615234,Go,Stepping
1780509931.8681035,21967.855022694,-1.8871098756790161,-58.96241760253906,84.6934585571289,1.9468514919281006,-49.41011428833008,89.52062225341797,-1.9307310581207275,-49.549381256103516,89.32059478759766,1.8970551490783691,-58.87715530395508,84.92438507080078,Go,Stepping
1780509931.8880877,21967.874409891,-1.9794795513153076,-59.79336166381836,84.42183685302734,1.8525985479354858,-50.10730743408203,88.98927307128906,-1.841071605682373,-50.23820495605469,88.84457397460938,1.9938287734985352,-59.72548294067383,84.73768615722656,Go,Stepping
1780509931.9081547,21967.894132902,-2.0836236476898193,-60.99211502075195,84.70336151123047,1.7596557140350342,-50.806732177734375,88.47087860107422,-1.7518929243087769,-50.923973083496094,88.37097930908203,2.099339485168457,-60.80698013305664,84.89857482910156,Go,Stepping
1780509931.9281454,21967.922874807,-2.6079750061035156,-71.04896545410156,95.19640350341797,1.667462706565857,-51.51457595825195,87.97744750976562,-1.6626694202423096,-51.61240768432617,87.91191101074219,2.634685754776001,-70.79911041259766,95.48786926269531,Go,Stepping
1780509931.9481626,21967.939599302,-3.0680229663848877,-80.8007583618164,107.2871322631836,1.576981544494629,-52.23767852783203,87.51620483398438,-1.5743951797485352,-52.31126403808594,87.47589874267578,3.1094601154327393,-80.5125732421875,107.59114837646484,Go,Stepping
1780509931.9681633,21967.978420814,-3.0519614219665527,-84.00364685058594,114.74893951416016,1.4868358373641968,-52.979209899902344,87.09487915039062,-1.485767126083374,-53.02436828613281,87.07315063476562,3.0875210762023926,-83.73668670654297,114.96786499023438,Go,Stepping
1780509931.9881573,21967.979420282,-2.664154529571533,-82.55025482177734,120.06465911865234,1.4001133441925049,-53.742919921875,86.71456909179688,-1.3999027013778687,-53.75828170776367,86.70743560791016,2.6792659759521484,-82.37911987304688,120.158935546875,Go,Stepping
1780509932.00821,21967.99443297,-2.0991082191467285,-78.66471099853516,124.16239166259766,1.3129023313522339,-54.530784606933594,86.37759399414062,-1.3129698038101196,-54.515647888183594,86.38518524169922,2.0982909202575684,-78.68607330322266,124.1552734375,Go,Stepping
1780509932.028106,21968.013748453,-1.4525293111801147,-72.51132202148438,125.7514419555664,1.2276134490966797,-55.339500427246094,86.08179473876953,-1.2274125814437866,-55.296348571777344,86.10760498046875,1.45350980758667,-72.79611206054688,125.70289611816406,Go,Stepping
1780509932.0481539,21968.039278322,-0.8239266872406006,-63.834373474121094,121.03282928466797,1.1412135362625122,-56.176353454589844,85.8202896118164,-1.140221118927002,-56.10899353027344,85.8720474243164,0.8424023389816284,-64.33372497558594,121.00203704833984,Go,Stepping
1780509932.0681536,21968.055667001,-0.5382782816886902,-54.35206985473633,106.40271759033203,1.0577516555786133,-57.02825927734375,85.58811950683594,-1.0554735660552979,-56.944068908691406,85.6758804321289,0.5683345198631287,-54.82569122314453,106.38629913330078,Go,Stepping
1780509932.0880933,21968.074359827,-0.6724900007247925,-48.627017974853516,90.83260345458984,0.9782636165618896,-57.89350891113281,85.37496948242188,-0.974244236946106,-57.801998138427734,85.51094818115234,0.693030059337616,-48.75779724121094,90.48685455322266,Go,Stepping
1780509932.1081574,21968.094576353,-0.7655320167541504,-49.29267883300781,90.22557067871094,0.9001463651657104,-58.765872955322266,85.17144012451172,-0.8939208388328552,-58.6771125793457,85.36995697021484,0.7793490886688232,-49.437198638916016,89.98815155029297,Go,Stepping
1780509932.1281354,21968.113738079,-0.8493594527244568,-49.96409225463867,89.63275146484375,0.8173176050186157,-59.64215850830078,84.96673583984375,-0.8083021640777588,-59.5652961730957,85.2443618774414,0.8597587943077087,-50.101016998291016,89.45616912841797,Go,Stepping
1780509932.148203,21968.135219011,-0.9316679835319519,-50.63328552246094,89.0448989868164,0.7314952611923218,-60.51535415649414,84.74744415283203,-0.7190516591072083,-60.46028518676758,85.12007141113281,0.9391722679138184,-50.75882339477539,88.9193344116211,Go,Stepping
1780509932.168149,21968.15380724,-1.0150724649429321,-51.30241775512695,88.47742462158203,0.5779035687446594,-65.30110931396484,88.64570617675781,-0.5568106174468994,-65.0877456665039,88.91887664794922,1.020139455795288,-51.41102981567383,88.392333984375,Go,Stepping
1780509932.1881688,21968.17433343,-1.0992026329040527,-51.98358154296875,87.93609619140625,0.5418962836265564,-77.2682113647461,102.63562774658203,-0.5055025815963745,-76.9994125366211,102.9789047241211,1.1022964715957642,-52.07008743286133,87.88166809082031,Go,Stepping
1780509932.20815,21968.19482104,-1.184532642364502,-52.67965316772461,87.43011474609375,0.7565179467201233,-83.75443267822266,112.0772933959961,-0.7144550085067749,-83.47523498535156,112.38627624511719,1.186108112335205,-52.73955535888672,87.3983383178711,Go,Stepping
1780509932.2281766,21968.214288516,-1.2701162099838257,-53.39567565917969,86.9642562866211,1.2353880405426025,-84.09455871582031,118.02677917480469,-1.2090189456939697,-83.86725616455078,118.2054672241211,1.2706552743911743,-53.426185607910156,86.94953918457031,Go,Stepping
1780509932.2481742,21968.233904926,-1.3563967943191528,-54.133243560791016,86.54109191894531,1.874233365058899,-80.9775619506836,122.42990112304688,-1.868831992149353,-80.89208221435547,122.47122192382812,1.3563967943191528,-54.13323974609375,86.54109191894531,Go,Stepping
1780509932.2681742,21968.254127349,-1.443345308303833,-54.89394760131836,86.15982818603516,2.5546534061431885,-75.75580596923828,125.23387145996094,-2.5570428371429443,-75.90316009521484,125.19607543945312,1.443345308303833,-54.86447525024414,86.17581176757812,Go,Stepping
1780509932.2884085,21968.274333664,-1.5346211194992065,-55.68416213989258,85.81295776367188,3.0713467597961426,-67.96514892578125,123.85771179199219,-3.0626304149627686,-68.37965393066406,123.81874084472656,1.5352188348770142,-55.62739181518555,85.85067749023438,Go,Stepping
1780509932.308174,21968.294304968,-1.6184959411621094,-56.47971725463867,85.50849914550781,2.962873935699463,-58.724430084228516,114.2702865600586,-2.9366869926452637,-59.22779846191406,114.2686538696289,1.6203118562698364,-56.40385818481445,85.57470703125,Go,Stepping
1780509932.3282137,21968.314324595,-1.7125524282455444,-57.298255920410156,85.2220687866211,2.3696789741516113,-49.81344223022461,96.11080932617188,-2.3416967391967773,-50.19963455200195,96.1056900024414,1.716342806816101,-57.20793533325195,85.33024597167969,Go,Stepping
1780509932.3481455,21968.333665473,-1.8031573295593262,-58.12767028808594,84.95349884033203,2.054978609085083,-48.717403411865234,90.06513214111328,-2.030426263809204,-48.84765625,89.7705307006836,1.8096718788146973,-58.033592224121094,85.1164779663086,Go,Stepping
1780509932.3681033,21968.354935908,-1.8944905996322632,-58.96186828613281,84.68938446044922,1.9550412893295288,-49.40701675415039,89.5177993774414,-1.938720941543579,-49.549503326416016,89.31729888916016,1.9045581817626953,-58.8745002746582,84.92219543457031,Go,Stepping
1780509932.3881857,21968.38965552,-1.9802474975585938,-59.795204162597656,84.4208755493164,1.8528554439544678,-50.10860824584961,88.98806762695312,-1.8413232564926147,-50.23958969116211,88.8434066772461,1.9946155548095703,-59.727237701416016,84.737060546875,Go,Stepping
1780509932.4082034,21968.399193134,-2.0727498531341553,-60.992488861083984,84.71036529541016,1.7536042928695679,-50.80870056152344,88.47317504882812,-1.7459505796432495,-50.9235725402832,88.37380981445312,2.0882256031036377,-60.81023406982422,84.90249633789062,Go,Stepping
1780509932.4281614,21968.416266173,-2.588904619216919,-71.04830169677734,95.20301818847656,1.6618998050689697,-51.516475677490234,87.97943115234375,-1.6571825742721558,-51.61219787597656,87.91447448730469,2.6151204109191895,-70.802978515625,95.48917388916016,Go,Stepping
1780509932.4482265,21968.439075042,-3.0391550064086914,-80.81663513183594,107.31939697265625,1.5715864896774292,-52.241065979003906,87.51705169677734,-1.5690568685531616,-52.312652587890625,87.4774169921875,3.079601526260376,-80.5352554321289,107.61616516113281,Go,Stepping
1780509932.4682066,21968.453717251,-3.019340991973877,-84.00686645507812,114.76224517822266,1.4827674627304077,-52.98062515258789,87.09623718261719,-1.4817298650741577,-53.0243034362793,87.0750961303711,3.0537736415863037,-83.74819946289062,114.97435760498047,Go,Stepping
1780509932.488252,21968.473809315,-2.639462947845459,-82.5472183227539,120.08164978027344,1.3981237411499023,-53.7448616027832,86.71455383300781,-1.3979228734970093,-53.759521484375,86.7077407836914,2.653902769088745,-82.38355255126953,120.1717758178711,Go,Stepping
1780509932.5081656,21968.493738034,-2.10235857963562,-78.6662826538086,124.16021728515625,1.31516432762146,-54.529640197753906,86.37705993652344,-1.315228819847107,-54.515289306640625,86.38426208496094,2.101585865020752,-78.68648529052734,124.15349578857422,Go,Stepping
1780509932.528156,21968.514568351,-1.492585301399231,-72.48924255371094,125.73609924316406,1.235127568244934,-55.338905334472656,86.078857421875,-1.2349392175674438,-55.298274993896484,86.10322570800781,1.4935063123703003,-72.75772857666016,125.69043731689453,Go,Stepping
1780509932.5481703,21968.534323071,-0.9058186411857605,-63.840492248535156,121.01295471191406,1.1567524671554565,-56.169925689697266,85.81643676757812,-1.155835747718811,-56.107635498046875,85.86489868164062,0.9230188727378845,-64.3039321899414,120.98432159423828,Go,Stepping
1780509932.5681593,21968.554112895,-0.6223790049552917,-54.35257339477539,106.37705993652344,1.0814085006713867,-57.018943786621094,85.58248138427734,-1.0793246030807495,-56.942230224609375,85.6648178100586,0.6500924825668335,-54.78884506225586,106.3619155883789,Go,Stepping
1780509932.5881212,21968.578724943,-0.7209120988845825,-48.625511169433594,90.8163833618164,1.0046603679656982,-57.88275146484375,85.3692855834961,-1.000950813293457,-57.799339294433594,85.49874877929688,0.7398028373718262,-48.73554229736328,90.47267150878906,Go,Stepping
1780509932.6081533,21968.594118068,-0.8006734848022461,-49.29212951660156,90.21290588378906,0.9270133376121521,-58.755611419677734,85.16605377197266,-0.9212011694908142,-58.67482376098633,85.3574447631836,0.8135663866996765,-49.42188262939453,89.9775619506836,Go,Stepping
1780509932.6281612,21968.615420793,-0.878865122795105,-49.96365737915039,89.62150573730469,0.8485843539237976,-59.63043975830078,84.96097564697266,-0.8401644229888916,-59.562522888183594,85.22984313964844,0.8885874152183533,-50.0885009765625,89.44722747802734,Go,Stepping
1780509932.6481054,21968.635026036,-0.9643510580062866,-50.630733489990234,89.033447265625,0.7803537249565125,-60.49462890625,84.73995208740234,-0.7690269351005554,-60.45283508300781,85.09794616699219,0.9712195992469788,-50.74321365356445,88.91090393066406,Go,Stepping
1780509932.6681707,21968.654449874,-1.0414724349975586,-51.30195999145508,88.4665298461914,0.6434239149093628,-65.28388214111328,88.64559173583984,-0.6239418387413025,-65.08692169189453,88.8978500366211,1.0461163520812988,-51.40025329589844,88.38431549072266,Go,Stepping
1780509932.6881528,21968.674312845,-1.1214553117752075,-51.98217010498047,87.92726135253906,0.6418887972831726,-77.22288513183594,102.61729431152344,-0.6086373329162598,-76.97756958007812,102.93069458007812,1.124263882637024,-52.060211181640625,87.87561798095703,Go,Stepping
1780509932.7081769,21968.693691315,-1.1996511220932007,-52.67954635620117,87.42330169677734,0.859756588935852,-83.7161865234375,112.07371520996094,-0.8214057087898254,-83.46187591552734,112.35517120361328,1.2010829448699951,-52.73384094238281,87.3936538696289,Go,Stepping
1780509932.728177,21968.713716372,-1.2783774137496948,-53.395294189453125,86.96058654785156,1.314389944076538,-84.06143951416016,118.01689910888672,-1.2905704975128174,-83.85625457763672,118.17821502685547,1.2788636684417725,-53.422828674316406,86.94715881347656,Go,Stepping
1780509932.7481723,21968.733705923,-1.3564218282699585,-54.13346481323242,86.54096984863281,1.8986581563949585,-80.9507827758789,122.4334945678711,-1.8937734365463257,-80.87344360351562,122.4708251953125,1.3564218282699585,-54.13345718383789,86.54097747802734,Go,Stepping
1780509932.7681725,21968.754308537,-1.4356601238250732,-54.864295959472656,86.17977905273438,2.5206518173217773,-75.91947174072266,125.2046127319336,-2.5228140354156494,-76.05329132080078,125.16969299316406,1.4356601238250732,-54.83740997314453,86.19429016113281,Go,Stepping
1780509932.7881691,21968.774213715,-1.5161277055740356,-55.55979537963867,85.89604949951172,2.9704015254974365,-68.9231948852539,123.84061431884766,-2.9629099369049072,-69.29000091552734,123.79874420166016,1.5166430473327637,-55.50873947143555,85.92951965332031,Go,Stepping
1780509932.8081672,21968.795992025,-1.5970442295074463,-56.16506576538086,85.73020935058594,2.8651833534240723,-60.682640075683594,114.22467803955078,-2.843229055404663,-61.13383865356445,114.20189666748047,1.59857177734375,-56.09425354003906,85.78921508789062,Go,Stepping
1780509932.8281748,21968.814090199,-1.6797494888305664,-56.66343688964844,85.70194244384766,2.2817330360412598,-52.10035705566406,95.9678726196289,-2.260143280029297,-52.4371452331543,95.93561553955078,1.6826837062835693,-56.57707977294922,85.79365539550781,Go,Stepping
1780509932.8481252,21968.834902048,-1.7614870071411133,-57.2862663269043,85.64999389648438,1.987013578414917,-50.48086929321289,89.78597259521484,-1.9697577953338623,-50.6064453125,89.53822326660156,1.7660282850265503,-57.19002914428711,85.78152465820312,Go,Stepping
1780509932.8681164,21968.854522776,-1.8423036336898804,-57.8236198425293,85.70652770996094,1.8940545320510864,-51.13971710205078,89.17921447753906,-1.882996678352356,-51.27164077758789,89.00902557373047,1.8490976095199585,-57.72446823120117,85.88743591308594,Go,Stepping
1780509932.888118,21968.874465679,-1.924155354499817,-58.36015701293945,85.80136108398438,1.8051459789276123,-51.69527053833008,88.6122817993164,-1.7977389097213745,-51.817989349365234,88.49066925048828,1.9333837032318115,-58.26167678833008,86.0369644165039,Go,Stepping
1780509932.9081728,21968.894647983,-2.0155532360076904,-59.26667404174805,86.43315124511719,1.7185626029968262,-52.160003662109375,88.09764099121094,-1.7138525247573853,-52.26802062988281,88.013427734375,2.0249998569488525,-59.07939529418945,86.583251953125,Go,Stepping
1780509932.9281836,21968.914312811,-2.503880023956299,-68.44373321533203,97.9769515991211,1.634447693824768,-52.63456726074219,87.62278747558594,-1.6316556930541992,-52.72296905517578,87.56620025634766,2.5193727016448975,-68.17555236816406,98.19155883789062,Go,Stepping
1780509932.948167,21968.937364585,-2.941840410232544,-77.60574340820312,110.37178039550781,1.5526797771453857,-53.05646896362305,87.2238998413086,-1.5512561798095703,-53.12208938598633,87.18834686279297,2.9647281169891357,-77.29209899902344,110.59644317626953,Go,Stepping
1780509932.9682248,21968.953895846,-2.9517910480499268,-81.03620147705078,117.06864929199219,1.473168134689331,-53.46792221069336,86.89945220947266,-1.4725953340530396,-53.508209228515625,86.8797607421875,2.9709742069244385,-80.75737762451172,117.23687744140625,Go,Stepping
1780509932.9884186,21968.974636041,-2.601451873779297,-80.69696807861328,121.11692810058594,1.3945863246917725,-53.90933609008789,86.64059448242188,-1.3944796323776245,-53.922706604003906,86.63426208496094,2.609330177307129,-80.5350341796875,121.1925277709961,Go,Stepping
1780509933.0082138,21968.99395188,-2.1066367626190186,-78.89336395263672,124.0792465209961,1.3184818029403687,-54.36664962768555,86.45772552490234,-1.3185153007507324,-54.35337448120117,86.4642562866211,2.1062281131744385,-78.91183471679688,124.07283020019531,Go,Stepping
1780509933.0282116,21969.014639141,-1.5326734781265259,-75.50757598876953,125.10684967041016,1.242459774017334,-54.85768508911133,86.34225463867188,-1.2423614263534546,-54.818511962890625,86.36367797851562,1.5331615209579468,-75.7455062866211,125.04755401611328,Go,Stepping
1780509933.0479825,21969.035390846,-0.9691515564918518,-69.14242553710938,120.43891143798828,1.1679500341415405,-55.374053955078125,86.29438781738281,-1.1674654483795166,-55.311431884765625,86.33438110351562,0.9782951474189758,-69.54754638671875,120.36385345458984,Go,Stepping
1780509933.0681717,21969.055618992,-0.6708576679229736,-59.47456741333008,105.92638397216797,1.0931872129440308,-55.918556213378906,86.30762481689453,-1.0920886993408203,-55.83544158935547,86.37187194824219,0.6856864094734192,-59.86104965209961,105.85551452636719,Go,Stepping
1780509933.0881228,21969.076762456,-0.7537339329719543,-51.85327911376953,90.19091033935547,1.0198930501937866,-56.50263595581055,86.3624038696289,-1.0179619789123535,-56.403507232666016,86.45756530761719,0.7636600136756897,-52.003353118896484,89.9551010131836,Go,Stepping
1780509933.1081104,21969.094872459,-0.8302138447761536,-52.08628845214844,89.59403228759766,0.9465310573577881,-57.101932525634766,86.46122741699219,-0.9435175657272339,-56.99150466918945,86.59523010253906,0.8369261622428894,-52.23651123046875,89.4244384765625,Go,Stepping
1780509933.1281686,21969.114123684,-0.9089003205299377,-52.3133659362793,89.0239486694336,0.8767014741897583,-57.726341247558594,86.58087921142578,-0.8724148273468018,-57.6107292175293,86.76091003417969,0.9138672351837158,-52.448509216308594,88.89485168457031,Go,Stepping
1780509933.1481116,21969.133908557,-0.9829399585723877,-52.55774688720703,88.48127746582031,0.8032183051109314,-58.35607147216797,86.72111511230469,-0.7973488569259644,-58.23926544189453,86.9559097290039,0.9865064024925232,-52.676513671875,88.385986328125,Go,Stepping
1780509933.1681526,21969.153951059,-1.0570509433746338,-52.82236862182617,87.97714233398438,0.6755655407905579,-62.5069465637207,91.37059020996094,-0.6654409170150757,-62.274662017822266,91.55815887451172,1.0594452619552612,-52.92180633544922,87.90974426269531,Go,Stepping
1780509933.1882062,21969.173804715,-1.1307400465011597,-53.10171127319336,87.52572631835938,0.6721943020820618,-73.65467071533203,106.05500030517578,-0.6547713279724121,-73.34750366210938,106.28982543945312,1.1321932077407837,-53.17923355102539,87.4806137084961,Go,Stepping
1780509933.2081747,21969.194063228,-1.2055517435073853,-53.41143035888672,87.13214111328125,0.8880515098571777,-80.01171112060547,115.18147277832031,-0.8679012060165405,-79.69793701171875,115.39776611328125,1.2062937021255493,-53.464332580566406,87.10469055175781,Go,Stepping
1780509933.2281845,21969.213985776,-1.2806838750839233,-53.75240707397461,86.80380249023438,1.3292715549468994,-81.21177673339844,119.8377456665039,-1.3167270421981812,-80.97962951660156,119.96894073486328,1.2809374332427979,-53.7791748046875,86.79080963134766,Go,Stepping
1780509933.2481642,21969.233854202,-1.356393814086914,-54.13325119018555,86.54108428955078,1.9039881229400635,-79.9676742553711,122.86157989501953,-1.9014313220977783,-79.88917541503906,122.89512634277344,1.356393814086914,-54.13325119018555,86.54108428955078,Go,Stepping
1780509933.26819,21969.254176355,-1.4330101013183594,-54.56224060058594,86.34056854248047,2.509330987930298,-77.3985595703125,124.80113983154297,-2.5104713439941406,-77.52373504638672,124.76313018798828,1.4330101013183594,-54.53591537475586,86.35409545898438,Go,Stepping
1780509933.288402,21969.274105213,-1.510499119758606,-55.05230712890625,86.19168090820312,2.9370148181915283,-72.36605834960938,123.30719757080078,-2.9328787326812744,-72.69912719726562,123.2398452758789,1.5107837915420532,-55.00138854980469,86.22138214111328,Go,Stepping
1780509933.3082597,21969.293635533,-1.588903546333313,-55.61494827270508,86.07878112792969,2.8238887786865234,-63.852455139160156,113.91299438476562,-2.810790777206421,-64.26697540283203,113.85445404052734,1.5898113250732422,-55.54256057739258,86.12953186035156,Go,Stepping
1780509933.3281446,21969.313739873,-1.6674296855926514,-56.192420959472656,86.02378845214844,2.2480154037475586,-53.68675231933594,95.80061340332031,-2.2335331439971924,-54.000858306884766,95.7490005493164,1.6693886518478394,-56.103214263916016,86.10232543945312,Go,Stepping
1780509933.348123,21969.33366302,-1.7495917081832886,-56.83389663696289,85.98375701904297,1.9663258790969849,-51.35280227661133,89.58067321777344,-1.9532138109207153,-51.48988723754883,89.36973571777344,1.7530184984207153,-56.73243713378906,86.09902954101562,Go,Stepping
1780509933.368124,21969.354426686,-1.8302173614501953,-57.510231018066406,85.9588623046875,1.8791290521621704,-51.57897186279297,89.06243133544922,-1.8702712059020996,-51.71538543701172,88.9113998413086,1.8356519937515259,-57.40403366088867,86.12055969238281,Go,Stepping
1780509933.3881752,21969.374317495,-1.9124971628189087,-58.17384338378906,85.96546936035156,1.7950587272644043,-51.88705825805664,88.55663299560547,-1.7886128425598145,-52.01002502441406,88.4429702758789,1.9205200672149658,-58.069400787353516,86.18392944335938,Go,Stepping
1780509933.4085283,21969.394373709,-2.010019540786743,-59.21525573730469,86.48129272460938,1.7135939598083496,-52.20672607421875,88.08094787597656,-1.7092292308807373,-52.314353942871094,87.99967956542969,2.018795967102051,-59.0291633605957,86.6295166015625,Go,Stepping
1780509933.428181,21969.414097982,-2.473909616470337,-68.64830780029297,97.80339050292969,1.6257548332214355,-52.55698013305664,87.65422821044922,-1.6230943202972412,-52.64270782470703,87.59955596923828,2.4886701107025146,-68.39183044433594,98.01487731933594,Go,Stepping
1780509933.4481738,21969.433720557,-2.9101340770721436,-78.03138732910156,110.04966735839844,1.5472522974014282,-52.961055755615234,87.26396179199219,-1.5458018779754639,-53.02473068237305,87.22917175292969,2.933380365371704,-77.73311614990234,110.27410125732422,Go,Stepping
1780509933.4681838,21969.45445933,-2.9228515625,-81.51668548583984,116.76447296142578,1.4697145223617554,-53.39694595336914,86.931396484375,-1.4691122770309448,-53.4360237121582,86.91224670410156,2.9429709911346436,-81.25177764892578,116.93219757080078,Go,Stepping
1780509933.4881814,21969.474231178,-2.5891780853271484,-81.06184387207031,120.91572570800781,1.3940728902816772,-53.875972747802734,86.65673065185547,-1.3939558267593384,-53.8891716003418,86.6504898071289,2.5976855754852295,-80.90554809570312,120.99127197265625,Go,Stepping
1780509933.5081804,21969.509607868,-2.107267379760742,-78.8449935913086,124.09598541259766,1.3188817501068115,-54.40117263793945,86.44029235839844,-1.3189219236373901,-54.38805389404297,86.44676971435547,2.106804847717285,-78.86328887939453,124.0896987915039,Go,Stepping
1780509933.5281918,21969.513631625,-1.5489146709442139,-74.80976104736328,125.26532745361328,1.2454882860183716,-54.97047424316406,86.28005981445312,-1.2453749179840088,-54.932559967041016,86.30125427246094,1.5494660139083862,-75.04484558105469,125.21131134033203,Go,Stepping
1780509933.54819,21969.533711447,-0.9885745644569397,-67.81932830810547,120.62582397460938,1.1718629598617554,-55.57834243774414,86.17433166503906,-1.1713005304336548,-55.51801681518555,86.21505737304688,0.9991794228553772,-68.22491455078125,120.56433868408203,Go,Stepping
1780509933.5681903,21969.553709115,-0.6890643239021301,-58.14041519165039,106.12065124511719,1.0988537073135376,-56.21784973144531,86.11820983886719,-1.0975600481033325,-56.13922882080078,86.18529510498047,0.7065572142601013,-58.527854919433594,106.06620788574219,Go,Stepping
1780509933.5881038,21969.573614751,-0.7664436101913452,-51.18238830566406,90.77088165283203,1.0272635221481323,-56.886539459228516,86.09969329833984,-1.0249587297439575,-56.79521942138672,86.20145416259766,0.7797664999961853,-51.43035125732422,90.71536254882812,Go,Stepping
1780509933.6081269,21969.593823094,-0.8335735201835632,-51.33776092529297,89.79207611083984,0.94939786195755,-57.57372283935547,86.12387084960938,-0.945726215839386,-57.473846435546875,86.27167510986328,0.8417569398880005,-51.47709274291992,89.60487365722656,Go,Stepping
1780509933.628144,21969.614022067,-0.9066852331161499,-51.682945251464844,89.20850372314453,0.8745657205581665,-58.275028228759766,86.1637954711914,-0.8692565560340881,-58.17393112182617,86.36685180664062,0.9128142595291138,-51.812625885009766,89.06747436523438,Go,Stepping
1780509933.648132,21969.633870755,-0.9818801283836365,-52.022796630859375,88.6518783569336,0.8020744919776917,-58.996185302734375,86.19918823242188,-0.7948198318481445,-58.90129852294922,86.46686553955078,0.9862753748893738,-52.13825607299805,88.5496597290039,Go,Stepping
1780509933.668202,21969.655508394,-1.056068778038025,-52.38491439819336,88.12881469726562,0.6734569072723389,-63.43241882324219,90.71002960205078,-0.6608371734619141,-63.21163558959961,90.91437530517578,1.0590426921844482,-52.482749938964844,88.05774688720703,Go,Stepping
1780509933.6881886,21969.674340912,-1.130719780921936,-52.777748107910156,87.64776611328125,0.6742955446243286,-74.83551788330078,105.18588256835938,-0.6524639129638672,-74.54853820800781,105.44129943847656,1.132537603378296,-52.85441207885742,87.60112762451172,Go,Stepping
1780509933.7082615,21969.693892229,-1.2034469842910767,-53.206356048583984,87.21664428710938,0.8760332465171814,-81.172607421875,114.39969635009766,-0.8504579067230225,-80.87382507324219,114.6357421875,1.2043880224227905,-53.25979232788086,87.18849182128906,Go,Stepping
1780509933.7281926,21969.71370542,-1.2798025608062744,-53.657936096191406,86.84586334228516,1.3218482732772827,-82.0214614868164,119.39266204833984,-1.3060486316680908,-81.79507446289062,119.53279113769531,1.2801227569580078,-53.68500518798828,86.83271789550781,Go,Stepping
1780509933.7481925,21969.733736754,-1.356775164604187,-54.135684967041016,86.53974151611328,1.9039561748504639,-80.2200927734375,122.76528930664062,-1.900795340538025,-80.1421890258789,122.79964447021484,1.356775164604187,-54.13555145263672,86.53980255126953,Go,Stepping
1780509933.768199,21969.754121525,-1.4342808723449707,-54.64862823486328,86.29560852050781,2.5159571170806885,-76.97473907470703,124.92243957519531,-2.5173592567443848,-77.1036376953125,124.88493347167969,1.4342808723449707,-54.62196350097656,86.30950927734375,Go,Stepping
1780509933.7881856,21969.77455285,-1.50924813747406,-55.20489501953125,86.10767364501953,2.9296791553497314,-71.35423278808594,123.4749984741211,-2.924692392349243,-71.6908950805664,123.41610717773438,1.5095927715301514,-55.154911041259766,86.13792419433594,Go,Stepping
1780509933.80819,21969.799294608,-1.5870988368988037,-55.79325866699219,85.97277069091797,2.8139185905456543,-62.83317947387695,113.98213958740234,-2.7985482215881348,-63.250946044921875,113.935546875,1.5881720781326294,-55.722774505615234,86.02519226074219,Go,Stepping
1780509933.8281884,21969.81543764,-1.6665675640106201,-56.41415786743164,85.88170623779297,2.241774082183838,-52.92351150512695,95.79796600341797,-2.225393772125244,-53.24026870727539,95.755615234375,1.6687979698181152,-56.32776641845703,85.96395111083984,Go,Stepping
1780509933.8481379,21969.833984476,-1.7470282316207886,-57.057228088378906,85.82896423339844,1.9625225067138672,-50.940460205078125,89.68540954589844,-1.9478271007537842,-51.06745910644531,89.45904541015625,1.7508957386016846,-56.960811614990234,85.95014953613281,Go,Stepping
1780509933.868149,21969.854647153,-1.8279967308044434,-57.714752197265625,85.80535888671875,1.8766599893569946,-51.30405044555664,89.1375961303711,-1.8669182062149048,-51.43517303466797,88.97895812988281,1.83399498462677,-57.614925384521484,85.97518920898438,Go,Stepping
1780509933.888139,21969.874507803,-1.910519003868103,-58.377967834472656,85.80062103271484,1.7933745384216309,-51.68644714355469,88.61600494384766,-1.7864426374435425,-51.8067512512207,88.49887084960938,1.9191821813583374,-58.2811279296875,86.02904510498047,Go,Stepping
1780509933.9082375,21969.896209114,-2.00392746925354,-59.39868927001953,86.32853698730469,1.7109036445617676,-52.07535171508789,88.12610626220703,-1.7062665224075317,-52.18090057373047,88.04327392578125,2.0132415294647217,-59.21628189086914,86.47782897949219,Go,Stepping
1780509933.9282382,21969.9143404,-2.4908766746520996,-68.91098022460938,97.6843490600586,1.629766821861267,-52.477108001708984,87.67958068847656,-1.6269185543060303,-52.563941955566406,87.62371063232422,2.50673246383667,-68.65312194824219,97.90283966064453,Go,Stepping
1780509933.9481974,21969.933830438,-2.928595781326294,-78.3120346069336,109.88168334960938,1.5500353574752808,-52.90351486206055,87.28392791748047,-1.548502802848816,-52.96814727783203,87.2486572265625,2.953284502029419,-78.01287078857422,110.1131591796875,Go,Stepping
1780509933.9681952,21969.954648352,-2.939037799835205,-81.71368408203125,116.64903259277344,1.471545696258545,-53.368690490722656,86.94182586669922,-1.4709076881408691,-53.40841293334961,86.9223861694336,2.960432291030884,-81.4463882446289,116.82130432128906,Go,Stepping
1780509933.988203,21969.974384246,-2.5936453342437744,-81.13841247558594,120.88726806640625,1.394232153892517,-53.87104797363281,86.65869140625,-1.3941090106964111,-53.88430404663086,86.65243530273438,2.602546215057373,-80.98113250732422,120.96369934082031,Go,Stepping
1780509934.0082667,21969.994043424,-2.1036934852600098,-78.81935119628906,124.11373138427734,1.3179657459259033,-54.41100311279297,86.43607330322266,-1.3180056810379028,-54.39756774902344,86.44271850585938,2.10318660736084,-78.8390121459961,124.10699462890625,Go,Stepping
1780509934.0281942,21970.014189677,-1.5424166917800903,-74.74224853515625,125.27295684814453,1.2444372177124023,-54.98051452636719,86.27572631835938,-1.244317650794983,-54.94227600097656,86.29716491699219,1.5430220365524292,-74.98004913330078,125.21873474121094,Go,Stepping
1780509934.048208,21970.035520664,-0.9806068539619446,-67.76823425292969,120.58554077148438,1.170433759689331,-55.58339309692383,86.17322540283203,-1.169862985610962,-55.522640228271484,86.21432495117188,0.9914258122444153,-68.17666625976562,120.52381134033203,Go,Stepping
1780509934.0681944,21970.053759497,-0.6820252537727356,-58.199947357177734,106.01569366455078,1.0966578722000122,-56.19742202758789,86.13388061523438,-1.0953456163406372,-56.11802291870117,86.20138549804688,0.6996659636497498,-58.588768005371094,105.95957946777344,Go,Stepping
1780509934.0881891,21970.073634886,-0.7595011591911316,-51.06850814819336,90.38127136230469,1.0232114791870117,-56.85902786254883,86.12471008300781,-1.02090585231781,-56.766029357910156,86.22684478759766,0.7712752819061279,-51.20237350463867,90.1196517944336,Go,Stepping
1780509934.1081388,21970.093733806,-0.8344359993934631,-51.38730239868164,89.781005859375,0.9506186842918396,-57.538299560546875,86.14703369140625,-0.9470160603523254,-57.43800354003906,86.2933578491211,0.8424447774887085,-51.52745056152344,89.59593963623047,Go,Stepping
1780509934.1282322,21970.11420054,-0.9097349643707275,-51.70985412597656,89.20087432861328,0.8782168626785278,-58.2479248046875,86.18212127685547,-0.8730238676071167,-58.14695739746094,86.38276672363281,0.9157437086105347,-51.838809967041016,89.06100463867188,Go,Stepping
1780509934.1481867,21970.135703546,-0.9853464365005493,-52.04661560058594,88.64508819580078,0.808059811592102,-58.96097946166992,86.22328186035156,-0.8009585738182068,-58.86676788330078,86.4877700805664,0.9896612167358398,-52.16083908081055,88.54344940185547,Go,Stepping
1780509934.168236,21970.15517561,-1.0577598810195923,-52.399288177490234,88.1248779296875,0.6790116429328918,-63.34663391113281,90.67155456542969,-0.6666191220283508,-63.12724304199219,90.87358856201172,1.060691475868225,-52.49655532836914,88.05414581298828,Go,Stepping
1780509934.1884155,21970.176355662,-1.1315832138061523,-52.78120040893555,87.64736938476562,0.6792246699333191,-74.76864624023438,105.14220428466797,-0.657712459564209,-74.48304748535156,105.39576721191406,1.1333824396133423,-52.85757827758789,87.60089874267578,Go,Stepping
1780509934.2082028,21970.196233621,-1.2057565450668335,-53.20240783691406,87.21830749511719,0.8930093050003052,-81.15214538574219,114.35333251953125,-0.8679577708244324,-80.8586196899414,114.58561706542969,1.2066783905029297,-53.2550048828125,87.19049835205078,Go,Stepping
1780509934.2282481,21970.21448111,-1.2802379131317139,-53.649715423583984,86.84973907470703,1.3269822597503662,-82.0719985961914,119.34395599365234,-1.3112609386444092,-81.84797668457031,119.48351287841797,1.2805545330047607,-53.67661666870117,86.83665466308594,Go,Stepping
1780509934.2481892,21970.234376832,-1.3564152717590332,-54.13337326049805,86.541015625,1.9036070108413696,-80.24166107177734,122.7464370727539,-1.9004029035568237,-80.16382598876953,122.78086853027344,1.3564152717590332,-54.133365631103516,86.54102325439453,Go,Stepping
1780509934.2681975,21970.256631374,-1.4332431554794312,-54.64688491821289,86.29656219482422,2.5102691650390625,-76.99208068847656,124.91948699951172,-2.5116758346557617,-77.11881256103516,124.88253021240234,1.4332431554794312,-54.620574951171875,86.3102798461914,Go,Stepping
1780509934.2881985,21970.274022851,-1.5107605457305908,-55.19569396972656,86.11116790771484,2.939124584197998,-71.42608642578125,123.48652648925781,-2.9341208934783936,-71.76585388183594,123.42657470703125,1.5111080408096313,-55.145172119140625,86.14165496826172,Go,Stepping
1780509934.3082058,21970.293761559,-1.5893183946609497,-55.78227233886719,85.97703552246094,2.8272244930267334,-62.91838455200195,114.0382308959961,-2.8118209838867188,-63.340572357177734,113.99053192138672,1.590390682220459,-55.710960388183594,86.02977752685547,Go,Stepping
1780509934.3283,21970.314121731,-1.6677098274230957,-56.40553665161133,85.88607788085938,2.246248483657837,-52.96270751953125,95.8290023803711,-2.2298858165740967,-53.28087615966797,95.78617095947266,1.6699317693710327,-56.31864929199219,85.9683609008789,Go,Stepping
1780509934.3481429,21970.334186203,-1.7460893392562866,-57.04276657104492,85.8376693725586,1.962001085281372,-50.9613037109375,89.68305206298828,-1.9473636150360107,-51.088157653808594,89.45695495605469,1.7499279975891113,-56.9464225769043,85.95830535888672,Go,Stepping
1780509934.3682933,21970.356242446,-1.8325103521347046,-57.7104377746582,85.8081283569336,1.8809971809387207,-51.31216049194336,89.13182830810547,-1.87122642993927,-51.44525146484375,88.97327423095703,1.8385252952575684,-57.608985900878906,85.97860717773438,Go,Stepping
1780509934.3881366,21970.374893206,-1.9063777923583984,-58.378726959228516,85.79979705810547,1.7907699346542358,-51.68205642700195,88.62030792236328,-1.7838910818099976,-51.80143737792969,88.50359344482422,1.9149664640426636,-58.28297805786133,86.02698516845703,Go,Stepping
1780509934.4082406,21970.394809613,-2.0029959678649902,-59.396419525146484,86.3301010131836,1.7115174531936646,-52.06946563720703,88.12940979003906,-1.7068654298782349,-52.17517852783203,88.04637908935547,2.012300729751587,-59.2142448425293,86.4791488647461,Go,Stepping
1780509934.4282072,21970.414499193,-2.4893319606781006,-68.82599639892578,97.64683532714844,1.6303901672363281,-52.488128662109375,87.67688751220703,-1.6275278329849243,-52.575077056884766,87.62078094482422,2.5051755905151367,-68.56766510009766,97.86474609375,Go,Stepping
1780509934.4481995,21970.434361865,-2.9276392459869385,-78.18559265136719,109.91756439208984,1.5504357814788818,-52.92403030395508,87.2769546508789,-1.5489064455032349,-52.98876190185547,87.2415542602539,2.952150821685791,-77.88484954833984,110.14775085449219,Go,Stepping
1780509934.468203,21970.454343559,-2.9404428005218506,-81.6117172241211,116.69129943847656,1.4719436168670654,-53.38134765625,86.9369888305664,-1.4713155031204224,-53.421207427978516,86.91748046875,2.96152925491333,-81.34280395507812,116.86311340332031,Go,Stepping
1780509934.4882474,21970.47372048,-2.596133232116699,-81.10372161865234,120.89119720458984,1.3946218490600586,-53.87213134765625,86.65823364257812,-1.3945022821426392,-53.885528564453125,86.65192413330078,2.6049325466156006,-80.94541931152344,120.96796417236328,Go,Stepping
1780509934.5081956,21970.494101151,-2.106579065322876,-78.8414077758789,124.09754180908203,1.3183822631835938,-54.403907775878906,86.43916320800781,-1.3184223175048828,-54.39061737060547,86.44573211669922,2.1061015129089355,-78.85994720458984,124.09117126464844,Go,Stepping
1780509934.528191,21970.514508681,-1.5364009141921997,-74.80950927734375,125.2702865600586,1.2431610822677612,-54.971561431884766,86.2805404663086,-1.2430452108383179,-54.932861328125,86.30218505859375,1.5369724035263062,-75.04949951171875,125.21517181396484,Go,Stepping
1780509934.5481439,21970.534132271,-0.9862766861915588,-67.88220977783203,120.642578125,1.1713882684707642,-55.570560455322266,86.17853546142578,-1.170823335647583,-55.51005172729492,86.21932220458984,0.9969167113304138,-68.28874969482422,120.5804443359375,Go,Stepping
1780509934.5682013,21970.553866167,-0.6811673045158386,-58.25291061401367,106.1070785522461,1.0965971946716309,-56.19371032714844,86.13467407226562,-1.0952991247177124,-56.11419677734375,86.2020034790039,0.6986971497535706,-58.64287567138672,106.05087280273438,Go,Stepping
1780509934.5881457,21970.576719369,-0.7607539892196655,-51.075286865234375,90.38172912597656,1.0244455337524414,-56.85174560546875,86.126953125,-1.022152304649353,-56.75905227661133,86.22866821289062,0.7724962830543518,-51.20854568481445,90.1200180053711,Go,Stepping
1780509934.6083288,21970.594604903,-0.8319092392921448,-51.39956283569336,89.77619171142578,0.9478592872619629,-57.537288665771484,86.15241241455078,-0.9442389607429504,-57.436065673828125,86.2992935180664,0.8399516344070435,-51.54079055786133,89.591064453125,Go,Stepping
1780509934.6281407,21970.614415777,-0.9111933708190918,-51.72313690185547,89.19776153564453,0.8801628947257996,-58.233394622802734,86.19095611572266,-0.8749984502792358,-58.13277053833008,86.39081573486328,0.9171624779701233,-51.85160827636719,89.05817413330078,Go,Stepping
1780509934.6481462,21970.638845706,-0.9824568629264832,-52.05731964111328,88.64283752441406,0.8036495447158813,-58.95088195800781,86.23469543457031,-0.7965142726898193,-58.85487365722656,86.49956512451172,0.9867938756942749,-52.172725677490234,88.54102325439453,Go,Stepping
1780509934.6682563,21970.654530562,-1.0566121339797974,-52.406166076660156,88.12284851074219,0.6759504079818726,-63.3405647277832,90.6904296875,-0.6635540127754211,-63.12005615234375,90.89307403564453,1.0595452785491943,-52.50391387939453,88.05205535888672,Go,Stepping
1780509934.6882076,21970.675253385,-1.1310471296310425,-52.792911529541016,87.64324951171875,0.6766892075538635,-74.7330551147461,105.17919158935547,-0.6551880836486816,-74.44602966308594,105.43270874023438,1.1328436136245728,-52.86948013305664,87.5967025756836,Go,Stepping
1780509934.7082522,21970.693901676,-1.205460548400879,-53.22287368774414,87.21009826660156,0.8907704949378967,-81.04723358154297,114.43824005126953,-0.8658421635627747,-80.75128173828125,114.66947174072266,1.206379771232605,-53.27557373046875,87.18222045898438,Go,Stepping
1780509934.7282379,21970.71471466,-1.28062903881073,-53.657752990722656,86.84601593017578,1.3305772542953491,-82.00389099121094,119.38289642333984,-1.3152344226837158,-81.7802505493164,119.52116394042969,1.2809395790100098,-53.68452453613281,86.83300018310547,Go,Stepping
1780509934.748247,21970.736627882,-1.3564122915267944,-54.13336181640625,86.54102325439453,1.9044091701507568,-80.23342895507812,122.7496109008789,-1.9012629985809326,-80.15583801269531,122.78388977050781,1.3564122915267944,-54.13335037231445,86.54103088378906,Go,Stepping
1780509934.7682123,21970.754700989,-1.433044672012329,-54.645721435546875,86.29728698730469,2.509439706802368,-76.99784088134766,124.91812133789062,-2.5108368396759033,-77.12425994873047,124.88127136230469,1.433044672012329,-54.619476318359375,86.31096649169922,Go,Stepping
1780509934.7882206,21970.779526755,-1.5103509426116943,-55.198822021484375,86.10962677001953,2.936821460723877,-71.40618896484375,123.49055480957031,-2.931842088699341,-71.74516296386719,123.43091583251953,1.510694980621338,-55.148441314697266,86.1400375366211,Go,Stepping
1780509934.8082078,21970.793763755,-1.5889272689819336,-55.79245376586914,85.97108459472656,2.825305223464966,-62.85980224609375,114.04170227050781,-2.8098742961883545,-63.281646728515625,113.9947280883789,1.5900027751922607,-55.721317291259766,86.02381134033203,Go,Stepping
1780509934.8282197,21970.815971503,-1.6683118343353271,-56.41227340698242,85.88050842285156,2.249318838119507,-52.951011657714844,95.8650131225586,-2.2327911853790283,-53.27042007446289,95.82243347167969,1.6705515384674072,-56.325294494628906,85.96308135986328,Go,Stepping
1780509934.848149,21970.834566743,-1.7507050037384033,-57.06058883666992,85.82237243652344,1.9691373109817505,-50.92365264892578,89.6886215209961,-1.9542763233184814,-51.05306625366211,89.46149444580078,1.754597544670105,-56.9630012512207,85.94432830810547,Go,Stepping
1780509934.8681426,21970.85433488,-1.831925630569458,-57.725372314453125,85.79251861572266,1.881792426109314,-51.281131744384766,89.14338684082031,-1.8719271421432495,-51.414031982421875,88.98396301269531,1.8379803895950317,-57.624473571777344,85.96343994140625,Go,Stepping
1780509934.8881426,21970.875981767,-1.9138866662979126,-58.40200424194336,85.77588653564453,1.7968062162399292,-51.65529251098633,88.62554168701172,-1.789782166481018,-51.776729583740234,88.50775909423828,1.9226337671279907,-58.30462646484375,86.00578308105469,Go,Stepping
1780509934.9082036,21970.893973299,-2.0061850547790527,-59.43252182006836,86.2969970703125,1.7134307622909546,-52.041927337646484,88.13748931884766,-1.7087172269821167,-52.148258209228516,88.05409240722656,2.015613079071045,-59.24982452392578,86.44732666015625,Go,Stepping
1780509934.9282541,21970.914189031,-2.4930012226104736,-68.90546417236328,97.56949615478516,1.6315439939498901,-52.45569610595703,87.68782043457031,-1.6286373138427734,-52.54304122924805,87.6314926147461,2.5090794563293457,-68.64733123779297,97.7896957397461,Go,Stepping
1780509934.9482043,21970.934273051,-2.931513786315918,-78.31488037109375,109.81071472167969,1.5511540174484253,-52.89353561401367,87.28837585449219,-1.549594521522522,-52.95851516723633,87.25286102294922,2.9565272331237793,-78.01512908935547,110.0435791015625,Go,Stepping
1780509934.9682162,21970.954840931,-2.942812442779541,-81.72553253173828,116.61358642578125,1.4722630977630615,-53.36386489868164,86.94418334960938,-1.4716155529022217,-53.40382766723633,86.92462921142578,2.9644432067871094,-81.457275390625,116.78691101074219,Go,Stepping
1780509934.9882224,21970.974796219,-2.5969252586364746,-81.15605163574219,120.86577606201172,1.3946651220321655,-53.86790084838867,86.66014862060547,-1.3945388793945312,-53.88130569458008,86.65381622314453,2.6059391498565674,-80.99775695800781,120.94285583496094,Go,Stepping
1780509935.0082042,21970.993722035,-2.1062211990356445,-78.83517456054688,124.09974670410156,1.3180873394012451,-54.40863037109375,86.43692779541016,-1.3181275129318237,-54.39524459838867,86.44355773925781,2.105733871459961,-78.85385131835938,124.09333801269531,Go,Stepping
1780509935.028212,21971.014299917,-1.5315674543380737,-74.71725463867188,125.29181671142578,1.2422795295715332,-54.986724853515625,86.27275085449219,-1.2421603202819824,-54.947757720947266,86.29460906982422,1.532153844833374,-74.95956420898438,125.23677825927734,Go,Stepping
1780509935.0482159,21971.033753214,-0.9596060514450073,-67.68451690673828,120.65050506591797,1.1663750410079956,-55.600990295410156,86.16374206542969,-1.1657825708389282,-55.53892517089844,86.20571899414062,0.9707440733909607,-68.10297393798828,120.58843231201172,Go,Stepping
1780509935.068209,21971.054689178,-0.6648385524749756,-58.02489471435547,106.13861083984375,1.0920442342758179,-56.24571228027344,86.10385131835938,-1.0906864404678345,-56.16508865356445,86.1727523803711,0.6830851435661316,-58.42322540283203,106.08401489257812,Go,Stepping
1780509935.0881584,21971.074579982,-0.7411613464355469,-50.93000411987305,90.4216079711914,1.0138124227523804,-56.920406341552734,86.08515167236328,-1.011364459991455,-56.8252067565918,86.19061279296875,0.753721296787262,-51.068695068359375,90.15342712402344,Go,Stepping
1780509935.1081564,21971.094521066,-0.812203049659729,-51.28942108154297,89.81437683105469,0.9336114525794983,-57.605438232421875,86.10580444335938,-0.9297269582748413,-57.50114440917969,86.2581787109375,0.8208532929420471,-51.43679428100586,89.62410736083984,Go,Stepping
1780509935.1281471,21971.114524364,-0.8916877508163452,-51.645790100097656,89.22725677490234,0.8594492077827454,-58.30698776245117,86.14270782470703,-0.8538826107978821,-58.20195007324219,86.35060119628906,0.8981271982192993,-51.78089141845703,89.08368682861328,Go,Stepping
1780509935.1482005,21971.133710926,-0.9672240614891052,-52.00941467285156,88.66400146484375,0.7811096906661987,-59.01545715332031,86.19036865234375,-0.7734598517417908,-58.91504669189453,86.46467590332031,0.9718616008758545,-52.13017654418945,88.55941772460938,Go,Stepping
1780509935.1682198,21971.153749279,-1.0449070930480957,-52.381507873535156,88.13632202148438,0.6468256115913391,-63.39784240722656,90.64965057373047,-0.6337285041809082,-63.169586181640625,90.86104583740234,1.0480196475982666,-52.48345947265625,88.0635986328125,Go,Stepping
1780509935.188208,21971.174452362,-1.1231436729431152,-52.776546478271484,87.65279388427734,0.6411904096603394,-74.80167388916016,105.13379669189453,-0.6186885237693787,-74.50562286376953,105.39728546142578,1.1250301599502563,-52.85601806640625,87.60506439208984,Go,Stepping
1780509935.208258,21971.196947555,-1.2005839347839355,-53.23058319091797,87.20926666259766,0.8573636412620544,-81.02037048339844,114.4713363647461,-0.8313668370246887,-80.71420288085938,114.7096176147461,1.2015432119369507,-53.285011291503906,87.18058013916016,Go,Stepping
1780509935.2282038,21971.21395173,-1.2776705026626587,-53.676292419433594,86.83922576904297,1.3020297288894653,-81.86436462402344,119.47667694091797,-1.2861977815628052,-81.63030242919922,119.61907196044922,1.2779909372329712,-53.7041015625,86.8257064819336,Go,Stepping
1780509935.2482278,21971.233861713,-1.3565149307250977,-54.13397216796875,86.54068756103516,1.8953298330307007,-80.18285369873047,122.77730560302734,-1.8921740055084229,-80.10193634033203,122.81281280517578,1.3565149307250977,-54.13393020629883,86.54070281982422,Go,Stepping
1780509935.268206,21971.254029221,-1.4361096620559692,-54.63761901855469,86.29993438720703,2.522947311401367,-77.03137969970703,124.90371704101562,-2.5243442058563232,-77.16272735595703,124.86527252197266,1.4361096620559692,-54.610313415527344,86.31414031982422,Go,Stepping
1780509935.288211,21971.275490199,-1.5177501440048218,-55.18641662597656,86.1129150390625,2.9778199195861816,-71.46904754638672,123.46440887451172,-2.9726853370666504,-71.8238296508789,123.40122985839844,1.5181033611297607,-55.13349533081055,86.14466094970703,Go,Stepping
1780509935.3082726,21971.294613437,-1.6002376079559326,-55.76953887939453,85.97920227050781,2.875715732574463,-62.967166900634766,114.01119232177734,-2.859731674194336,-63.408512115478516,113.96044921875,1.6013438701629639,-55.694549560546875,86.03397369384766,Go,Stepping
1780509935.3283117,21971.314689926,-1.6812922954559326,-56.39218521118164,85.88758850097656,2.2814228534698486,-52.99209213256836,95.81352233886719,-2.264486789703369,-53.323814392089844,95.76828002929688,1.6835861206054688,-56.30075454711914,85.97244262695312,Go,Stepping
1780509935.3481598,21971.334225243,-1.7614831924438477,-57.044822692871094,85.82781982421875,1.9856194257736206,-50.94613265991211,89.6759262084961,-1.9705784320831299,-51.08268356323242,89.44915771484375,1.765432596206665,-56.9434928894043,85.95155334472656,Go,Stepping
1780509935.3681562,21971.353650111,-1.8445870876312256,-57.70841598510742,85.79823303222656,1.8957737684249878,-51.297664642333984,89.13314819335938,-1.8857437372207642,-51.436153411865234,88.97295379638672,1.8507449626922607,-57.603233337402344,85.97140502929688,Go,Stepping
1780509935.3881621,21971.374470937,-1.921406865119934,-58.39518737792969,85.7778091430664,1.802665114402771,-51.65997314453125,88.62128448486328,-1.795600414276123,-51.78379440307617,88.50328826904297,1.9302051067352295,-58.295162200927734,86.0088119506836,Go,Stepping
1780509935.4082136,21971.393702283,-2.0044007301330566,-59.42671203613281,86.30311584472656,1.7123945951461792,-52.04679870605469,88.13638305664062,-1.7077044248580933,-52.15274429321289,88.05316925048828,2.0137810707092285,-59.244483947753906,86.45289611816406,Go,Stepping
1780509935.4282134,21971.413632262,-2.4850356578826904,-68.90425872802734,97.57643127441406,1.6291905641555786,-52.45757293701172,87.68819427490234,-1.62631356716156,-52.54407501220703,87.6322250366211,2.500943660736084,-68.64833068847656,97.7947006225586,Go,Stepping
1780509935.448214,21971.433698718,-2.9091904163360596,-78.31756591796875,109.81651306152344,1.5472400188446045,-52.89439010620117,87.2899169921875,-1.5457119941711426,-52.95794677734375,87.25495147705078,2.933683156967163,-78.02395629882812,110.04468536376953,Go,Stepping
1780509935.4682603,21971.453823605,-2.9119818210601807,-81.7399673461914,116.61614990234375,1.468458652496338,-53.36326599121094,86.94627380371094,-1.4678326845169067,-53.40187454223633,86.92729187011719,2.9328980445861816,-81.48069763183594,116.78392028808594,Go,Stepping
1780509935.4882724,21971.473838468,-2.5789425373077393,-81.16246032714844,120.86837005615234,1.393303394317627,-53.867759704589844,86.66087341308594,-1.3931834697723389,-53.880699157714844,86.65477752685547,2.587651491165161,-81.00988006591797,120.94271087646484,Go,Stepping
1780509935.5082078,21971.493796782,-2.108752727508545,-78.83432006835938,124.09918212890625,1.3199554681777954,-54.40836715698242,86.43616485595703,-1.319995641708374,-54.39562225341797,86.44245910644531,2.108290195465088,-78.85209655761719,124.09307098388672,Go,Stepping
1780509935.5282562,21971.514598157,-1.5545958280563354,-74.70999908447266,125.28643035888672,1.2465314865112305,-54.98625946044922,86.27090454101562,-1.2464185953140259,-54.94874954223633,86.29197692871094,1.5551624298095703,-74.943359375,125.23347473144531,Go,Stepping
1780509935.5482213,21971.533720348,-0.9980910420417786,-67.68109130859375,120.641845703125,1.1737004518508911,-55.598873138427734,86.16126251220703,-1.173133373260498,-55.53929138183594,86.20182800292969,1.0088260173797607,-68.08354187011719,120.58219146728516,Go,Stepping
1780509935.5682657,21971.553883005,-0.70712810754776,-58.01852798461914,106.12677764892578,1.1040056943893433,-56.24250411987305,86.09986114501953,-1.1027148962020874,-56.16583251953125,86.166259765625,0.7245747447013855,-58.399051666259766,106.07469940185547,Go,Stepping
1780509935.588165,21971.573720345,-0.7821676731109619,-50.92445373535156,90.40765380859375,1.0362907648086548,-56.91335678100586,86.07845306396484,-1.0340173244476318,-56.82542037963867,86.178955078125,0.7937707901000977,-51.04643249511719,90.14276885986328,Go,Stepping
1780509935.6081665,21971.593550439,-0.8560830950737,-51.26628112792969,89.80272674560547,0.9674052000045776,-57.60567855834961,86.08837127685547,-0.9638696908950806,-57.51222229003906,86.23303985595703,0.8639466166496277,-51.39618682861328,89.61673736572266,Go,Stepping
1780509935.6280804,21971.613761067,-0.9309551119804382,-51.617332458496094,89.22091674804688,0.9019953608512878,-58.30967330932617,86.11628723144531,-0.8969518542289734,-58.218284606933594,86.31437683105469,0.9368106722831726,-51.7368049621582,89.08119201660156,Go,Stepping
1780509935.6481695,21971.634346101,-1.0002775192260742,-51.9798469543457,88.659423828125,0.8304615020751953,-59.02900314331055,86.15262603759766,-0.8235276937484741,-58.9445686340332,86.4156265258789,1.0045117139816284,-52.087669372558594,88.5584487915039,Go,Stepping
1780509935.6682665,21971.655812735,-1.0728950500488281,-52.356693267822266,88.13272094726562,0.7170960307121277,-63.41650390625,90.59683227539062,-0.7050389647483826,-63.20928955078125,90.79019165039062,1.075730800628662,-52.44792175292969,88.06342315673828,Go,Stepping
1780509935.6882284,21971.674186921,-1.139721155166626,-52.75579833984375,87.6530990600586,0.7161831855773926,-74.8438949584961,105.06851196289062,-0.6950504183769226,-74.57028198242188,105.3143310546875,1.141485571861267,-52.829036712646484,87.60758209228516,Go,Stepping
1780509935.7084916,21971.695139669,-1.2118515968322754,-53.18265151977539,87.22340393066406,0.9352091550827026,-81.24158477783203,114.27128601074219,-0.9107984304428101,-80.96175384521484,114.49555206298828,1.2127505540847778,-53.2330207824707,87.19650268554688,Go,Stepping
1780509935.7282567,21971.715306284,-1.283226490020752,-53.64156723022461,86.85179901123047,1.35567307472229,-82.13052368164062,119.3023681640625,-1.3402942419052124,-81.91606140136719,119.43704223632812,1.2835369110107422,-53.66740036010742,86.83918762207031,Go,Stepping
1780509935.7482307,21971.733668231,-1.3564618825912476,-54.13371658325195,86.54083251953125,1.91435968875885,-80.27032470703125,122.73149108886719,-1.9112529754638672,-80.19623565673828,122.7643814086914,1.3564618825912476,-54.133697509765625,86.54084777832031,Go,Stepping
1780509935.768229,21971.7537134,-1.4293028116226196,-54.661373138427734,86.29092407226562,2.4927258491516113,-76.93052673339844,124.94320678710938,-2.494088649749756,-77.05088806152344,124.90837097167969,1.4293028116226196,-54.63643264770508,86.30394744873047,Go,Stepping
1780509935.7882683,21971.7738535,-1.502812385559082,-55.2241096496582,86.0991439819336,2.8949968814849854,-71.25657653808594,123.52980041503906,-2.8901162147521973,-71.57991027832031,123.4743423461914,1.5031508207321167,-55.17634963989258,86.12826538085938,Go,Stepping
1780509935.8082137,21971.793567524,-1.576188087463379,-55.819488525390625,85.96098327636719,2.7688522338867188,-62.73366928100586,114.08139038085938,-2.7538983821868896,-63.13346481323242,114.03862762451172,1.5772342681884766,-55.75276184082031,86.01148223876953,Go,Stepping
1780509935.8282216,21971.814167193,-1.6507354974746704,-56.444297790527344,85.86845397949219,2.2041778564453125,-52.86675262451172,95.900634765625,-2.1883018016815186,-53.168888092041016,95.86170196533203,1.6528992652893066,-56.363346099853516,85.94793701171875,Go,Stepping
1780509935.8481581,21971.83544713,-1.7260159254074097,-57.09295654296875,85.8125991821289,1.931370496749878,-50.878501892089844,89.71578979492188,-1.9170870780944824,-50.9921760559082,89.48926544189453,1.729754090309143,-57.00370788574219,85.93006134033203,Go,Stepping
1780509935.868171,21971.853614413,-1.801849603652954,-57.76027297973633,85.7825698852539,1.8487135171890259,-51.248085021972656,89.1662826538086,-1.839273452758789,-51.367801666259766,89.00875854492188,1.8076343536376953,-57.669410705566406,85.94788360595703,Go,Stepping
1780509935.8881629,21971.873525276,-1.8820692300796509,-58.437889099121094,85.76443481445312,1.771578073501587,-51.63088607788086,88.64363861083984,-1.7648347616195679,-51.742496490478516,88.52781677246094,1.8904725313186646,-58.351139068603516,85.98847198486328,Go,Stepping
1780509935.908233,21971.894050196,-1.9766839742660522,-59.466304779052734,86.28551483154297,1.6967909336090088,-52.02629852294922,88.14982604980469,-1.692229151725769,-52.126258850097656,88.0679931640625,1.9857620000839233,-59.29251480102539,86.42914581298828,Go,Stepping
1780509935.928272,21971.914878361,-2.444866895675659,-68.95222473144531,97.55118560791016,1.6175161600112915,-52.44373321533203,87.69847106933594,-1.6147247552871704,-52.525856018066406,87.64381408691406,2.4602410793304443,-68.70805358886719,97.76068878173828,Go,Stepping
1780509935.9482255,21971.934914207,-2.8768885135650635,-78.36651611328125,109.79720306396484,1.5415291786193848,-52.88636779785156,87.29560089111328,-1.54002845287323,-52.94782638549805,87.26136016845703,2.900855779647827,-78.0822982788086,110.01914978027344,Go,Stepping
1780509935.9682183,21971.953609375,-2.9008026123046875,-81.76972961425781,116.60116577148438,1.4670805931091309,-53.35940170288086,86.94855499267578,-1.4664576053619385,-53.39750289916992,86.92976379394531,2.9216105937957764,-81.513916015625,116.76716613769531,Go,Stepping
1780509935.9882236,21971.974401333,-2.579002618789673,-81.17735290527344,120.8613510131836,1.3933004140853882,-53.86659622192383,86.66142272949219,-1.3931771516799927,-53.879520416259766,86.65531158447266,2.587759256362915,-81.02481842041016,120.93578338623047,Go,Stepping
1780509936.0082264,21972.009338595,-2.1084635257720947,-78.83243560791016,124.10015106201172,1.3197848796844482,-54.409542083740234,86.4356460571289,-1.3198249340057373,-54.39674377441406,86.44197845458984,2.1079907417297363,-78.8503189086914,124.0940170288086,Go,Stepping
1780509936.028226,21972.01367343,-1.5559345483779907,-74.69267272949219,125.2883529663086,1.246802568435669,-54.988746643066406,86.26951599121094,-1.246686339378357,-54.951324462890625,86.29053497314453,1.5565011501312256,-74.92556762695312,125.23560333251953,Go,Stepping
1780509936.0481968,21972.033781927,-1.0100864171981812,-67.67093658447266,120.65309143066406,1.175968885421753,-55.60047912597656,86.15886688232422,-1.1754049062728882,-55.541656494140625,86.19898986816406,1.0207282304763794,-68.06867980957031,120.59431457519531,Go,Stepping
1780509936.0682316,21972.053744927,-0.7101680636405945,-57.997886657714844,106.11992645263672,1.1048578023910522,-56.246055603027344,86.0973129272461,-1.1035670042037964,-56.16969680786133,86.16358184814453,0.7275945544242859,-58.37712478637695,106.0682144165039,Go,Stepping
1780509936.088172,21972.074127575,-0.7787253260612488,-50.91719055175781,90.41050720214844,1.0343786478042603,-56.917640686035156,86.07658386230469,-1.0320870876312256,-56.82917404174805,86.17761993408203,0.7904360294342041,-51.04033279418945,90.14494323730469,Go,Stepping
1780509936.1080794,21972.093563805,-0.8568228483200073,-51.258758544921875,89.80635070800781,0.9685422778129578,-57.60575866699219,86.08535766601562,-0.9650132060050964,-57.51266860961914,86.22979736328125,0.8646833300590515,-51.38825607299805,89.62016296386719,Go,Stepping
1780509936.1282187,21972.114626021,-0.9276291131973267,-51.61481475830078,89.22138977050781,0.8979173898696899,-58.31715393066406,86.11460876464844,-0.8928146958351135,-58.22465133666992,86.31388854980469,0.9335526823997498,-51.73552322387695,89.08122253417969,Go,Stepping
1780509936.148163,21972.134350062,-1.0010737180709839,-51.97708511352539,88.65996551513672,0.8316881656646729,-59.03141403198242,86.14962005615234,-0.8247599601745605,-58.947479248046875,86.41256713867188,1.0052977800369263,-52.0846061706543,88.55908203125,Go,Stepping
1780509936.168231,21972.153977441,-1.0725054740905762,-52.354949951171875,88.1335678100586,0.7161856889724731,-63.41769790649414,90.59114837646484,-0.7041032314300537,-63.21028518676758,90.78479766845703,1.0753473043441772,-52.44630432128906,88.06417846679688,Go,Stepping
1780509936.1882823,21972.174153405,-1.1437729597091675,-52.75465774536133,87.65178680419922,0.7345497608184814,-74.83802795410156,105.06095886230469,-0.7137919664382935,-74.56953430175781,105.30231475830078,1.1454994678497314,-52.826385498046875,87.6068344116211,Go,Stepping
1780509936.2082794,21972.194788463,-1.2142891883850098,-53.18182373046875,87.22272491455078,0.9520941972732544,-81.23609161376953,114.263916015625,-0.9280824661254883,-80.96114349365234,114.484375,1.2151726484298706,-53.231285095214844,87.1961669921875,Go,Stepping
1780509936.228234,21972.213728873,-1.2851735353469849,-53.64065170288086,86.8514175415039,1.3746700286865234,-82.12525939941406,119.29317474365234,-1.359694242477417,-81.91670227050781,119.42420196533203,1.2854748964309692,-53.6657829284668,86.83911895751953,Go,Stepping
1780509936.2482717,21972.234925177,-1.356406331062317,-54.13332748413086,86.54104614257812,1.918726921081543,-80.27073669433594,122.72806549072266,-1.9156787395477295,-80.19818115234375,122.76030731201172,1.356406331062317,-54.133323669433594,86.54105377197266,Go,Stepping
1780509936.268275,21972.255683975,-1.4282073974609375,-54.661476135253906,86.29141235351562,2.487823009490967,-76.93256378173828,124.94436645507812,-2.489166259765625,-77.05109405517578,124.91006469726562,1.4282073974609375,-54.63691711425781,86.30423736572266,Go,Stepping
1780509936.288228,21972.27508685,-1.5006848573684692,-55.22429656982422,86.10005950927734,2.883225917816162,-71.26145935058594,123.53437805175781,-2.87841534614563,-71.58009338378906,123.47972869873047,1.5010170936584473,-55.17726135253906,86.12877655029297,Go,Stepping
1780509936.308238,21972.294868385,-1.5766386985778809,-55.81970977783203,85.96060180664062,2.770824670791626,-62.73115158081055,114.08023071289062,-2.755838632583618,-63.131866455078125,114.03738403320312,1.577688217163086,-55.75283432006836,86.01119995117188,Go,Stepping
1780509936.3282397,21972.314813569,-1.6513878107070923,-56.444252014160156,85.86798858642578,2.206163167953491,-52.86846160888672,95.9069595336914,-2.1902432441711426,-53.171363830566406,95.86795043945312,1.6535580158233643,-56.36307907104492,85.94759368896484,Go,Stepping
1780509936.3481724,21972.334965485,-1.7315539121627808,-57.092777252197266,85.80961608886719,1.9398887157440186,-50.87484359741211,89.71297454833984,-1.9254156351089478,-50.991825103759766,89.48576354980469,1.7353370189666748,-57.00177764892578,85.92829132080078,Go,Stepping
1780509936.3682246,21972.35472597,-1.8073217868804932,-57.759822845458984,85.77960205078125,1.8548110723495483,-51.245399475097656,89.16456604003906,-1.845270037651062,-51.36741638183594,89.00647735595703,1.8131731748580933,-57.66728973388672,85.9461441040039,Go,Stepping
1780509936.3881752,21972.373936806,-1.890453815460205,-58.43731689453125,85.75987243652344,1.7782703638076782,-51.6280517578125,88.64160919189453,-1.7714288234710693,-51.74217987060547,88.52509307861328,1.8989771604537964,-58.348045349121094,85.98587799072266,Go,Stepping
1780509936.4082174,21972.39431101,-1.9841163158416748,-59.46500015258789,86.28213500976562,1.7010985612869263,-52.024322509765625,88.14875030517578,-1.6964818239212036,-52.12588119506836,88.06642150878906,1.9933078289031982,-59.289039611816406,86.42755126953125,Go,Stepping
1780509936.4282346,21972.414536763,-2.451897621154785,-68.95097351074219,97.54638671875,1.6195921897888184,-52.44282531738281,87.69789123535156,-1.6167787313461304,-52.52570724487305,87.64295959472656,2.4673924446105957,-68.70487213134766,97.75757598876953,Go,Stepping
1780509936.4482234,21972.435099054,-2.880591630935669,-78.36485290527344,109.79315185546875,1.5422133207321167,-52.885963439941406,87.29550170898438,-1.5407061576843262,-52.94765853881836,87.26116943359375,2.9046497344970703,-78.07962799072266,110.0158920288086,Go,Stepping
1780509936.4682846,21972.455612032,-2.895805835723877,-81.7703857421875,116.6036376953125,1.4664567708969116,-53.359657287597656,86.94872283935547,-1.465836763381958,-53.39754104614258,86.93002319335938,2.9165005683898926,-81.51603698730469,116.76868438720703,Go,Stepping
1780509936.4882436,21972.476673584,-2.5694923400878906,-81.1775131225586,120.86591339111328,1.3925557136535645,-53.867008209228516,86.66156768798828,-1.3924354314804077,-53.879669189453125,86.65558624267578,2.5780725479125977,-81.02801513671875,120.9388427734375,Go,Stepping
1780509936.5082817,21972.494465233,-2.109423875808716,-78.83232116699219,124.09986114501953,1.32049560546875,-54.409278869628906,86.43543243408203,-1.320532202720642,-54.396724700927734,86.44164276123047,2.10896635055542,-78.84986877441406,124.09385681152344,Go,Stepping
1780509936.528286,21972.514713659,-1.5725096464157104,-74.69593811035156,125.28374481201172,1.2498456239700317,-54.98720169067383,86.26876831054688,-1.2497326135635376,-54.95082473754883,86.28921508789062,1.5730609893798828,-74.92235565185547,125.23242950439453,Go,Stepping
1780509936.5482378,21972.534615519,-1.0321415662765503,-67.66238403320312,120.63682556152344,1.18018639087677,-55.59944534301758,86.15765380859375,-1.179638147354126,-55.54204559326172,86.19694519042969,1.0425275564193726,-68.05081176757812,120.57945251464844,Go,Stepping
1780509936.5682385,21972.558180089,-0.7320146560668945,-58.002349853515625,106.12113189697266,1.1110538244247437,-56.24335479736328,86.09576416015625,-1.109798550605774,-56.16904067993164,86.16073608398438,0.7490332126617432,-58.372406005859375,106.07067108154297,Go,Stepping
1780509936.5881727,21972.574066887,-0.7943541407585144,-50.9166374206543,90.40503692626953,1.0429757833480835,-56.91400909423828,86.07453918457031,-1.0407546758651733,-56.828304290771484,86.17365264892578,0.8056955933570862,-51.03340148925781,90.14076232910156,Go,Stepping
1780509936.6081738,21972.593740401,-0.8658692240715027,-51.260154724121094,89.8005142211914,0.9749601483345032,-57.60627746582031,86.0840072631836,-0.9714972972869873,-57.515281677246094,86.22702026367188,0.8735647201538086,-51.386043548583984,89.61526489257812,Go,Stepping
1780509936.628183,21972.614191648,-0.9361162781715393,-51.614566802978516,89.21800994873047,0.9069828987121582,-58.31367111206055,86.11266326904297,-0.9019948840141296,-58.2239990234375,86.3097915649414,0.9418983459472656,-51.731971740722656,89.07878875732422,Go,Stepping
1780509936.6481755,21972.633764165,-1.0060837268829346,-51.97697067260742,88.65791320800781,0.8391357064247131,-59.02862548828125,86.14818572998047,-0.8323236107826233,-58.94697952270508,86.40924072265625,1.0102425813674927,-52.08254623413086,88.5575942993164,Go,Stepping
1780509936.6682422,21972.653859448,-1.075788974761963,-52.35493469238281,88.13207244873047,0.7243410348892212,-63.41768264770508,90.5936279296875,-0.7123936414718628,-63.21263122558594,90.78507995605469,1.0785956382751465,-52.445045471191406,88.0631103515625,Go,Stepping
1780509936.6882508,21972.674113747,-1.1454721689224243,-52.75482177734375,87.65081787109375,0.7421103715896606,-74.84066772460938,105.0670166015625,-0.7215123176574707,-74.57426452636719,105.30647277832031,1.1471859216690063,-52.82592010498047,87.60609436035156,Go,Stepping
1780509936.7082832,21972.694383254,-1.2154078483581543,-53.18187713623047,87.22215270996094,0.9597777128219604,-81.23384094238281,114.26448059082031,-0.9359579682350159,-80.96105194091797,114.48319244384766,1.2162848711013794,-53.23093032836914,87.19576263427734,Go,Stepping
1780509936.7282486,21972.713917931,-1.2856261730194092,-53.64097213745117,86.85099029541016,1.3788918256759644,-82.12298583984375,119.29539489746094,-1.3640110492706299,-81.91571044921875,119.42559814453125,1.2859244346618652,-53.66593551635742,86.8387680053711,Go,Stepping
1780509936.7482471,21972.734490735,-1.3564246892929077,-54.13344955444336,86.54098510742188,1.919873833656311,-80.26969909667969,122.72857666015625,-1.9168452024459839,-80.1975326538086,122.7606430053711,1.3564246892929077,-54.13343811035156,86.54098510742188,Go,Stepping
1780509936.768236,21972.754511672,-1.4279093742370605,-54.66151809692383,86.2915267944336,2.486509323120117,-76.93290710449219,124.94473266601562,-2.4878525733947754,-77.05094146728516,124.91056823730469,1.4279093742370605,-54.63706588745117,86.30431365966797,Go,Stepping
1780509936.7882955,21972.774897042,-1.5002570152282715,-55.224449157714844,86.10025024414062,2.8808016777038574,-71.26105499267578,123.53417205810547,-2.8760058879852295,-71.57872772216797,123.47969055175781,1.5005860328674316,-55.17754364013672,86.1288833618164,Go,Stepping
1780509936.8082337,21972.794681253,-1.5749878883361816,-55.819793701171875,85.96141815185547,2.763486862182617,-62.734291076660156,114.08321380615234,-2.748610258102417,-63.13198471069336,114.04069519042969,1.576027750968933,-55.75345230102539,86.01168060302734,Go,Stepping
1780509936.8282845,21972.814214717,-1.649301528930664,-56.444419860839844,85.86902618408203,2.200716495513916,-52.87001037597656,95.90802001953125,-2.1849124431610107,-53.170753479003906,95.86927795410156,1.6514554023742676,-56.363922119140625,85.94818878173828,Go,Stepping
1780509936.8481982,21972.834043947,-1.7243658304214478,-57.093482971191406,85.8132553100586,1.9287927150726318,-50.87899398803711,89.71665954589844,-1.9145604372024536,-50.991661071777344,89.49031829833984,1.728087306022644,-57.00475311279297,85.93035888671875,Go,Stepping
1780509936.8681836,21972.853818029,-1.8002660274505615,-57.76034927368164,85.78319549560547,1.8470344543457031,-51.24825668334961,89.1671371459961,-1.8376233577728271,-51.36732482910156,89.009765625,1.8060376644134521,-57.66996765136719,85.94815063476562,Go,Stepping
1780509936.8881824,21972.874776513,-1.876774787902832,-58.43842315673828,85.76702117919922,1.767403483390808,-51.63217544555664,88.64520263671875,-1.7607156038284302,-51.74217987060547,88.52979278564453,1.8851044178009033,-58.35325241088867,85.98979949951172,Go,Stepping
1780509936.90824,21972.895486588,-1.9636403322219849,-59.46741485595703,86.29239654541016,1.689479947090149,-52.028907775878906,88.15233612060547,-1.6850050687789917,-52.12612533569336,88.07132720947266,1.972516417503357,-59.297447204589844,86.432861328125,Go,Stepping
1780509936.9282393,21972.913807903,-2.4295120239257812,-68.95469665527344,97.55967712402344,1.6130032539367676,-52.44540023803711,87.69992065429688,-1.610256314277649,-52.52586364746094,87.64582061767578,2.4446158409118652,-68.71478271484375,97.7655258178711,Go,Stepping
1780509936.948223,21972.93422262,-2.855466604232788,-78.36233520507812,109.79752349853516,1.537865161895752,-52.887306213378906,87.29715728759766,-1.5363928079605103,-52.94743728637695,87.26342010498047,2.878943920135498,-78.0838851928711,110.0149917602539,Go,Stepping
1780509936.9682288,21972.954741053,-2.8797340393066406,-81.77152252197266,116.60930633544922,1.4644767045974731,-53.36033630371094,86.94940185546875,-1.4638662338256836,-53.39750671386719,86.9310073852539,2.900055408477783,-81.52173614501953,116.77140045166016,Go,Stepping
1780509936.9882634,21972.97456289,-2.563262939453125,-81.1771240234375,120.86991882324219,1.392055869102478,-53.86742401123047,86.66157531738281,-1.3919388055801392,-53.87991714477539,86.65567779541016,2.5717289447784424,-81.02959442138672,120.9418716430664,Go,Stepping
1780509937.0082352,21972.994322647,-2.110811233520508,-78.83271789550781,124.09903717041016,1.3214668035507202,-54.4088249206543,86.4352035522461,-1.3215068578720093,-54.39661407470703,86.44123077392578,2.110363721847534,-78.84976959228516,124.09318542480469,Go,Stepping
1780509937.028242,21973.016909023,-1.583196997642517,-74.69418334960938,125.27995300292969,1.2518339157104492,-54.98659133911133,86.2681655883789,-1.2517242431640625,-54.950889587402344,86.28825378417969,1.5837386846542358,-74.91643524169922,125.2296142578125,Go,Stepping
1780509937.048291,21973.034675833,-1.046892523765564,-67.65689849853516,120.62609100341797,1.1830058097839355,-55.59872055053711,86.15682220458984,-1.1824702024459839,-55.542274475097656,86.19556427001953,1.0571188926696777,-68.03909301757812,120.56964111328125,Go,Stepping
1780509937.0682518,21973.053846992,-0.7444252967834473,-57.996734619140625,106.10662078857422,1.1145435571670532,-56.24231719970703,86.0948486328125,-1.1133100986480713,-56.16916275024414,86.15911102294922,0.7612037062644958,-58.36145782470703,106.05687713623047,Go,Stepping
1780509937.0881853,21973.073926021,-0.8087791800498962,-50.91627883911133,90.39962005615234,1.0508615970611572,-56.910972595214844,86.07263946533203,-1.0487017631530762,-56.82780838012695,86.17001342773438,0.8197767734527588,-51.027217864990234,90.13658905029297,Go,Stepping
1780509937.1081855,21973.094625807,-0.8803788423538208,-51.25988006591797,89.79488372802734,0.9861177206039429,-57.602020263671875,86.08148956298828,-0.9827702045440674,-57.51456069946289,86.22191619873047,0.8878105878829956,-51.379974365234375,89.61103057861328,Go,Stepping
1780509937.128248,21973.113671606,-0.9461120367050171,-51.61465835571289,89.21361541748047,0.9175386428833008,-58.31020736694336,86.11051177978516,-0.9126877188682556,-58.223846435546875,86.30506896972656,0.9517379999160767,-51.728118896484375,89.0754623413086,Go,Stepping
1780509937.1482,21973.133869196,-1.0196928977966309,-51.976810455322266,88.65201568603516,0.8592959046363831,-59.02128601074219,86.1441879272461,-0.85279381275177,-58.945735931396484,86.40011596679688,1.023666501045227,-52.077152252197266,88.55333709716797,Go,Stepping
1780509937.1682951,21973.153891298,-1.0876332521438599,-52.35452651977539,88.12715148925781,0.7540320754051208,-63.40647888183594,90.5887680053711,-0.7425796985626221,-63.20998764038086,90.77224731445312,1.0903083086013794,-52.44014358520508,88.0597152709961,Go,Stepping
1780509937.188255,21973.174883466,-1.1561501026153564,-52.75446701049805,87.64620208740234,0.7903299927711487,-74.82366180419922,105.06250762939453,-0.7707647085189819,-74.57070922851562,105.28990173339844,1.1577690839767456,-52.82158660888672,87.60296630859375,Go,Stepping
1780509937.2082999,21973.194899957,-1.2231656312942505,-53.181636810302734,87.21869659423828,1.013218641281128,-81.21314239501953,114.25885009765625,-0.9907052516937256,-80.9554672241211,114.46546173095703,1.2239891290664673,-53.22786331176758,87.19346618652344,Go,Stepping
1780509937.228243,21973.214582546,-1.2896223068237305,-53.640377044677734,86.8494644165039,1.4175459146499634,-82.10746765136719,119.28598022460938,-1.40351402759552,-81.91212463378906,119.4087142944336,1.2899049520492554,-53.663917541503906,86.8378677368164,Go,Stepping
1780509937.2483683,21973.234266503,-1.3566606044769287,-54.13526153564453,86.53999328613281,1.9339182376861572,-80.25543975830078,122.73681640625,-1.9310890436172485,-80.18798065185547,122.7667465209961,1.3566606044769287,-54.135169982910156,86.54004669189453,Go,Stepping
1780509937.2682643,21973.25396373,-1.4232430458068848,-54.66200637817383,86.29361724853516,2.465853214263916,-76.93974304199219,124.95008087158203,-2.467092275619507,-77.050048828125,124.91817474365234,1.4232430458068848,-54.63915252685547,86.30555725097656,Go,Stepping
1780509937.2882504,21973.273876678,-1.491134524345398,-55.22511291503906,86.10454559326172,2.830059766769409,-71.27900695800781,123.54688262939453,-2.825566291809082,-71.57648468017578,123.4958724975586,1.4914482831954956,-55.18129348754883,86.13146209716797,Go,Stepping
1780509937.3082423,21973.295511344,-1.559212565422058,-55.82091522216797,85.96903991699219,2.6927690505981445,-62.75740432739258,114.10131072998047,-2.6789774894714355,-63.12628173828125,114.06188201904297,1.5601806640625,-55.75978088378906,86.01617431640625,Go,Stepping
1780509937.328279,21973.31444588,-1.6283650398254395,-56.446109771728516,85.87934875488281,2.146089553833008,-52.88513946533203,95.91765594482422,-2.1314308643341064,-53.16424560546875,95.8816909790039,1.6303789615631104,-56.372352600097656,85.95414733886719,Go,Stepping
1780509937.348297,21973.335221311,-1.6991970539093018,-57.09676742553711,85.8259048461914,1.8896849155426025,-50.89371109008789,89.7284927368164,-1.8763043880462646,-50.99147415161133,89.50531768798828,1.7026890516281128,-57.01597595214844,85.93756103515625,Go,Stepping
1780509937.368203,21973.354115371,-1.7677297592163086,-57.76264953613281,85.79981994628906,1.8112069368362427,-51.261451721191406,89.17914581298828,-1.8024029731750488,-51.36683654785156,89.0250244140625,1.7731256484985352,-57.68226623535156,85.95740509033203,Go,Stepping
1780509937.3882573,21973.375470197,-1.8472521305084229,-58.440879821777344,85.7823486328125,1.7439135313034058,-51.64103698730469,88.65270233154297,-1.737566590309143,-51.74221420288086,88.53968811035156,1.8551617860794067,-58.3645133972168,85.9981460571289,Go,Stepping
1780509937.4082637,21973.393792966,-1.9287192821502686,-59.47054672241211,86.31068420410156,1.6698074340820312,-52.03641891479492,88.15864562988281,-1.665574312210083,-52.12629318237305,88.07986450195312,1.9370553493499756,-59.31080627441406,86.44269561767578,Go,Stepping
1780509937.428281,21973.414230346,-2.380944013595581,-68.96358489990234,97.58954620361328,1.5987001657485962,-52.45102310180664,87.70430755615234,-1.5960931777954102,-52.52622604370117,87.6520004272461,2.3951902389526367,-68.73712921142578,97.78382110595703,Go,Stepping
1780509937.448267,21973.434413805,-2.803194284439087,-78.37425231933594,109.83148193359375,1.5285037755966187,-52.891414642333984,87.29964447021484,-1.5271039009094238,-52.94813537597656,87.26718139648438,2.8254518508911133,-78.11004638671875,110.03778076171875,Go,Stepping
1780509937.4682648,21973.453853369,-2.8318045139312744,-81.775634765625,116.63048553466797,1.4585204124450684,-53.362762451171875,86.9511489868164,-1.4579410552978516,-53.39780044555664,86.93363952636719,2.850987672805786,-81.53954315185547,116.78367614746094,Go,Stepping
1780509937.4883106,21973.474934125,-2.536259889602661,-81.1797866821289,120.87798309326172,1.3899990320205688,-53.86790084838867,86.6623764038086,-1.3898884057998657,-53.87966537475586,86.65680694580078,2.544219732284546,-81.04083251953125,120.9457778930664,Go,Stepping
1780509937.508299,21973.493813726,-2.1132800579071045,-78.83170318603516,124.09893798828125,1.32335364818573,-54.40824508666992,86.43458557128906,-1.323390245437622,-54.39668655395508,86.44029998779297,2.112851858139038,-78.84788513183594,124.09337615966797,Go,Stepping
1780509937.5282998,21973.514950676,-1.617400884628296,-74.69508361816406,125.26918029785156,1.258154034614563,-54.983978271484375,86.26644897460938,-1.2580506801605225,-54.950439453125,86.28536987304688,1.617913007736206,-74.90398406982422,125.22184753417969,Go,Stepping
1780509937.5482602,21973.534780397,-1.104318380355835,-67.6617431640625,120.61298370361328,1.1939359903335571,-55.594112396240234,86.15399169921875,-1.193434715270996,-55.541324615478516,86.1905746459961,1.1139061450958252,-68.02005767822266,120.56005096435547,Go,Stepping
1780509937.5682604,21973.554392146,-0.800109326839447,-57.99961471557617,106.09366607666016,1.1303069591522217,-56.23591995239258,86.09090423583984,-1.1291590929031372,-56.167938232421875,86.1518325805664,0.8158212304115295,-58.34087371826172,106.04711151123047,Go,Stepping
1780509937.588204,21973.574098874,-0.8387701511383057,-50.915679931640625,90.38862609863281,1.0672667026519775,-56.90461730957031,86.06875610351562,-1.0652363300323486,-56.82675552368164,86.1624755859375,0.8490636944770813,-51.01436233520508,90.1280517578125,Go,Stepping
1780509937.6081986,21973.595181239,-0.9005037546157837,-51.2593879699707,89.78736114501953,1.0016406774520874,-57.59583282470703,86.07804107666016,-0.9984570741653442,-57.51328659057617,86.21482849121094,0.9075700640678406,-51.37138748168945,89.60537719726562,Go,Stepping
1780509937.6281893,21973.61384113,-0.9580785036087036,-51.613922119140625,89.20958709716797,0.9305005073547363,-58.30432891845703,86.10779571533203,-0.9258166551589966,-58.22199630737305,86.29914855957031,0.9635149240493774,-51.7226448059082,89.07269287109375,Go,Stepping
1780509937.6482012,21973.634159448,-1.0248112678527832,-51.976436614990234,88.6502914428711,0.8670250773429871,-59.01789093017578,86.14276123046875,-0.8606453537940979,-58.9446907043457,86.39665222167969,1.028719425201416,-52.07477951049805,88.55219268798828,Go,Stepping
1780509937.668265,21973.65492224,-1.0907955169677734,-52.35441207885742,88.12583923339844,0.7619616389274597,-63.403404235839844,90.58740234375,-0.7506420612335205,-63.2092170715332,90.76873016357422,1.093435287475586,-52.43882751464844,88.0588150024414,Go,Stepping
1780509937.688256,21973.674562617,-1.1545907258987427,-52.75444412231445,87.64698028564453,0.7833234071731567,-74.82402038574219,105.06055450439453,-0.7636086940765381,-74.5692138671875,105.28961181640625,1.1562249660491943,-52.82213592529297,87.60353088378906,Go,Stepping
1780509937.7082613,21973.694342481,-1.2208350896835327,-53.18152618408203,87.21989440917969,0.9972071051597595,-81.21793365478516,114.2578353881836,-0.9743055105209351,-80.95580291748047,114.46802520751953,1.2216744422912598,-53.22860336303711,87.1943130493164,Go,Stepping
1780509937.7285051,21973.713969964,-1.288780927658081,-53.640419006347656,86.8498306274414,1.409448504447937,-82.11084747314453,119.2872314453125,-1.3952362537384033,-81.91300201416016,119.41155242919922,1.289069652557373,-53.66425704956055,86.8381118774414,Go,Stepping
1780509937.7482636,21973.734045925,-1.3564307689666748,-54.13351058959961,86.54094696044922,1.92829430103302,-80.26585388183594,122.7273178100586,-1.9253820180892944,-80.19656372070312,122.75807189941406,1.3564307689666748,-54.13350296020508,86.54095458984375,Go,Stepping
1780509937.768309,21973.756945935,-1.4253402948379517,-54.66160202026367,86.29273986816406,2.4750723838806152,-76.93804168701172,124.94731903076172,-2.4763615131378174,-77.05180358886719,124.91439819335938,1.4253402948379517,-54.638031005859375,86.30506134033203,Go,Stepping
1780509937.7882822,21973.773822074,-1.4956053495407104,-55.22468948364258,86.10245513916016,2.8549611568450928,-71.27130126953125,123.54137420654297,-2.850315570831299,-71.57868957519531,123.48865509033203,1.4959255456924438,-55.17936706542969,86.13021850585938,Go,Stepping
1780509937.808327,21973.794568024,-1.5677752494812012,-55.820274353027344,85.96490478515625,2.731182336807251,-62.74531555175781,114.09220886230469,-2.716803550720215,-63.12986755371094,114.05110168457031,1.568783164024353,-55.75631332397461,86.01373291015625,Go,Stepping
1780509937.828283,21973.81396254,-1.6429259777069092,-56.44491958618164,85.87216186523438,2.1840901374816895,-52.874717712402344,95.91126251220703,-2.1686346530914307,-53.1689567565918,95.87336730957031,1.6450386047363281,-56.36647415161133,85.95000457763672,Go,Stepping
1780509937.8482032,21973.834644194,-1.72281813621521,-57.09334182739258,85.81401824951172,1.926477313041687,-50.87955093383789,89.71747589111328,-1.9122933149337769,-50.991432189941406,89.4913330078125,1.7265238761901855,-57.00508499145508,85.93077087402344,Go,Stepping
1780509937.8682065,21973.854487656,-1.7988063097000122,-57.76033020019531,85.78394317626953,1.8454601764678955,-51.24877166748047,89.16777038574219,-1.8360726833343506,-51.36723327636719,89.01052856445312,1.8045613765716553,-57.670387268066406,85.94855499267578,Go,Stepping
1780509937.8882082,21973.874587629,-1.8756508827209473,-58.438514709472656,85.7676010131836,1.766505479812622,-51.63251495361328,88.64547729492188,-1.7598339319229126,-51.7421875,88.53015899658203,1.8839633464813232,-58.35368728637695,85.99011993408203,Go,Stepping
1780509937.9082654,21973.89454037,-1.9581091403961182,-59.46757507324219,86.29557037353516,1.6864087581634521,-52.03002166748047,88.15342712402344,-1.6819719076156616,-52.126075744628906,88.07276153564453,1.9668998718261719,-59.29924392700195,86.4346923828125,Go,Stepping
1780509937.928263,21973.914159222,-2.41835880279541,-68.95570373535156,97.5652084350586,1.6097382307052612,-52.4466552734375,87.70096588134766,-1.6070228815078735,-52.52590560913086,87.64727020263672,2.4332633018493652,-68.71887969970703,97.76840209960938,Go,Stepping
1780509937.9482586,21973.938513226,-2.844910144805908,-78.36860656738281,109.80997467041016,1.535902500152588,-52.888427734375,87.29744720458984,-1.5344460010528564,-52.947845458984375,87.26398468017578,2.8681399822235107,-78.09306335449219,110.02515411376953,Go,Stepping
1780509937.968291,21973.954322998,-2.871049642562866,-81.77136993408203,116.60806274414062,1.463444471359253,-53.36028289794922,86.95005798339844,-1.4628405570983887,-53.3970947265625,86.93180084228516,2.891160249710083,-81.5240478515625,116.76860046386719,Go,Stepping
1780509937.9882677,21973.97548608,-2.560140609741211,-81.17894744873047,120.8677749633789,1.3918544054031372,-53.86703109741211,86.66190338134766,-1.3917349576950073,-53.879451751708984,86.65605163574219,2.5685484409332275,-81.03238677978516,120.93927764892578,Go,Stepping
1780509938.0082505,21973.995155827,-2.1105074882507324,-78.83338165283203,124.09861755371094,1.321181297302246,-54.408817291259766,86.43531799316406,-1.3212177753448486,-54.396507263183594,86.44141387939453,2.1100549697875977,-78.85054779052734,124.09273529052734,Go,Stepping
1780509938.0282521,21974.020705082,-1.580306053161621,-74.69654846191406,125.28136444091797,1.2512836456298828,-54.98656463623047,86.26838684082031,-1.251173734664917,-54.95067596435547,86.28857421875,1.5808476209640503,-74.91993713378906,125.23075103759766,Go,Stepping
1780509938.0482569,21974.03582576,-1.0422849655151367,-67.6621322631836,120.63328552246094,1.1821181774139404,-55.59870147705078,86.1571273803711,-1.1815760135650635,-55.54194641113281,86.19602966308594,1.0525621175765991,-68.04630279541016,120.57653045654297,Go,Stepping
1780509938.0682654,21974.05417228,-0.7404967546463013,-57.998924255371094,106.11199951171875,1.1134397983551025,-56.24262237548828,86.09515380859375,-1.1121999025344849,-56.169090270996094,86.15962219238281,0.7573465704917908,-58.365352630615234,106.0620346069336,Go,Stepping
1780509938.088201,21974.073925508,-0.7987347841262817,-50.91659927368164,90.40336608886719,1.0453609228134155,-56.91316604614258,86.07398223876953,-1.0431561470031738,-56.82823944091797,86.17256164550781,0.8099732398986816,-51.03157043457031,90.13945770263672,Go,Stepping
1780509938.1082218,21974.095116942,-0.8650679588317871,-51.26023864746094,89.80079650878906,0.974330484867096,-57.60658645629883,86.08415985107422,-0.9708611369132996,-57.515419006347656,86.22732543945312,0.8727798461914062,-51.38643264770508,89.61547088623047,Go,Stepping
1780509938.1282053,21974.114794191,-0.9323736429214478,-51.61470031738281,89.2194595336914,0.9029725790023804,-58.31527328491211,86.11354064941406,-0.8979343175888062,-58.22438430786133,86.31163787841797,0.9382153749465942,-51.73357009887695,89.07984924316406,Go,Stepping
1780509938.1482282,21974.133965707,-0.9965782761573792,-51.97750473022461,88.66146850585938,0.8248593807220459,-59.03461837768555,86.1511001586914,-0.8178261518478394,-58.948692321777344,86.41580963134766,1.0008643865585327,-52.08674240112305,88.56005096435547,Go,Stepping
1780509938.1682773,21974.153888608,-1.0658801794052124,-52.355220794677734,88.1362533569336,0.6995381712913513,-63.4254264831543,90.59564208984375,-0.6871756911277771,-63.21323013305664,90.79374694824219,1.0687931776046753,-52.4490966796875,88.06602478027344,Go,Stepping
1780509938.1882644,21974.174794655,-1.137105107307434,-52.75499725341797,87.65452575683594,0.7043721079826355,-74.85176086425781,105.06768035888672,-0.6829670667648315,-74.57482147216797,105.31659698486328,1.1388916969299316,-52.82921600341797,87.60865020751953,Go,Stepping
1780509938.2083075,21974.194873083,-1.2098172903060913,-53.182640075683594,87.22416687011719,0.9210321307182312,-81.25325775146484,114.2772216796875,-0.8962518572807312,-80.96939086914062,114.5047607421875,1.2107287645339966,-53.23373794555664,87.19693756103516,Go,Stepping
1780509938.2282743,21974.217821694,-1.2832553386688232,-53.64070510864258,86.852294921875,1.3562169075012207,-82.13301086425781,119.29576110839844,-1.3408434391021729,-81.91873168945312,119.43038177490234,1.2835657596588135,-53.66651916503906,86.83968353271484,Go,Stepping
1780509938.2485635,21974.234730349,-1.3572748899459839,-54.139305114746094,86.53777313232422,1.917364478111267,-80.24388122558594,122.76448822021484,-1.9142911434173584,-80.17050170898438,122.79693603515625,1.3572748899459839,-54.138999938964844,86.53791809082031,Go,Stepping
1780509938.2682874,21974.254301316,-1.4288992881774902,-54.661598205566406,86.291015625,2.490983247756958,-76.9301528930664,124.94392395019531,-2.4923064708709717,-77.04987335205078,124.90929412841797,1.428902268409729,-54.636802673339844,86.30397033691406,Go,Stepping
1780509938.2882848,21974.274100337,-1.502874493598938,-55.22441482543945,86.09896850585938,2.895310401916504,-71.25385284423828,123.52919006347656,-2.8904201984405518,-71.57735443115234,123.47371673583984,1.5032134056091309,-55.1766357421875,86.12809753417969,Go,Stepping
1780509938.3082976,21974.294206256,-1.576981544494629,-55.819854736328125,85.9604263305664,2.7721598148345947,-62.72810745239258,114.07592010498047,-2.7571499347686768,-63.12932586669922,114.03302764892578,1.5780309438705444,-55.75286865234375,86.01109313964844,Go,Stepping
1780509938.3282835,21974.313957372,-1.6514899730682373,-56.44458770751953,85.86792755126953,2.2060256004333496,-52.86409378051758,95.89750671386719,-2.1901066303253174,-53.1669807434082,95.85848236083984,1.6536601781845093,-56.363380432128906,85.94755554199219,Go,Stepping
1780509938.34823,21974.334279452,-1.7260853052139282,-57.09331512451172,85.81238555908203,1.9314488172531128,-50.87803268432617,89.7158203125,-1.9171620607376099,-50.99171829223633,89.48928833007812,1.7298201322555542,-57.00404739379883,85.92986297607422,Go,Stepping
1780509938.3682795,21974.354109165,-1.8024711608886719,-57.76031494140625,85.78206634521484,1.8494306802749634,-51.247440338134766,89.16622924804688,-1.8399800062179565,-51.36742401123047,89.00863647460938,1.8082661628723145,-57.669273376464844,85.9475326538086,Go,Stepping
1780509938.3882625,21974.374090439,-1.8751487731933594,-58.43852996826172,85.76788330078125,1.7661155462265015,-51.63267135620117,88.64566040039062,-1.7594472169876099,-51.74217987060547,88.5303955078125,1.8834545612335205,-58.35387420654297,85.99029541015625,Go,Stepping
1780509938.408322,21974.394417832,-1.950947880744934,-59.46881103515625,86.29883575439453,1.682295799255371,-52.03174591064453,88.15460205078125,-1.6779108047485352,-52.12625503540039,88.07440948486328,1.9596282243728638,-59.302589416503906,86.43621063232422,Go,Stepping
1780509938.4282777,21974.415194093,-2.4060239791870117,-68.95906829833984,97.57421875,1.606083869934082,-52.4481315612793,87.70205688476562,-1.6034033298492432,-52.52604293823242,87.64881134033203,2.4207112789154053,-68.72567749023438,97.77447509765625,Go,Stepping
1780509938.4483361,21974.434844428,-2.8280563354492188,-78.37409973144531,109.82331848144531,1.5328532457351685,-52.889869689941406,87.29814910888672,-1.531421422958374,-52.94818115234375,87.26509857177734,2.850893259048462,-78.10317993164062,110.03486633300781,Go,Stepping
1780509938.468272,21974.454776149,-2.8603978157043457,-81.773193359375,116.61780548095703,1.4620712995529175,-53.36130905151367,86.95011901855469,-1.4614763259887695,-53.397613525390625,86.93206024169922,2.8802549839019775,-81.5289077758789,116.77631378173828,Go,Stepping
1780509938.4882894,21974.474228697,-2.5510687828063965,-81.17919921875,120.87176513671875,1.3911470174789429,-53.86738204956055,86.66207885742188,-1.39103364944458,-53.87954330444336,86.65631866455078,2.55930495262146,-81.03553009033203,120.94185638427734,Go,Stepping
1780509938.508318,21974.496059621,-2.1118245124816895,-78.83277130126953,124.09861755371094,1.3221991062164307,-54.40852737426758,86.43499755859375,-1.322236180305481,-54.39656448364258,86.44091033935547,2.111386299133301,-78.84945678710938,124.0928955078125,Go,Stepping
1780509938.5283217,21974.514060839,-1.6035882234573364,-74.69384002685547,125.27336120605469,1.2556078433990479,-54.98512268066406,86.26712036132812,-1.2555009126663208,-54.95071029663086,86.28650665283203,1.6041096448898315,-74.90811920166016,125.22480773925781,Go,Stepping
1780509938.5482829,21974.533843728,-1.083906650543213,-67.6594467163086,120.61701965332031,1.190053939819336,-55.59579086303711,86.15499114990234,-1.1895374059677124,-55.54170608520508,86.19233703613281,1.0937210321426392,-68.02623748779297,120.56282043457031,Go,Stepping
1780509938.5682485,21974.553758338,-0.7869059443473816,-58.003021240234375,106.10433959960938,1.126577615737915,-56.23717498779297,86.09185028076172,-1.125411033630371,-56.1679801940918,86.15357208251953,0.802871823310852,-58.34992980957031,106.0570297241211,Go,Stepping
1780509938.5881867,21974.574222274,-0.8314342498779297,-50.91580581665039,90.39134979248047,1.0632600784301758,-56.9061393737793,86.06970977783203,-1.061197280883789,-56.82698059082031,86.16432189941406,0.8419005274772644,-51.01749038696289,90.13017272949219,Go,Stepping
1780509938.6081855,21974.593524478,-0.894728422164917,-51.25952911376953,89.78955841064453,0.9971922636032104,-57.597572326660156,86.07903289794922,-0.9939598441123962,-57.51362228393555,86.21685791015625,0.9018993973731995,-51.37383270263672,89.60701751708984,Go,Stepping
1780509938.6281824,21974.613610956,-0.9631239175796509,-51.613746643066406,89.20752716064453,0.9358940124511719,-58.302223205566406,86.10657501220703,-0.9312803745269775,-58.22150421142578,86.29662322998047,0.9684813618659973,-51.72053527832031,89.07119750976562,Go,Stepping
1780509938.648231,21974.633530619,-1.0290441513061523,-51.97639083862305,88.64846801757812,0.8732975721359253,-59.0156135559082,86.14154815673828,-0.8670135140419006,-58.94432067871094,86.39383697509766,1.0328967571258545,-52.07309341430664,88.55084991455078,Go,Stepping
1780509938.6682923,21974.653720918,-1.0944132804870605,-52.354347229003906,88.12427520751953,0.7709970474243164,-63.40147018432617,90.58776092529297,-0.7598299980163574,-63.209877014160156,90.76667785644531,1.0970114469528198,-52.43738555908203,88.05770874023438,Go,Stepping
1780509938.6882977,21974.673672995,-1.159977912902832,-52.75421905517578,87.6446762084961,0.8076704740524292,-74.81462097167969,105.05718994140625,-0.7884767055511475,-74.56656646728516,105.28019714355469,1.1615649461746216,-52.81991958618164,87.60198211669922,Go,Stepping
1780509938.708288,21974.693851017,-1.2231656312942505,-53.181663513183594,87.21867370605469,1.0131959915161133,-81.21324157714844,114.25919342041016,-0.9906824827194214,-80.95567321777344,114.4657211303711,1.2239891290664673,-53.22789001464844,87.1934585571289,Go,Stepping
1780509938.7283454,21974.713778605,-1.2891192436218262,-53.64054489135742,86.84960174560547,1.4126498699188232,-82.10929870605469,119.28791046142578,-1.3985134363174438,-81.9124755859375,119.41158294677734,1.2894049882888794,-53.66426467895508,86.83793640136719,Go,Stepping
1780509938.7483332,21974.733930123,-1.3564307689666748,-54.13351058959961,86.54094696044922,1.927442193031311,-80.26620483398438,122.72747039794922,-1.92452073097229,-80.19664001464844,122.75836944580078,1.3564307689666748,-54.13350296020508,86.54095458984375,Go,Stepping
1780509938.7682853,21974.754024354,-1.425877332687378,-54.6617317199707,86.29244232177734,2.4775123596191406,-76.93586730957031,124.94707489013672,-2.478811025619507,-77.050537109375,124.91388702392578,1.425877332687378,-54.637977600097656,86.30485534667969,Go,Stepping
1780509938.7882788,21974.773787636,-1.4965497255325317,-55.224666595458984,86.10200500488281,2.860196352005005,-71.26892852783203,123.53971862792969,-2.855522871017456,-71.57839965820312,123.48665618896484,1.496872067451477,-55.179019927978516,86.12993621826172,Go,Stepping
1780509938.80829,21974.793570468,-1.5679346323013306,-55.82052993774414,85.96479797363281,2.7315804958343506,-62.740943908691406,114.08573150634766,-2.7171943187713623,-63.12569046020508,114.04460144042969,1.5689431428909302,-55.756526947021484,86.013671875,Go,Stepping
1780509938.8282952,21974.814147993,-1.6375250816345215,-56.445369720458984,85.87483215332031,2.169994831085205,-52.878631591796875,95.91360473632812,-2.1548380851745605,-53.16716384887695,95.87644958496094,1.6395999193191528,-56.36867141723633,85.95156860351562,Go,Stepping
1780509938.8482363,21974.833878637,-1.708798885345459,-57.09452819824219,85.82107543945312,1.9048802852630615,-50.88750076293945,89.7247543334961,-1.8911675214767456,-50.99101257324219,89.50030517578125,1.712377905845642,-57.01069641113281,85.93479919433594,Go,Stepping
1780509938.8684006,21974.854075935,-1.782202959060669,-57.76161575317383,85.79244232177734,1.8271468877792358,-51.25556564331055,89.17381286621094,-1.8180698156356812,-51.36703872680664,89.0182113647461,1.7877637147903442,-57.67677307128906,85.95328521728516,Go,Stepping
1780509938.8882196,21974.873830159,-1.8567512035369873,-58.44015121459961,85.77745056152344,1.7514631748199463,-51.63823699951172,88.65028381347656,-1.745008111000061,-51.74224090576172,88.53651428222656,1.8647981882095337,-58.3609619140625,85.99549102783203,Go,Stepping
1780509938.9082751,21974.894244969,-1.9409195184707642,-59.469482421875,86.30428314208984,1.6766769886016846,-52.0338020324707,88.15644073486328,-1.6723601818084717,-52.12623977661133,88.07687377929688,1.9494447708129883,-59.306156158447266,86.43924713134766,Go,Stepping
1780509938.9282944,21974.914356923,-2.397491455078125,-68.96833038330078,97.58942413330078,1.603422999382019,-52.449432373046875,87.70257568359375,-1.6007683277130127,-52.526371002197266,87.64966583251953,2.4120240211486816,-68.73735046386719,97.78759002685547,Go,Stepping
1780509938.94829,21974.934212725,-2.821009397506714,-78.37384033203125,109.82518768310547,1.5316261053085327,-52.890289306640625,87.29859161376953,-1.5302040576934814,-52.94814682006836,87.26570129394531,2.843679189682007,-78.10482025146484,110.0352554321289,Go,Stepping
1780509938.9682584,21974.954171982,-2.8456225395202637,-81.7746353149414,116.62542724609375,1.4602272510528564,-53.36216354370117,86.95059204101562,-1.4596389532089233,-53.39780807495117,86.93282318115234,2.8651294708251953,-81.53459930419922,116.78116607666016,Go,Stepping
1780509938.9882736,21974.974304677,-2.5422048568725586,-81.17928314208984,120.87601470947266,1.3904551267623901,-53.86777114868164,86.66221618652344,-1.3903417587280273,-53.87969970703125,86.65657043457031,2.550279378890991,-81.03843688964844,120.94473266601562,Go,Stepping
1780509939.0082276,21974.994211391,-2.112746238708496,-78.8330307006836,124.09807586669922,1.322847843170166,-54.4082145690918,86.43482971191406,-1.3228840827941895,-54.39647674560547,86.44062042236328,2.1123180389404297,-78.84939575195312,124.09246063232422,Go,Stepping
1780509939.0283043,21975.014984601,-1.6083711385726929,-74.69120025634766,125.27130126953125,1.2565089464187622,-54.98504638671875,86.26680755615234,-1.2564024925231934,-54.9509391784668,86.28601837158203,1.6088882684707642,-74.90361022949219,125.22318267822266,Go,Stepping
1780509939.048267,21975.033763759,-1.0933624505996704,-67.6571273803711,120.61144256591797,1.1918622255325317,-55.59524917602539,86.15449523925781,-1.1913515329360962,-55.54176330566406,86.19146728515625,1.1030763387680054,-68.01995849609375,120.55784606933594,Go,Stepping
1780509939.0682957,21975.054699374,-0.7933021783828735,-57.999595642089844,106.09587097167969,1.128380298614502,-56.23667526245117,86.09137725830078,-1.1272233724594116,-56.16807174682617,86.15272521972656,0.8091482520103455,-58.34374237060547,106.0489273071289,Go,Stepping
1780509939.0883086,21975.073670937,-0.8327658176422119,-50.91712951660156,90.38887786865234,1.0636231899261475,-56.90837860107422,86.06957244873047,-1.0615671873092651,-56.82937240600586,86.1641616821289,0.8431985378265381,-51.01829528808594,90.1279067993164,Go,Stepping
1780509939.1082325,21975.093861376,-0.9042206406593323,-51.256919860839844,89.78936004638672,1.0052192211151123,-57.59010696411133,86.07707977294922,-1.002068281173706,-57.50861358642578,86.21295166015625,0.9112123250961304,-51.3674430847168,89.60765075683594,Go,Stepping
1780509939.128187,21975.113874996,-0.9664862155914307,-51.611663818359375,89.2093276977539,0.9402329921722412,-58.29667663574219,86.10558319091797,-0.9356809854507446,-58.21718215942383,86.29432678222656,0.9717979431152344,-51.717002868652344,89.0731201171875,Go,Stepping
1780509939.1482441,21975.133935084,-1.030734658241272,-51.974876403808594,88.64984130859375,0.8764487504959106,-59.01166915893555,86.14086151123047,-0.8702203035354614,-58.941192626953125,86.39210510253906,1.034566879272461,-52.07086944580078,88.55231475830078,Go,Stepping
1780509939.1683142,21975.153635496,-1.0903738737106323,-52.35318374633789,88.12759399414062,0.7616614103317261,-63.36811828613281,90.54340362548828,-0.7503540515899658,-63.174049377441406,90.72462463378906,1.0930192470550537,-52.437713623046875,88.0604248046875,Go,Stepping
1780509939.1883,21975.174503645,-1.1573890447616577,-52.7527961730957,87.64734649658203,0.7966145873069763,-74.78325653076172,105.01329803466797,-0.7772231698036194,-74.5323486328125,105.2388916015625,1.1589977741241455,-52.8194465637207,87.60425567626953,Go,Stepping
1780509939.20834,21975.194846264,-1.2233796119689941,-53.17996597290039,87.219970703125,1.0151957273483276,-81.19982147216797,114.23404693603516,-0.9927481412887573,-80.94296264648438,114.44013977050781,1.2242032289505005,-53.226112365722656,87.19477081298828,Go,Stepping
1780509939.2282925,21975.214778583,-1.2897061109542847,-53.63871383666992,86.85050201416016,1.418917179107666,-82.10932159423828,119.27169799804688,-1.4049110412597656,-81.91456604003906,119.39419555664062,1.2899885177612305,-53.66221618652344,86.83892822265625,Go,Stepping
1780509939.2483454,21975.233907574,-1.3561795949935913,-54.131614685058594,86.54197692871094,1.9287997484207153,-80.27432250976562,122.71569061279297,-1.9258979558944702,-80.20533752441406,122.74638366699219,1.3561795949935913,-54.13168716430664,86.54194641113281,Go,Stepping
1780509939.268303,21975.254717466,-1.424459457397461,-54.66007614135742,86.29368591308594,2.470566987991333,-76.9515380859375,124.94502258300781,-2.471851110458374,-77.06358337402344,124.91255187988281,1.424459457397461,-54.63680648803711,86.30584716796875,Go,Stepping
1780509939.2882895,21975.27414545,-1.4946147203445435,-55.22275161743164,86.10337829589844,2.850210666656494,-71.29747772216797,123.55848693847656,-2.845625638961792,-71.6026611328125,123.50605010986328,1.49493408203125,-55.177738189697266,86.13092803955078,Go,Stepping
1780509939.3083048,21975.293644479,-1.567345380783081,-55.81819152832031,85.96539306640625,2.7318227291107178,-62.778995513916016,114.14277648925781,-2.7174789905548096,-63.16331481933594,114.1016616821289,1.5683501958847046,-55.75434494018555,86.01409912109375,Go,Stepping
1780509939.328283,21975.313673107,-1.6402541399002075,-56.44267654418945,85.87361907958984,2.179961919784546,-52.90797805786133,95.98101043701172,-2.1646230220794678,-53.20020294189453,95.94344329833984,1.6423439979553223,-56.365047454833984,85.95085144042969,Go,Stepping
1780509939.3482397,21975.333732924,-1.716073751449585,-57.09153366088867,85.81742858886719,1.9167855978012085,-50.88193130493164,89.72286987304688,-1.902800440788269,-50.98988342285156,89.4971923828125,1.719713568687439,-57.00532913208008,85.93262481689453,Go,Stepping
1780509939.3682387,21975.353843101,-1.7922486066818237,-57.75859451293945,85.7872314453125,1.8387593030929565,-51.25008773803711,89.17181396484375,-1.8294793367385864,-51.36592102050781,89.01502990722656,1.7979230880737305,-57.67058563232422,85.95024871826172,Go,Stepping
1780509939.3882468,21975.385830988,-1.868688702583313,-58.436851501464844,85.7711410522461,1.7614187002182007,-51.633262634277344,88.64886474609375,-1.7548142671585083,-51.740962982177734,88.53396606445312,1.8768956661224365,-58.3539924621582,85.99185943603516,Go,Stepping
1780509939.4082441,21975.395329015,-1.942591905593872,-59.11860656738281,85.75797271728516,1.6833417415618896,-52.02993392944336,88.15605926513672,-1.678939700126648,-52.12480926513672,88.07566833496094,1.9538061618804932,-59.048362731933594,86.04490661621094,Go,Stepping
1780509939.4283607,21975.413944769,-2.4031872749328613,-68.91626739501953,97.52000427246094,1.6060842275619507,-52.446685791015625,87.70368957519531,-1.6033999919891357,-52.52455520629883,87.65040588378906,2.4178333282470703,-68.68335723876953,97.7198715209961,Go,Stepping
1780509939.4483492,21975.434364819,-2.8301753997802734,-78.34896850585938,109.78630065917969,1.533683180809021,-52.88788604736328,87.2994613647461,-1.5322413444519043,-52.94646453857422,87.2662582397461,2.8530681133270264,-78.07721710205078,109.99860382080078,Go,Stepping
1780509939.4683068,21975.45391803,-2.863584041595459,-81.76997375488281,116.59993743896484,1.4626315832138062,-53.35957336425781,86.9510726928711,-1.4620301723480225,-53.39607238769531,86.93292236328125,2.883532762527466,-81.52474212646484,116.75920104980469,Go,Stepping
1780509939.4883122,21975.473680037,-2.5540966987609863,-81.18452453613281,120.85916900634766,1.39150869846344,-53.86563491821289,86.66287994384766,-1.3913919925689697,-53.877925872802734,86.65705871582031,2.5624091625213623,-81.03987121582031,120.9298095703125,Go,Stepping
1780509939.5082948,21975.493634914,-2.112948417663574,-78.84236145019531,124.09051513671875,1.3221356868743896,-54.4068717956543,86.43568420410156,-1.3221757411956787,-54.39488983154297,86.44161224365234,2.112520217895508,-78.85859680175781,124.08493041992188,Go,Stepping
1780509939.528273,21975.513593532,-1.5933864116668701,-74.71865844726562,125.28155517578125,1.253564476966858,-54.98336410522461,86.26840209960938,-1.2534579038619995,-54.94824981689453,86.28814697265625,1.593898892402649,-74.93698120117188,125.23199462890625,Go,Stepping
1780509939.5483012,21975.536136001,-1.05439293384552,-67.6874771118164,120.65716552734375,1.1843647956848145,-55.59603500366211,86.15684509277344,-1.1838319301605225,-55.5400276184082,86.19528198242188,1.0645065307617188,-68.06692504882812,120.60105895996094,Go,Stepping
1780509939.568293,21975.553986021,-0.757891058921814,-58.03547668457031,106.17406463623047,1.1184688806533813,-56.238407135009766,86.09407806396484,-1.1172571182250977,-56.16650390625,86.1574478149414,0.7744194269180298,-58.39513397216797,106.12506103515625,Go,Stepping
1780509939.5882926,21975.573982282,-0.8200990557670593,-51.11200714111328,90.76392364501953,1.056296467781067,-56.90659713745117,86.07141876220703,-1.0541813373565674,-56.82513427734375,86.16748809814453,0.8324949741363525,-51.338565826416016,90.71385192871094,Go,Stepping
1780509939.6082356,21975.594129529,-0.8898178935050964,-51.259647369384766,89.79151916503906,0.9934208989143372,-57.598995208740234,86.07987213134766,-0.9901548624038696,-57.5138053894043,86.21854400634766,0.8970884084701538,-51.37584686279297,89.60834503173828,Go,Stepping
1780509939.6282325,21975.613869733,-0.9577039480209351,-51.61393737792969,89.20960998535156,0.9300820231437683,-58.30455780029297,86.10779571533203,-0.9253947138786316,-58.222049713134766,86.29926300048828,0.9631471633911133,-51.72285461425781,89.07270050048828,Go,Stepping
1780509939.6482322,21975.633912833,-1.0204873085021973,-51.976600646972656,88.65202331542969,0.8605706095695496,-59.020450592041016,86.14408111572266,-0.8540922403335571,-58.94533157348633,86.39962768554688,1.02445387840271,-52.076602935791016,88.55340576171875,Go,Stepping
1780509939.668293,21975.653376064,-1.086431860923767,-52.354461669921875,88.12779235839844,0.751085638999939,-63.404483795166016,90.58540344238281,-0.7395874261856079,-63.20718002319336,90.76964569091797,1.0891201496124268,-52.440528869628906,88.0602035522461,Go,Stepping
1780509939.6883068,21975.673765855,-1.1525135040283203,-52.7545166015625,87.6478500366211,0.773935854434967,-74.82765197753906,105.06182861328125,-0.7540202736854553,-74.57019805908203,105.29326629638672,1.1541638374328613,-52.82299041748047,87.60411071777344,Go,Stepping
1780509939.7083414,21975.693719224,-1.220866084098816,-53.181495666503906,87.21989440917969,0.9974480271339417,-81.21770477294922,114.25747680664062,-0.9745509028434753,-80.95559692382812,114.46765899658203,1.221705675125122,-53.22856521606445,87.1943130493164,Go,Stepping
1780509939.7283514,21975.713706677,-1.2877968549728394,-53.64046096801758,86.85027313232422,1.3999567031860352,-82.11478424072266,119.28873443603516,-1.38554048538208,-81.91407012939453,119.41486358642578,1.2880886793136597,-53.66465377807617,86.8384017944336,Go,Stepping
1780509939.7483025,21975.733661352,-1.3564403057098389,-54.13356018066406,86.5409164428711,1.9256840944290161,-80.26673126220703,122.72810363769531,-1.9227381944656372,-80.19654846191406,122.75927734375,1.3564403057098389,-54.133541107177734,86.54092407226562,Go,Stepping
1780509939.7683058,21975.754759815,-1.426374077796936,-54.661869049072266,86.29216766357422,2.479779005050659,-76.93375396728516,124.94686126708984,-2.4810876846313477,-77.04928588867188,124.9134521484375,1.426374077796936,-54.637939453125,86.3046646118164,Go,Stepping
1780509939.788296,21975.773602082,-1.4978440999984741,-55.22450637817383,86.10140228271484,2.867424488067627,-71.26712036132812,123.53839874267578,-2.862703800201416,-71.5794677734375,123.48481750488281,1.498170018196106,-55.17843246459961,86.12959289550781,Go,Stepping
1780509939.8082876,21975.79369889,-1.5703465938568115,-55.820152282714844,85.96366882324219,2.7426414489746094,-62.740692138671875,114.08793640136719,-2.7280876636505127,-63.1298942565918,114.04632568359375,1.571364402770996,-55.755340576171875,86.01300048828125,Go,Stepping
1780509939.8283532,21975.814166669,-1.644331932067871,-56.44502258300781,85.87146759033203,2.187516927719116,-52.8711051940918,95.90486907958984,-2.171989679336548,-53.166683197021484,95.86679077148438,1.646454095840454,-56.366119384765625,85.9496078491211,Go,Stepping
1780509939.8482506,21975.834708598,-1.7195576429367065,-57.09379577636719,85.81566619873047,1.9214093685150146,-50.8815803527832,89.71913146972656,-1.907336711883545,-50.991451263427734,89.49337768554688,1.723233938217163,-57.00657653808594,85.93172454833984,Go,Stepping
1780509939.8682315,21975.854079323,-1.7953146696090698,-57.760772705078125,85.78573608398438,1.8415634632110596,-51.25030517578125,89.16890716552734,-1.8322460651397705,-51.367286682128906,89.01202392578125,1.8010268211364746,-57.671913146972656,85.9495620727539,Go,Stepping
1780509939.8882427,21975.873669609,-1.8723055124282837,-58.438934326171875,85.76934051513672,1.7638169527053833,-51.633602142333984,88.64623260498047,-1.757182002067566,-51.74226760864258,88.53119659423828,1.8805711269378662,-58.355106353759766,85.99107360839844,Go,Stepping
1780509939.9082918,21975.894151757,-1.9593589305877686,-59.46747970581055,86.29490661621094,1.687110185623169,-52.02973556518555,88.15319061279297,-1.6826673746109009,-52.12606430053711,88.07243347167969,1.9681684970855713,-59.29876708984375,86.43433380126953,Go,Stepping
1780509939.9283445,21975.91394362,-2.417755126953125,-68.95348358154297,97.56257629394531,1.6096054315567017,-52.44662857055664,87.70109558105469,-1.606890082359314,-52.52583312988281,87.64741516113281,2.432647943496704,-68.7168197631836,97.7656478881836,Go,Stepping
1780509939.9483128,21975.935393743,-2.839245319366455,-78.37366485595703,109.81913757324219,1.5348197221755981,-52.889156341552734,87.29749298095703,-1.5333694219589233,-52.94816970825195,87.26417541503906,2.862340211868286,-78.09972381591797,110.03303527832031,Go,Stepping
1780509939.968306,21975.953763315,-2.866894483566284,-81.7726058959961,116.61482238769531,1.4628812074661255,-53.3609733581543,86.94989013671875,-1.4622803926467896,-53.3975715637207,86.93172454833984,2.886906385421753,-81.52648162841797,116.7745361328125,Go,Stepping
1780509939.9883509,21975.973817765,-2.557680368423462,-81.1783447265625,120.87023162841797,1.3916465044021606,-53.86732864379883,86.66184997558594,-1.3915297985076904,-53.87966537475586,86.65601348876953,2.5660362243652344,-81.0325698852539,120.94133758544922,Go,Stepping
1780509940.00831,21975.993811562,-2.1104767322540283,-78.83236694335938,124.09945678710938,1.3212560415267944,-54.40896224975586,86.43521881103516,-1.3212926387786865,-54.39667892456055,86.44129943847656,2.1100239753723145,-78.84953308105469,124.09355926513672,Go,Stepping
1780509940.0283165,21976.013992517,-1.5807006359100342,-74.69026947021484,125.27998352050781,1.2513967752456665,-54.98716354370117,86.2681655883789,-1.2512867450714111,-54.951316833496094,86.28834533691406,1.581247329711914,-74.91348266601562,125.22943115234375,Go,Stepping
1780509940.0483105,21976.033644846,-1.045393466949463,-67.65933990478516,120.62922668457031,1.1827161312103271,-55.59866714477539,86.15692901611328,-1.1821773052215576,-55.542118072509766,86.19573211669922,1.0556429624557495,-68.04218292236328,120.57266998291016,Go,Stepping
1780509940.0682964,21976.053938383,-0.7421858310699463,-58.00092315673828,106.11511993408203,1.113925576210022,-56.242305755615234,86.09503173828125,-1.1126890182495117,-56.168949127197266,86.15941619873047,0.759010374546051,-58.36664962768555,106.06523895263672,Go,Stepping
1780509940.088304,21976.073622068,-0.7990687489509583,-50.916831970214844,90.40287017822266,1.0454721450805664,-56.9135627746582,86.07394409179688,-1.0432705879211426,-56.82867431640625,86.17251586914062,0.8103001713752747,-51.031681060791016,90.13900756835938,Go,Stepping
1780509940.108296,21976.094804191,-0.8697155117988586,-51.25994110107422,89.79923248291016,0.9779654741287231,-57.60486602783203,86.08332061767578,-0.9745325446128845,-57.514835357666016,86.22564697265625,0.8773432374000549,-51.38429641723633,89.61436462402344,Go,Stepping
1780509940.1282938,21976.114228527,-0.9445008635520935,-51.614192962646484,89.21488189697266,0.9159960746765137,-58.309898376464844,86.11072540283203,-0.9111281037330627,-58.222991943359375,86.30562591552734,0.9501530528068542,-51.72831344604492,89.07656860351562,Go,Stepping
1780509940.14826,21976.133723384,-1.0116991996765137,-51.97667694091797,88.65583038330078,0.8475602269172668,-59.02513885498047,86.14657592773438,-0.8408806920051575,-58.94603729248047,86.40542602539062,1.0157830715179443,-52.080074310302734,88.55616760253906,Go,Stepping
1780509940.1683702,21976.154022821,-1.079695701599121,-52.3546257019043,88.13067626953125,0.7342524528503418,-63.40890121459961,90.58573150634766,-0.7224721312522888,-63.20674133300781,90.77449035644531,1.0824575424194336,-52.4432487487793,88.06220245361328,Go,Stepping
1780509940.188318,21976.173723699,-1.1476789712905884,-52.754451751708984,87.65017700195312,0.7522192001342773,-74.83003997802734,105.0571060180664,-0.7318447232246399,-74.56653594970703,105.29397583007812,1.149373173713684,-52.8247184753418,87.60575103759766,Go,Stepping
1780509940.2083604,21976.193719009,-1.2165335416793823,-53.18164825439453,87.22181701660156,0.9675840139389038,-81.22933197021484,114.26078796386719,-0.9439533948898315,-80.95880126953125,114.47769927978516,1.2174012660980225,-53.23029708862305,87.19559478759766,Go,Stepping
1780509940.2283454,21976.213676187,-1.2866334915161133,-53.657894134521484,86.84321594238281,1.3888859748840332,-81.97590637207031,119.37432098388672,-1.3742237091064453,-81.77047729492188,119.50152587890625,1.2869315147399902,-53.68247604370117,86.83111572265625,Go,Stepping
1780509940.2483532,21976.233716786,-1.3564091920852661,-54.133338928222656,86.54104614257812,1.9217371940612793,-80.15324401855469,122.77721405029297,-1.9188350439071655,-80.08143615722656,122.80870056152344,1.3564091920852661,-54.133331298828125,86.54104614257812,Go,Stepping
1780509940.2683673,21976.263124419,-1.4272481203079224,-54.59819412231445,86.32479095458984,2.483536720275879,-77.23944091796875,124.8573989868164,-2.4847612380981445,-77.35551452636719,124.82271575927734,1.4272481203079224,-54.57389831542969,86.33734893798828,Go,Stepping
1780509940.2883155,21976.275156845,-1.4981215000152588,-55.08220672607422,86.18122863769531,2.8686182498931885,-72.20538330078125,123.3659439086914,-2.864485025405884,-72.51282501220703,123.30547332763672,1.498407006263733,-55.03560256958008,86.20880126953125,Go,Stepping
1780509940.3083425,21976.294122232,-1.5665026903152466,-55.559452056884766,86.12250518798828,2.7255489826202393,-64.21613311767578,113.92294311523438,-2.7132954597473145,-64.5888900756836,113.86710357666016,1.5673593282699585,-55.49444580078125,86.16883087158203,Go,Stepping
1780509940.3283498,21976.313623166,-1.6409761905670166,-56.16078567504883,86.05907440185547,2.1777753829956055,-53.80622863769531,95.77233123779297,-2.1651394367218018,-54.092567443847656,95.72369384765625,1.6426994800567627,-56.07961654663086,86.1313247680664,Go,Stepping
1780509940.3482997,21976.334096348,-1.7149603366851807,-56.77527618408203,86.04280090332031,1.9130934476852417,-51.485958099365234,89.56932067871094,-1.901234745979309,-51.60401916503906,89.36521911621094,1.7180484533309937,-56.684051513671875,86.1495361328125,Go,Stepping
1780509940.3682525,21976.35368961,-1.7911630868911743,-57.3823127746582,86.07444763183594,1.8360682725906372,-51.77272033691406,89.02783966064453,-1.8280922174453735,-51.89352798461914,88.88238525390625,1.7960455417633057,-57.28615188598633,86.22447967529297,Go,Stepping
1780509940.3882577,21976.374338212,-1.8696167469024658,-57.917747497558594,86.18994903564453,1.76080322265625,-52.15620803833008,88.48947143554688,-1.7551195621490479,-52.26710510253906,88.38104248046875,1.8766968250274658,-57.82077407836914,86.3906021118164,Go,Stepping
1780509940.4083724,21976.393803562,-1.9565653800964355,-58.83387756347656,86.82037353515625,1.6846022605895996,-52.479095458984375,88.0042495727539,-1.6809195280075073,-52.57693862915039,87.92819213867188,1.9638655185699463,-58.65996170043945,86.95100402832031,Go,Stepping
1780509940.4283092,21976.413652156,-2.42099928855896,-67.86627197265625,98.4762954711914,1.60990309715271,-52.85727310180664,87.55128479003906,-1.6076699495315552,-52.93762969970703,87.49944305419922,2.433281660079956,-67.61417388916016,98.66343688964844,Go,Stepping
1780509940.4483273,21976.438433561,-2.8438706398010254,-76.89686584472656,110.9465560913086,1.5350309610366821,-53.22227478027344,87.16516876220703,-1.533892273902893,-53.2817497253418,87.13249206542969,2.8621113300323486,-76.6011734008789,111.1421890258789,Go,Stepping
1780509940.4683607,21976.453863197,-2.8691253662109375,-80.32704162597656,117.54411315917969,1.4627509117126465,-53.576698303222656,86.85721588134766,-1.4622999429702759,-53.61330032348633,86.83914184570312,2.8842289447784424,-80.06526184082031,117.69129943847656,Go,Stepping
1780509940.4883626,21976.474050937,-2.553314685821533,-80.15143585205078,121.3739242553711,1.3912090063095093,-53.95338821411133,86.62213897705078,-1.3911237716674805,-53.96555709838867,86.61634063720703,2.559337854385376,-80.00238800048828,121.4402084350586,Go,Stepping
1780509940.5083532,21976.493889108,-2.1118004322052,-78.96232604980469,124.05233001708984,1.3221806287765503,-54.31596755981445,86.48107147216797,-1.3222050666809082,-54.30397033691406,86.48694610595703,2.1115100383758545,-78.9789047241211,124.04649353027344,Go,Stepping
1780509940.5283115,21976.513637169,-1.5997236967086792,-76.40509033203125,124.85364532470703,1.254831314086914,-54.702579498291016,86.41798400878906,-1.2547632455825806,-54.66736602783203,86.43669891357422,1.600058674812317,-76.61311340332031,124.79627990722656,Go,Stepping
1780509940.5481172,21976.533394544,-1.086796760559082,-70.8984603881836,120.0618896484375,1.1901354789733887,-55.08055114746094,86.44694519042969,-1.1898152828216553,-55.02423095703125,86.48078918457031,1.0929242372512817,-71.24452209472656,119.98086547851562,Go,Stepping
1780509940.5683105,21976.553850488,-0.7733476161956787,-61.281211853027344,105.54539489746094,1.121633768081665,-55.48068618774414,86.5509262084961,-1.1209403276443481,-55.4036979675293,86.60415649414062,0.7828773260116577,-61.613914489746094,105.46318817138672,Go,Stepping
1780509940.588304,21976.573955729,-0.819406270980835,-53.019859313964844,89.81500244140625,1.055073618888855,-55.93427276611328,86.69808197021484,-1.0538958311080933,-55.839603424072266,86.77472686767578,0.8254292011260986,-53.1661491394043,89.62724304199219,Go,Stepping
1780509940.6082602,21976.593690439,-0.8822299838066101,-53.146087646484375,89.23528289794922,0.9856337904930115,-56.38326644897461,86.91146850585938,-0.9838051795959473,-56.272762298583984,87.01719665527344,0.8863068222999573,-53.28950119018555,89.09662628173828,Go,Stepping
1780509940.6282554,21976.613970284,-0.9478182792663574,-53.277217864990234,88.6792984008789,0.9170606136322021,-56.826358795166016,87.17767333984375,-0.9144946336746216,-56.70245361328125,87.31615447998047,0.9507998824119568,-53.406761169433594,88.57217407226562,Go,Stepping
1780509940.6482573,21976.633994762,-1.0145090818405151,-53.36945724487305,88.1727523803711,0.848566472530365,-57.30579376220703,87.45539093017578,-0.8451852798461914,-57.17060470581055,87.6301040649414,1.0165750980377197,-53.482521057128906,88.0928955078125,Go,Stepping
1780509940.6683438,21976.655142797,-1.0810219049453735,-53.47977828979492,87.71207427978516,0.7323266863822937,-61.10675048828125,92.4084243774414,-0.7264530658721924,-60.87483596801758,92.5594711303711,1.082394003868103,-53.573604583740234,87.65399169921875,Go,Stepping
1780509940.688317,21976.673811949,-1.1490108966827393,-53.60204315185547,87.31327819824219,0.7506561279296875,-71.6998519897461,107.3262710571289,-0.7407621145248413,-71.38861083984375,107.51246643066406,1.149827241897583,-53.67426300048828,87.27336883544922,Go,Stepping
1780509940.7083125,21976.693884668,-1.217134952545166,-53.743003845214844,86.98380279541016,0.9632922410964966,-78.00471496582031,116.36433410644531,-0.952025294303894,-77.68679809570312,116.53860473632812,1.2175449132919312,-53.792110443115234,86.9588394165039,Go,Stepping
1780509940.7283475,21976.714085954,-1.2863221168518066,-53.919918060302734,86.72468566894531,1.3804816007614136,-79.719482421875,120.58528137207031,-1.3735063076019287,-79.49082946777344,120.69474029541016,1.2864633798599243,-53.94469451904297,86.71265411376953,Go,Stepping
1780509940.748325,21976.734805245,-1.3563873767852783,-54.133243560791016,86.54109191894531,1.9203739166259766,-79.45866394042969,123.06219482421875,-1.9189716577529907,-79.38457489013672,123.09193420410156,1.3563873767852783,-54.13325119018555,86.54109191894531,Go,Stepping
1780509940.7683153,21976.75529877,-1.4274592399597168,-54.388954162597656,86.43126678466797,2.4847660064697266,-78.2240982055664,124.55255889892578,-2.4853832721710205,-78.33782196044922,124.51509857177734,1.4274592399597168,-54.36437225341797,86.44355773925781,Go,Stepping
1780509940.7883692,21976.773715365,-1.4996843338012695,-54.68617248535156,86.39372253417969,2.875998020172119,-74.69493103027344,122.78572845458984,-2.873791217803955,-74.98948669433594,122.70581817626953,1.499836802482605,-54.63785171508789,86.41974639892578,Go,Stepping
1780509940.8083284,21976.7937386,-1.5730092525482178,-55.02401351928711,86.42362976074219,2.749840259552002,-67.00969696044922,113.32937622070312,-2.7430408000946045,-67.3716812133789,113.24038696289062,1.5734812021255493,-54.95344161987305,86.46586608886719,Go,Stepping
1780509940.8283288,21976.814050585,-1.6473623514175415,-55.399417877197266,86.51393127441406,2.190378189086914,-56.12361145019531,95.21484375,-2.1831302642822266,-56.39882278442383,95.13641357421875,1.648342251777649,-55.308719635009766,86.57585906982422,Go,Stepping
1780509940.8482728,21976.834055487,-1.727805733680725,-55.8124885559082,86.65016174316406,1.9289501905441284,-53.183441162109375,89.0269546508789,-1.9223432540893555,-53.3369026184082,88.87444305419922,1.7295259237289429,-55.70249557495117,86.73690032958984,Go,Stepping
1780509940.8682601,21976.856768988,-1.812204360961914,-56.2642936706543,86.8179702758789,1.8560044765472412,-53.198158264160156,88.54540252685547,-1.851559042930603,-53.34431838989258,88.42990112304688,1.814923644065857,-56.137054443359375,86.93492889404297,Go,Stepping
1780509940.8882644,21976.873695291,-1.8943312168121338,-56.71862030029297,87.02644348144531,1.7777231931686401,-53.261356353759766,88.08861541748047,-1.7745121717453003,-53.389862060546875,87.99824523925781,1.898328185081482,-56.578338623046875,87.17807006835938,Go,Stepping
1780509940.9083197,21976.894189174,-1.9898625612258911,-57.48921585083008,87.75569152832031,1.7016254663467407,-53.3478889465332,87.66963958740234,-1.699464201927185,-53.4576530456543,87.60137939453125,1.9941778182983398,-57.292991638183594,87.87681579589844,Go,Stepping
1780509940.9283154,21976.913892112,-2.4741783142089844,-66.0919189453125,99.6776351928711,1.6241216659545898,-53.45854568481445,87.303955078125,-1.6227927207946777,-53.54672622680664,87.25475311279297,2.4815311431884766,-65.80215454101562,99.84984588623047,Go,Stepping
1780509940.9483252,21976.933776553,-2.9149584770202637,-75.03634643554688,112.08419799804688,1.546604871749878,-53.59810256958008,87.00077819824219,-1.5458897352218628,-53.66253662109375,86.96776580810547,2.926445960998535,-74.6957778930664,112.26956176757812,Go,Stepping
1780509940.9683733,21976.954248863,-2.9343912601470947,-78.83958435058594,118.33808898925781,1.4702943563461304,-53.78008270263672,86.7629165649414,-1.4699946641921997,-53.819454193115234,86.7437973022461,2.944422960281372,-78.54324340820312,118.4828109741211,Go,Stepping
1780509940.9883184,21976.974101367,-2.5933094024658203,-79.49475860595703,121.6523208618164,1.394183874130249,-54.00507736206055,86.59645080566406,-1.394124150276184,-54.018287658691406,86.59014892578125,2.5974957942962646,-79.3298110961914,121.72179412841797,Go,Stepping
1780509941.0083287,21976.993896577,-2.1070735454559326,-79.02461242675781,124.0318374633789,1.3187917470932007,-54.272491455078125,86.50411224365234,-1.3188098669052124,-54.25929641723633,86.51054382324219,2.106847047805786,-79.04280853271484,124.02537536621094,Go,Stepping
1780509941.028318,21977.01454683,-1.5407278537750244,-77.10063934326172,124.67626190185547,1.2439050674438477,-54.58785629272461,86.48250579833984,-1.2438485622406006,-54.548622131347656,86.5028076171875,1.5409985780715942,-77.32713317871094,124.60894012451172,Go,Stepping
1780509941.0483735,21977.034539779,-0.9798890948295593,-71.74300384521484,119.8790054321289,1.169554352760315,-54.94482421875,86.53056335449219,-1.1692802906036377,-54.880653381347656,86.56697845458984,0.9850386381149292,-72.12462615966797,119.78001403808594,Go,Stepping
1780509941.0683124,21977.054908958,-0.6836848855018616,-61.88420104980469,105.43978118896484,1.095824122428894,-55.34321594238281,86.64078521728516,-1.0951964855194092,-55.25592803955078,86.69661712646484,0.6921614408493042,-62.248470306396484,105.34172058105469,Go,Stepping
1780509941.0882568,21977.074595184,-0.7634586691856384,-53.35235595703125,89.72130584716797,1.0239049196243286,-55.782249450683594,86.80255889892578,-1.022792100906372,-55.674652099609375,86.88167572021484,0.7691929936408997,-53.52847671508789,89.5411605834961,Go,Stepping
1780509941.1082659,21977.094298833,-0.8441517353057861,-53.35862731933594,89.1729507446289,0.9557294845581055,-56.24818801879883,87.00927734375,-0.9540024399757385,-56.124202728271484,87.11581420898438,0.8480076193809509,-53.52122116088867,89.03740692138672,Go,Stepping
1780509941.1283128,21977.114331725,-0.919476330280304,-53.38446044921875,88.64942932128906,0.886178195476532,-56.7362174987793,87.25125885009766,-0.8836873173713684,-56.59822463989258,87.39037322998047,0.9223635196685791,-53.52714157104492,88.54263305664062,Go,Stepping
1780509941.1482615,21977.134124523,-0.9891020655632019,-53.4254035949707,88.16134643554688,0.8101863265037537,-57.24736022949219,87.51355743408203,-0.8067416548728943,-57.09608840942383,87.69136047363281,0.9911965727806091,-53.548789978027344,88.07933044433594,Go,Stepping
1780509941.168237,21977.154205028,-1.0637332201004028,-53.49410629272461,87.71562194824219,0.6900780200958252,-61.03211212158203,92.35582733154297,-0.6841193437576294,-60.7861328125,92.51518249511719,1.065142035484314,-53.59463882446289,87.655517578125,Go,Stepping
1780509941.1883366,21977.17486162,-1.1341054439544678,-53.596229553222656,87.32232666015625,0.6825829148292542,-71.7540283203125,107.32691192626953,-0.6721433401107788,-71.42066192626953,107.52684020996094,1.1349741220474243,-53.673946380615234,87.28022766113281,Go,Stepping
1780509941.2083216,21977.194809312,-1.2087832689285278,-53.73377990722656,86.99174499511719,0.9053198099136353,-78.08665466308594,116.34133911132812,-0.8932744264602661,-77.75016784667969,116.5269775390625,1.2092243432998657,-53.7859001159668,86.96546173095703,Go,Stepping
1780509941.228318,21977.21416795,-1.2827345132827759,-53.91196823120117,86.73017883300781,1.3459937572479248,-79.8036117553711,120.55389404296875,-1.3385220766067505,-79.56381225585938,120.66958618164062,1.2828853130340576,-53.93803024291992,86.71756744384766,Go,Stepping
1780509941.2483191,21977.234218442,-1.3563997745513916,-54.133277893066406,86.54107666015625,1.9091570377349854,-79.49021911621094,123.0541000366211,-1.9076281785964966,-79.41224670410156,123.08550262451172,1.3563997745513916,-54.133277893066406,86.54107666015625,Go,Stepping
1780509941.2683113,21977.254089228,-1.4316450357437134,-54.39842987060547,86.42450714111328,2.503465414047241,-78.17132568359375,124.56291198730469,-2.5041465759277344,-78.29196166992188,124.5233383178711,1.4316450357437134,-54.372398376464844,86.43753051757812,Go,Stepping
1780509941.2883368,21977.274560305,-1.508620023727417,-54.70701217651367,86.37871551513672,2.9252474308013916,-74.5400619506836,122.7994155883789,-2.9228100776672363,-74.85396575927734,122.71556091308594,1.508788824081421,-54.655670166015625,86.40641784667969,Go,Stepping
1780509941.3083334,21977.294639299,-1.585927128791809,-55.0556755065918,86.39995574951172,2.8071985244750977,-66.820556640625,113.3470230102539,-2.799668788909912,-67.20549774169922,113.25469207763672,1.5864485502243042,-54.98090362548828,86.44486236572266,Go,Stepping
1780509941.3283887,21977.314998887,-1.6656224727630615,-55.44208526611328,86.48040771484375,2.237412452697754,-55.9758415222168,95.23165130615234,-2.2293448448181152,-56.26939010620117,95.1500015258789,1.666712760925293,-55.34566879272461,86.54642486572266,Go,Stepping
1780509941.3483179,21977.333820835,-1.741798996925354,-55.86122512817383,86.61390686035156,1.950535535812378,-53.09186553955078,89.05098724365234,-1.9433867931365967,-53.25123596191406,88.892822265625,1.7436622381210327,-55.74738311767578,86.70455169677734,Go,Stepping
1780509941.3682714,21977.354223509,-1.8199440240859985,-56.30654525756836,86.78760528564453,1.8645946979522705,-53.14309310913086,88.5624771118164,-1.8598878383636475,-53.29126739501953,88.44412231445312,1.8228249549865723,-56.17789840698242,86.9078369140625,Go,Stepping
1780509941.3882673,21977.374140594,-1.8916068077087402,-56.772300720214844,86.99341583251953,1.7756656408309937,-53.21487808227539,88.10762786865234,-1.7723690271377563,-53.34221267700195,88.01686096191406,1.8957130908966064,-56.634300231933594,87.14659881591797,Go,Stepping
1780509941.4083152,21977.394678757,-1.9815503358840942,-57.561607360839844,87.71371459960938,1.6970778703689575,-53.3048210144043,87.6891098022461,-1.6948692798614502,-53.41273498535156,87.6211166381836,1.9859517812728882,-57.36869430541992,87.83405303955078,Go,Stepping
1780509941.428326,21977.414040781,-2.4550373554229736,-66.21014404296875,99.62117004394531,1.618546724319458,-53.4237174987793,87.32107543945312,-1.6171907186508179,-53.50978469848633,87.27247619628906,2.462519884109497,-65.92782592773438,99.79135131835938,Go,Stepping
1780509941.4483569,21977.434040719,-2.8881983757019043,-75.1551284790039,112.02172088623047,1.5420401096343994,-53.5761833190918,87.01263427734375,-1.5413168668746948,-53.63895034790039,86.98023223876953,2.8998830318450928,-74.82435607910156,112.20401763916016,Go,Stepping
1780509941.4683745,21977.454019108,-2.9034805297851562,-78.94481658935547,118.29786682128906,1.4665172100067139,-53.76769256591797,86.77030181884766,-1.466217279434204,-53.805721282958984,86.75179290771484,2.913550853729248,-78.6593017578125,118.43865966796875,Go,Stepping
1780509941.4883718,21977.474198507,-2.5741422176361084,-79.55792999267578,121.63309478759766,1.3927069902420044,-54.00074005126953,86.59918212890625,-1.3926501274108887,-54.01344299316406,86.59313201904297,2.578314781188965,-79.3996353149414,121.70013427734375,Go,Stepping
1780509941.508319,21977.494327031,-2.1093339920043945,-79.01728057861328,124.03384399414062,1.320482850074768,-54.27698516845703,86.50110626220703,-1.320501446723938,-54.264373779296875,86.50725555419922,2.109112501144409,-79.0346908569336,124.02766418457031,Go,Stepping
1780509941.528368,21977.513893416,-1.5713012218475342,-77.03479766845703,124.6844253540039,1.249573826789856,-54.59679412841797,86.47525024414062,-1.2495203018188477,-54.559547424316406,86.49457550048828,1.5715668201446533,-77.25028991699219,124.62078857421875,Go,Stepping
1780509941.5483263,21977.533803523,-1.0322575569152832,-71.63716888427734,119.88607025146484,1.1795841455459595,-54.958656311035156,86.51837921142578,-1.1793200969696045,-54.898040771484375,86.55310821533203,1.0372885465621948,-71.9992446899414,119.79332733154297,Go,Stepping
1780509941.5683405,21977.553964906,-0.7351505756378174,-61.78347396850586,105.42530059814453,1.1104687452316284,-55.35999298095703,86.62467956542969,-1.109861969947815,-55.27792739868164,86.67806243896484,0.7434009909629822,-62.127960205078125,105.33370971679688,Go,Stepping
1780509941.588272,21977.574017599,-0.7963897585868835,-53.310726165771484,89.7229995727539,1.0420503616333008,-55.795982360839844,86.78604888916016,-1.0409774780273438,-55.694915771484375,86.86217498779297,0.8019011616706848,-53.472869873046875,89.5447998046875,Go,Stepping
1780509941.6083305,21977.593709623,-0.8670112490653992,-53.3292121887207,89.17452239990234,0.9735329151153564,-56.26131057739258,86.99263763427734,-0.9718584418296814,-56.143821716308594,87.09626770019531,0.8707399964332581,-53.4825439453125,89.04105377197266,Go,Stepping
1780509941.6282418,21977.613853923,-0.9387579560279846,-53.361610412597656,88.65203094482422,0.9076284170150757,-56.74702453613281,87.23167419433594,-0.905231773853302,-56.61680603027344,87.36717224121094,0.9415434002876282,-53.49673843383789,88.54736328125,Go,Stepping
1780509941.6482832,21977.634102611,-1.005416750907898,-53.41162109375,88.15982055664062,0.8347509503364563,-57.255489349365234,87.49624633789062,-0.831442654132843,-57.11314010620117,87.66989135742188,1.007438063621521,-53.528770446777344,88.0798568725586,Go,Stepping
1780509941.6683335,21977.653807095,-1.0784361362457275,-53.48543930053711,87.71121978759766,0.7260791659355164,-61.07889175415039,92.39476013183594,-0.7203428149223328,-60.84478759765625,92.54685974121094,1.0797785520553589,-53.58052062988281,87.65321350097656,Go,Stepping
1780509941.6885266,21977.675713769,-1.1471010446548462,-53.59001159667969,87.31912994384766,0.7418810129165649,-71.75328826904297,107.30133819580078,-0.7319545745849609,-71.43977355957031,107.48995971679688,1.1479246616363525,-53.66297912597656,87.27899932861328,Go,Stepping
1780509941.708338,21977.694044759,-1.217026710510254,-53.7303466796875,86.989501953125,0.9627246260643005,-78.08189392089844,116.31971740722656,-0.9512748718261719,-77.76473999023438,116.4950942993164,1.217445731163025,-53.77949905395508,86.96453094482422,Go,Stepping
1780509941.7283392,21977.713890169,-1.2862926721572876,-53.91061019897461,86.72916412353516,1.3806113004684448,-79.79918670654297,120.54133605957031,-1.373456597328186,-79.57132720947266,120.65144348144531,1.2864338159561157,-53.93540954589844,86.71714782714844,Go,Stepping
1780509941.7483315,21977.73365916,-1.3564091920852661,-54.1333122253418,86.54105377197266,1.921678900718689,-79.4878921508789,123.05067443847656,-1.9202325344085693,-79.41433715820312,123.080322265625,1.3564091920852661,-54.1333122253418,86.54105377197266,Go,Stepping
1780509941.768339,21977.753735723,-1.4270589351654053,-54.39926528930664,86.42630004882812,2.482973575592041,-78.17718505859375,124.56845092773438,-2.4836103916168213,-78.29039764404297,124.53133392333984,1.4270589351654053,-54.37482833862305,86.43852996826172,Go,Stepping
1780509941.7883322,21977.774149667,-1.4988517761230469,-54.70812225341797,86.38265991210938,2.871471643447876,-74.5637435913086,122.8230209350586,-2.869184970855713,-74.85749816894531,122.7446060180664,1.4990110397338867,-54.66014099121094,86.40862274169922,Go,Stepping
1780509941.8083303,21977.793695474,-1.5719027519226074,-55.05766677856445,86.40570831298828,2.7454845905303955,-66.8453369140625,113.3792724609375,-2.738401412963867,-67.20697784423828,113.29264831542969,1.5723991394042969,-54.98766326904297,86.44805908203125,Go,Stepping
1780509941.8283362,21977.81394452,-1.6465076208114624,-55.44456481933594,86.4885482788086,2.188725233078003,-55.99629211425781,95.26094818115234,-2.1811439990997314,-56.27186584472656,95.18440246582031,1.6475340127944946,-55.354576110839844,86.5510025024414,Go,Stepping
1780509941.848286,21977.833916525,-1.7218663692474365,-55.86387252807617,86.62264251708984,1.920149564743042,-53.10077667236328,89.06147766113281,-1.9133079051971436,-53.24916076660156,88.90682983398438,1.723645567893982,-55.756675720214844,86.70951843261719,Go,Stepping
1780509941.8683271,21977.854115362,-1.7983742952346802,-56.309326171875,86.79705810546875,1.841054916381836,-53.15017318725586,88.57074737548828,-1.8365368843078613,-53.289833068847656,88.455322265625,1.8011398315429688,-56.18779373168945,86.91313171386719,Go,Stepping
1780509941.88833,21977.87389231,-1.876198172569275,-56.7745246887207,87.0000228881836,1.7635399103164673,-53.21833801269531,88.11190032958984,-1.7603250741958618,-53.34132766723633,88.02268981933594,1.8802008628845215,-56.64154815673828,87.15021514892578,Go,Stepping
1780509941.908333,21977.894446411,-1.9628020524978638,-57.564090728759766,87.72225952148438,1.686622977256775,-53.308128356933594,87.69269561767578,-1.6844722032546997,-53.41228485107422,87.62614440917969,1.967070460319519,-57.37721633911133,87.83885192871094,Go,Stepping
1780509941.9283853,21977.913743139,-2.4357361793518066,-66.21151733398438,99.62674713134766,1.6129701137542725,-53.42533874511719,87.32304382324219,-1.611642837524414,-53.509429931640625,87.27526092529297,2.4430620670318604,-65.93528747558594,99.79328918457031,Go,Stepping
1780509941.9483364,21977.933668958,-2.866495370864868,-75.16288757324219,112.03691864013672,1.5381511449813843,-53.577545166015625,87.01370239257812,-1.5374374389648438,-53.63893508911133,86.98189544677734,2.877944231033325,-74.83895111083984,112.21546173095703,Go,Stepping
1780509941.968338,21977.954005476,-2.8873291015625,-78.9467544555664,118.3033447265625,1.4645342826843262,-53.7683219909668,86.77098846435547,-1.464240312576294,-53.8056640625,86.75279235839844,2.8972175121307373,-78.66637420654297,118.4416275024414,Go,Stepping
1780509941.9883564,21977.973853019,-2.5695700645446777,-79.55857849121094,121.63617706298828,1.392331600189209,-54.000999450683594,86.59922790527344,-1.3922747373580933,-54.013553619384766,86.59321594238281,2.5737006664276123,-79.40178680419922,121.70255279541016,Go,Stepping
1780509942.0083292,21977.994050041,-2.1098947525024414,-79.01762390136719,124.03301239013672,1.3207775354385376,-54.27679443359375,86.50105285644531,-1.320796012878418,-54.264286041259766,86.50713348388672,2.109677791595459,-79.03482818603516,124.02690887451172,Go,Stepping
1780509942.0283535,21978.013674779,-1.5741064548492432,-77.03545379638672,124.68409729003906,1.2500827312469482,-54.596561431884766,86.4750747680664,-1.2500293254852295,-54.559486389160156,86.49430847167969,1.5743675231933594,-77.24991607666016,124.62078094482422,Go,Stepping
1780509942.0483918,21978.033886549,-1.0369751453399658,-71.63691711425781,119.8851547241211,1.1804828643798828,-54.958396911621094,86.5180892944336,-1.1802220344543457,-54.89807891845703,86.5526351928711,1.0419734716415405,-71.9971694946289,119.7928695678711,Go,Stepping
1780509942.0683382,21978.056428859,-0.7388802170753479,-61.79123306274414,105.43778991699219,1.111554741859436,-55.3593864440918,86.624267578125,-1.110951542854309,-55.27769470214844,86.67742919921875,0.7470985651016235,-62.13434600830078,105.3465805053711,Go,Stepping
1780509942.0883212,21978.073518072,-0.8008586764335632,-53.555397033691406,90.14595794677734,1.0429728031158447,-55.795318603515625,86.78559875488281,-1.041903018951416,-55.6945686340332,86.86152648925781,0.8071064352989197,-53.777503967285156,90.07048797607422,Go,Stepping
1780509942.1082728,21978.093620822,-0.8683158755302429,-53.32903289794922,89.17391967773438,0.9745122790336609,-56.26117706298828,86.99240112304688,-0.972843587398529,-56.14402389526367,87.09583282470703,0.8720374703407288,-53.48185348510742,89.04060363769531,Go,Stepping
1780509942.1282823,21978.11398443,-0.9380891919136047,-53.36174774169922,88.6500244140625,0.9062058925628662,-56.75001525878906,87.233154296875,-0.903799831867218,-56.61936569213867,87.36901092529297,0.9408818483352661,-53.49713134765625,88.54529571533203,Go,Stepping
1780509942.1482816,21978.133831535,-1.0048925876617432,-53.411582946777344,88.15987396240234,0.8338901400566101,-57.25611114501953,87.4964599609375,-0.8305718898773193,-57.11349868774414,87.67034149169922,1.0069142580032349,-53.52893829345703,88.0798568725586,Go,Stepping
1780509942.1683333,21978.15402852,-1.075244426727295,-53.485557556152344,87.7124252319336,0.7178893089294434,-61.086944580078125,92.40322875976562,-0.7120863199234009,-60.850135803222656,92.55706787109375,1.0766032934188843,-53.58180618286133,87.65396118164062,Go,Stepping
1780509942.1883514,21978.174923414,-1.1480226516723633,-53.59012222290039,87.3182144165039,0.7457830309867859,-71.76599884033203,107.3197021484375,-0.7358900308609009,-71.45354461669922,107.50765991210938,1.1488398313522339,-53.66277313232422,87.27824401855469,Go,Stepping
1780509942.2083516,21978.193760637,-1.217883586883545,-53.73041534423828,86.98893737792969,0.9685691595077515,-78.08235168457031,116.322998046875,-0.957185685634613,-77.76707458496094,116.49732971191406,1.2182992696762085,-53.77925109863281,86.9640884399414,Go,Stepping
1780509942.2283406,21978.213956555,-1.2865684032440186,-53.910709381103516,86.72894287109375,1.38319993019104,-79.79849243164062,120.54261779785156,-1.3760744333267212,-79.57149505615234,120.65229034423828,1.286712884902954,-53.93540573120117,86.71694946289062,Go,Stepping
1780509942.248352,21978.234296536,-1.3564183712005615,-54.13335037231445,86.54103088378906,1.9207711219787598,-79.48819732666016,123.05118560791016,-1.9193196296691895,-79.4143295288086,123.08096313476562,1.3564183712005615,-54.13334274291992,86.54103088378906,Go,Stepping
1780509942.2683632,21978.254314515,-1.4273852109909058,-54.399452209472656,86.42610931396484,2.4845786094665527,-78.17515563964844,124.56853485107422,-2.485220432281494,-78.28894805908203,124.53123474121094,1.4273852109909058,-54.37490463256836,86.43839263916016,Go,Stepping
1780509942.2883353,21978.274108154,-1.4994021654129028,-54.70830154418945,86.38241577148438,2.8743813037872314,-74.55918884277344,122.81932830810547,-2.8720808029174805,-74.85408020019531,122.74061584472656,1.4995617866516113,-54.66012954711914,86.4084701538086,Go,Stepping
1780509942.308359,21978.294034139,-1.5730682611465454,-55.05835723876953,86.40534210205078,2.74914288520813,-66.82361602783203,113.34874725341797,-2.7420260906219482,-67.18693542480469,113.26170349121094,1.5735647678375244,-54.98796844482422,86.44791412353516,Go,Stepping
1780509942.328345,21978.313822686,-1.648789882659912,-55.444725036621094,86.48754119873047,2.19406795501709,-55.98719024658203,95.2463150024414,-2.186427593231201,-56.264808654785156,95.169189453125,1.6498265266418457,-55.35398483276367,86.55044555664062,Go,Stepping
1780509942.3482904,21978.333912736,-1.7267340421676636,-55.8638801574707,86.62040710449219,1.927438497543335,-53.09799575805664,89.05879211425781,-1.9205225706100464,-53.24904251098633,88.90326690673828,1.7285361289978027,-55.75505447387695,86.70821380615234,Go,Stepping
1780509942.3682866,21978.354111674,-1.8029519319534302,-56.3093376159668,86.79496765136719,1.8459640741348267,-53.148319244384766,88.56890869140625,-1.8414033651351929,-53.28974533081055,88.45287322998047,1.8057442903518677,-56.186309814453125,86.91195678710938,Go,Stepping
1780509942.3882895,21978.373874607,-1.8807704448699951,-56.77444076538086,86.99788665771484,1.7670843601226807,-53.21698760986328,88.11058807373047,-1.763846516609192,-53.34125518798828,88.02091979980469,1.8848066329956055,-56.63999557495117,87.14900970458984,Go,Stepping
1780509942.408342,21978.394246602,-1.9595396518707275,-57.56483459472656,87.72356414794922,1.68467116355896,-53.308956146240234,87.6930923461914,-1.6825331449508667,-53.412391662597656,87.62682342529297,1.9637830257415771,-57.379032135009766,87.83949279785156,Go,Stepping
1780509942.4283476,21978.413728909,-2.4376254081726074,-66.2151107788086,99.63114166259766,1.613441824913025,-53.4251823425293,87.32278442382812,-1.6121113300323486,-53.50944137573242,87.27491760253906,2.4449663162231445,-65.93828582763672,99.79802703857422,Go,Stepping
1780509942.4483483,21978.433721185,-2.8761186599731445,-75.16610717773438,112.03846740722656,1.5397623777389526,-53.57699966430664,87.01302337646484,-1.5390453338623047,-53.63896179199219,86.98097229003906,2.8876724243164062,-74.83918762207031,112.21864318847656,Go,Stepping
1780509942.4683473,21978.453721281,-2.893200397491455,-78.94750213623047,118.30381774902344,1.4652223587036133,-53.7681770324707,86.7706298828125,-1.4649254083633423,-53.80575180053711,86.75231170654297,2.9031524658203125,-78.665283203125,118.44300079345703,Go,Stepping
1780509942.48834,21978.473847883,-2.5777087211608887,-79.55819702148438,121.63218688964844,1.3929708003997803,-54.00065994262695,86.59910583496094,-1.3929141759872437,-54.01344680786133,86.59300231933594,2.5819153785705566,-79.39869689941406,121.69972229003906,Go,Stepping
1780509942.5083985,21978.495571691,-2.1086385250091553,-79.01693725585938,124.0346908569336,1.3200706243515015,-54.277259826660156,86.50119018554688,-1.3200887441635132,-54.26451110839844,86.50739288330078,2.108412265777588,-79.03458404541016,124.02842712402344,Go,Stepping
1780509942.5283864,21978.514171714,-1.5558130741119385,-77.03379821777344,124.6892318725586,1.2467197179794312,-54.59808349609375,86.47600555419922,-1.2466634511947632,-54.55984878540039,86.49584197998047,1.5560888051986694,-77.25503540039062,124.62391662597656,Go,Stepping
1780509942.5483513,21978.533790129,-1.0062326192855835,-71.63485717773438,119.89239501953125,1.1746132373809814,-54.96080780029297,86.51969146728516,-1.1743401288986206,-54.898475646972656,86.5553207397461,1.0114035606384277,-72.00702667236328,119.79706573486328,Go,Stepping
1780509942.5683455,21978.55371535,-0.705521285533905,-61.78477478027344,105.43838500976562,1.1020418405532837,-55.363365173339844,86.62684631347656,-1.1014158725738525,-55.278411865234375,86.68180847167969,0.7140471935272217,-62.14097213745117,105.34371185302734,Go,Stepping
1780509942.588289,21978.57507218,-0.7761596441268921,-53.310935974121094,89.7308578491211,1.0308547019958496,-55.80060958862305,86.78888702392578,-1.0297400951385498,-55.69572448730469,86.86720275878906,0.7819018363952637,-53.480865478515625,89.55006408691406,Go,Stepping
1780509942.6082911,21978.593706521,-0.8448802828788757,-53.3295783996582,89.18363189697266,0.9563882946968079,-56.26803970336914,86.99674224853516,-0.9546279311180115,-56.14474105834961,87.10380554199219,0.84880530834198,-53.49129104614258,89.04720306396484,Go,Stepping
1780509942.6282928,21978.615270258,-0.9198606610298157,-53.36219787597656,88.65789794921875,0.886684775352478,-56.75722885131836,87.23751831054688,-0.8841607570648193,-56.61996841430664,87.37739562988281,0.9227920770645142,-53.50443649291992,88.55062866210938,Go,Stepping
1780509942.648284,21978.633857844,-0.9919441938400269,-53.411949157714844,88.1655502319336,0.8145462870597839,-57.263309478759766,87.50062561035156,-0.8110851049423218,-57.11418151855469,87.6785888671875,0.9940506815910339,-53.53411865234375,88.08365631103516,Go,Stepping
1780509942.6683455,21978.653649885,-1.0667047500610352,-53.48579788208008,87.71627807617188,0.6964671611785889,-61.08998489379883,92.40027618408203,-0.6904919743537903,-60.846092224121094,92.55870819091797,1.068108320236206,-53.58518981933594,87.65652465820312,Go,Stepping
1780509942.6883464,21978.673732386,-1.1377122402191162,-53.59035110473633,87.32319641113281,0.6990841031074524,-71.77084350585938,107.31007385253906,-0.6887162327766418,-71.44320678710938,107.50716400146484,1.1385736465454102,-53.6667366027832,87.28162384033203,Go,Stepping
1780509942.7084544,21978.693670128,-1.2087812423706055,-53.731590270996094,86.99171447753906,0.9044063091278076,-78.12576293945312,116.36302185058594,-0.8922523260116577,-77.78905487060547,116.5490951538086,1.2092221975326538,-53.78369903564453,86.96542358398438,Go,Stepping
1780509942.728335,21978.713862493,-1.2837408781051636,-53.91073226928711,86.73031616210938,1.3558712005615234,-79.80940246582031,120.54597473144531,-1.3484610319137573,-79.57299041748047,120.66018676757812,1.2838884592056274,-53.936424255371094,86.71785736083984,Go,Stepping
1780509942.7483976,21978.734338465,-1.3563873767852783,-54.133243560791016,86.54109191894531,1.9106837511062622,-79.49259185791016,123.05230712890625,-1.9091644287109375,-79.4151840209961,123.08350372314453,1.3563873767852783,-54.13325119018555,86.54109191894531,Go,Stepping
1780509942.7684011,21978.754255489,-1.430726408958435,-54.39907455444336,86.42459106445312,2.4992828369140625,-78.17046356201172,124.564697265625,-2.4999542236328125,-78.28960418701172,124.52562713623047,1.430726408958435,-54.37337112426758,86.43746185302734,Go,Stepping
1780509942.7883976,21978.774464508,-1.506990671157837,-54.70785140991211,86.37886047363281,2.916492223739624,-74.54304504394531,122.80919647216797,-2.9140732288360596,-74.8536605834961,122.72628784179688,1.5071593523025513,-54.657066345214844,86.40626525878906,Go,Stepping
1780509942.8084054,21978.793809504,-1.5841913223266602,-55.05717849731445,86.39991760253906,2.799743175506592,-66.8190689086914,113.35596466064453,-2.792253255844116,-67.20122528076172,113.26439666748047,1.5847095251083374,-54.983001708984375,86.44451904296875,Go,Stepping
1780509942.8283927,21978.814612966,-1.6640759706497192,-55.44367980957031,86.48016357421875,2.2336981296539307,-55.975772857666016,95.24024200439453,-2.2256524562835693,-56.26798629760742,95.15906524658203,1.6651602983474731,-55.34778594970703,86.5459213256836,Go,Stepping
1780509942.8482916,21978.833782425,-1.744663119316101,-55.86241912841797,86.61157989501953,1.954959511756897,-53.087623596191406,89.05052185058594,-1.9477514028549194,-53.24857711791992,88.8917007446289,1.7465428113937378,-55.74763107299805,86.70281219482422,Go,Stepping
1780509942.8683386,21978.854199808,-1.8261245489120483,-56.30757141113281,86.78351593017578,1.871416687965393,-53.138511657714844,88.5611801147461,-1.86664879322052,-53.289127349853516,88.44190216064453,1.8290449380874634,-56.17691421508789,86.90499877929688,Go,Stepping
1780509942.8882935,21978.873884124,-1.90981924533844,-56.772216796875,86.98342895507812,1.7900811433792114,-53.208045959472656,88.10369110107422,-1.7866796255111694,-53.34058380126953,88.01094818115234,1.9140503406524658,-56.62832260131836,87.14031982421875,Go,Stepping
1780509942.9082909,21978.894122287,-1.9893219470977783,-57.249000549316406,87.20166015625,1.7064273357391357,-53.3004035949707,87.68666076660156,-1.7041633129119873,-53.411643981933594,87.61734771728516,1.9950999021530151,-57.09638595581055,87.3974609375,Go,Stepping
1780509942.9283543,21978.913804123,-2.483671188354492,-66.20765686035156,99.60395812988281,1.626918911933899,-53.419883728027344,87.31878662109375,-1.6255213022232056,-53.508934020996094,87.26896667480469,2.4914026260375977,-65.9162826538086,99.77965545654297,Go,Stepping
1780509942.9483583,21978.933956515,-2.9270715713500977,-75.15940856933594,112.01272583007812,1.5487391948699951,-53.57339859008789,87.01044464111328,-1.5479875802993774,-53.63854217529297,86.97701263427734,2.9391939640045166,-74.81657409667969,112.20170593261719,Go,Stepping
1780509942.9683459,21978.954466021,-2.9405062198638916,-78.94281005859375,118.28172302246094,1.4710861444473267,-53.76571273803711,86.76905059814453,-1.4707738161087036,-53.805362701416016,86.74981689453125,2.9509999752044678,-78.6455307006836,118.42833709716797,Go,Stepping
1780509942.9883697,21978.974039615,-2.5959057807922363,-79.55719757080078,121.62454223632812,1.394382357597351,-54.00002670288086,86.59873962402344,-1.394322395324707,-54.0133171081543,86.59241485595703,2.600273847579956,-79.39166259765625,121.69464111328125,Go,Stepping
1780509943.0083895,21978.994246461,-2.107112169265747,-79.01739501953125,124.03455352783203,1.3188445568084717,-54.27764892578125,86.50157928466797,-1.3188629150390625,-54.264469146728516,86.50799560546875,2.1068809032440186,-79.03557586669922,124.02810668945312,Go,Stepping
1780509943.028394,21979.014157221,-1.5442049503326416,-77.0331039428711,124.69264221191406,1.244583010673523,-54.59901809692383,86.47660827636719,-1.244523525238037,-54.56004333496094,86.49681854248047,1.5444806814193726,-77.2586441040039,124.62605285644531,Go,Stepping
1780509943.0483584,21979.033604416,-0.9880694150924683,-71.63897705078125,119.90315246582031,1.171134352684021,-54.961997985839844,86.5206069946289,-1.1708546876907349,-54.898468017578125,86.556884765625,0.9933364987373352,-72.01826477050781,119.80599975585938,Go,Stepping
1780509943.0683632,21979.054090348,-0.6938642859458923,-61.790225982666016,105.45152282714844,1.0987457036972046,-55.36447525024414,86.62765502929688,-1.098107099533081,-55.27838897705078,86.6832504272461,0.7024990916252136,-62.151123046875,105.35562133789062,Go,Stepping
1780509943.0882986,21979.073735328,-0.7683022618293762,-53.31107711791992,89.7342758178711,1.0265958309173584,-55.802001953125,86.78984832763672,-1.025464415550232,-55.695655822753906,86.86900329589844,0.7741374969482422,-53.48402786254883,89.55247497558594,Go,Stepping
1780509943.1083493,21979.09414028,-0.841426432132721,-53.32963943481445,89.18489837646484,0.9536830186843872,-56.2691764831543,86.99742126464844,-0.9519126415252686,-56.14494705200195,87.10503387451172,0.8453817963600159,-53.4926872253418,89.04801940917969,Go,Stepping
1780509943.128308,21979.113917809,-0.9133874773979187,-53.36240005493164,88.66043853759766,0.8796693086624146,-56.76010513305664,87.23927307128906,-0.8770990371704102,-56.62049865722656,87.3805923461914,0.9163689017295837,-53.5070686340332,88.55227661132812,Go,Stepping
1780509943.1483026,21979.134014517,-0.9855255484580994,-53.41213607788086,88.16826629638672,0.8049180507659912,-57.26702117919922,87.5027847290039,-0.8013851046562195,-57.114662170410156,87.68277740478516,0.9876742959022522,-53.53670120239258,88.08544158935547,Go,Stepping
1780509943.1684012,21979.153905359,-1.0587317943572998,-53.48607635498047,87.71971893310547,0.6763452887535095,-61.09727096557617,92.40384674072266,-0.6702107191085815,-60.84675598144531,92.56658172607422,1.060180425643921,-53.5883903503418,87.65876007080078,Go,Stepping
1780509943.1883569,21979.174244322,-1.1335954666137695,-53.59049606323242,87.32503509521484,0.6803603172302246,-71.77723693847656,107.31217193603516,-0.669798731803894,-71.443359375,107.51300048828125,1.1344728469848633,-53.66838455200195,87.28279876708984,Go,Stepping
1780509943.2084076,21979.194104339,-1.2069367170333862,-53.73081970214844,86.99388122558594,0.8924922943115234,-78.111328125,116.33393859863281,-0.880209743976593,-77.77092742919922,116.52214813232422,1.2073872089385986,-53.78360366821289,86.96730041503906,Go,Stepping
1780509943.228376,21979.213832913,-1.2812789678573608,-53.9108772277832,86.73138427734375,1.331935167312622,-79.81922912597656,120.55097198486328,-1.3242640495300293,-79.57476806640625,120.6690673828125,1.2814326286315918,-53.93745803833008,86.7185287475586,Go,Stepping
1780509943.2483568,21979.233850357,-1.3564218282699585,-54.13335037231445,86.54103088378906,1.9075404405593872,-79.49366760253906,123.05390167236328,-1.9059967994689941,-79.41511535644531,123.0855484008789,1.3564218282699585,-54.13334274291992,86.54103088378906,Go,Stepping
1780509943.2684069,21979.253992686,-1.431905746459961,-54.399112701416016,86.42402648925781,2.504610776901245,-78.16764831542969,124.56369018554688,-2.5052921772003174,-78.2887191772461,124.52399444580078,1.431905746459961,-54.37299346923828,86.43710327148438,Go,Stepping
1780509943.288359,21979.274207408,-1.508626937866211,-54.707767486572266,86.3780746459961,2.9255478382110596,-74.5391616821289,122.806640625,-2.9231009483337402,-74.85314178466797,122.72283172607422,1.508795976638794,-54.65644073486328,86.40579223632812,Go,Stepping
1780509943.3084292,21979.293922845,-1.587735891342163,-55.05821990966797,86.3985366821289,2.812896490097046,-66.78018188476562,113.30297088623047,-2.805297613143921,-67.16778564453125,113.21009826660156,1.588263988494873,-54.98284912109375,86.44380950927734,Go,Stepping
1780509943.3284192,21979.315116365,-1.6655433177947998,-55.44361114501953,86.4794692993164,2.23745059967041,-55.973899841308594,95.2381362915039,-2.229365587234497,-56.26742935180664,95.15658569335938,1.6666339635849,-55.34724044799805,86.5455093383789,Go,Stepping
1780509943.348351,21979.333673191,-1.746962070465088,-55.86235046386719,86.6104965209961,1.9584239721298218,-53.086307525634766,89.04930877685547,-1.9511781930923462,-53.24851989746094,88.89006805419922,1.7488515377044678,-55.74680709838867,86.7021713256836,Go,Stepping
1780509943.3683054,21979.353437239,-1.8287731409072876,-56.30742263793945,86.78223419189453,1.8743057250976562,-53.13740539550781,88.56023406982422,-1.8695147037506104,-53.2890625,88.44059753417969,1.8317073583602905,-56.175907135009766,86.90424346923828,Go,Stepping
1780509943.3882914,21979.374091274,-1.9121145009994507,-56.772064208984375,86.98230743408203,1.7918920516967773,-53.20735549926758,88.10314178466797,-1.7884773015975952,-53.34053421020508,88.01014709472656,1.9163621664047241,-56.62742233276367,87.13965606689453,Go,Stepping
1780509943.4083755,21979.394769119,-2.004802703857422,-57.561405181884766,87.70122528076172,1.7100175619125366,-53.29903793334961,87.68531799316406,-1.7077282667160034,-53.41156768798828,87.61550903320312,2.0093839168548584,-57.361019134521484,87.82624816894531,Go,Stepping
1780509943.4284046,21979.416471969,-2.4686923027038574,-66.2092056274414,99.61162567138672,1.622552752494812,-53.421634674072266,87.32013702392578,-1.6211775541305542,-53.509098052978516,87.27096557617188,2.4763031005859375,-65.92263793945312,99.78440856933594,Go,Stepping
1780509943.4483585,21979.434141734,-2.8975908756256104,-75.16094970703125,112.0242919921875,1.5435882806777954,-53.57542037963867,87.01203918457031,-1.5428557395935059,-53.63873291015625,86.97940826416016,2.9093847274780273,-74.82734680175781,112.20817565917969,Go,Stepping
1780509943.4683447,21979.454262854,-2.9113047122955322,-78.9456558227539,118.29524993896484,1.4674664735794067,-53.7672233581543,86.77002716064453,-1.4671636819839478,-53.80559539794922,86.7513656616211,2.921466112136841,-78.65768432617188,118.43730163574219,Go,Stepping
1780509943.4883764,21979.474143543,-2.57558274269104,-79.55834197998047,121.6321029663086,1.3928219079971313,-54.00063705444336,86.59918975830078,-1.3927652835845947,-54.01337814331055,86.59312438964844,2.5797691345214844,-79.39958190917969,121.69932556152344,Go,Stepping
1780509943.5084252,21979.494129114,-2.109066963195801,-79.01716613769531,124.03412628173828,1.3203155994415283,-54.277099609375,86.50112915039062,-1.32033371925354,-54.264434814453125,86.50730895996094,2.1088454723358154,-79.03466033935547,124.02792358398438,Go,Stepping
1780509943.5283809,21979.514052218,-1.5687639713287354,-77.03557586669922,124.68585205078125,1.24909508228302,-54.59695053100586,86.47534942626953,-1.2490384578704834,-54.55953598022461,86.49476623535156,1.5690295696258545,-77.25202178955078,124.62195587158203,Go,Stepping
1780509943.548385,21979.533949732,-1.0353116989135742,-71.63728332519531,119.8861312866211,1.1801657676696777,-54.95850372314453,86.5181655883789,-1.1799017190933228,-54.89807891845703,86.55278778076172,1.0403242111206055,-71.99819946289062,119.79367065429688,Go,Stepping
1780509943.568383,21979.553775947,-0.7311890721321106,-61.786895751953125,105.43314361572266,1.1093519926071167,-55.36041259765625,86.62489318847656,-1.1087450981140137,-55.27796936035156,86.67848205566406,0.7394735217094421,-62.13298034667969,105.3411636352539,Go,Stepping
1780509943.588313,21979.574322219,-0.7892328500747681,-53.31068801879883,89.7261734008789,1.0381542444229126,-55.797420501708984,86.78690338134766,-1.0370657444000244,-55.695030212402344,86.8637924194336,0.7948265075683594,-53.47555160522461,89.54702758789062,Go,Stepping
1780509943.6083107,21979.594129621,-0.8620365262031555,-53.32917022705078,89.17636108398438,0.9696212410926819,-56.26315689086914,86.99362182617188,-0.9679271578788757,-56.14433288574219,87.09803771972656,0.8658125996589661,-53.4843864440918,89.0422134399414,Go,Stepping
1780509943.628301,21979.613856543,-0.931755006313324,-53.36189651489258,88.6529541015625,0.8994778394699097,-56.752323150634766,87.23458099365234,-0.8970311284065247,-56.61940383911133,87.37181854248047,0.9345967769622803,-53.49966049194336,88.54734802246094,Go,Stepping
1780509943.6482983,21979.634042062,-1.0025306940078735,-53.41160202026367,88.16117095947266,0.8304677605628967,-57.2570686340332,87.49699401855469,-0.8271259665489197,-57.11328125,87.67159271240234,1.0045686960220337,-53.52984619140625,88.080810546875,Go,Stepping
1780509943.6683705,21979.653806834,-1.0680783987045288,-53.48577117919922,87.7156753540039,0.6999155879020691,-61.089080810546875,92.40025329589844,-0.6939698457717896,-60.8464241027832,92.55790710449219,1.069478988647461,-53.58464431762695,87.6561508178711,Go,Stepping
1780509943.6883674,21979.673890976,-1.1378486156463623,-53.59038162231445,87.32306671142578,0.6996458768844604,-71.77281951904297,107.31298065185547,-0.689285159111023,-71.44537353515625,107.50994873046875,1.1387070417404175,-53.66671371459961,87.28150939941406,Go,Stepping
1780509943.7083695,21979.69375362,-1.2107847929000854,-53.73063659667969,86.99222564697266,0.9192812442779541,-78.10017395019531,116.32852935791016,-0.9073165059089661,-77.76860809326172,116.51184844970703,1.2112231254577637,-53.78203582763672,86.96624755859375,Go,Stepping
1780509943.7283683,21979.714203879,-1.2830263376235962,-53.910865783691406,86.73052978515625,1.3488303422927856,-79.81251525878906,120.54891967773438,-1.3413395881652832,-79.57381439208984,120.66423034667969,1.2831770181655884,-53.93682861328125,86.71796417236328,Go,Stepping
1780509943.7483723,21979.734254349,-1.3564218282699585,-54.13335037231445,86.54103088378906,1.9094009399414062,-79.49288940429688,123.05352020263672,-1.9078716039657593,-79.4150161743164,123.08490753173828,1.3564218282699585,-54.13334274291992,86.54103088378906,Go,Stepping
1780509943.768431,21979.754184698,-1.430208683013916,-54.39921188354492,86.42481231689453,2.497065782546997,-78.170654296875,124.56546020507812,-2.497732400894165,-78.28898620605469,124.52665710449219,1.430208683013916,-54.373687744140625,86.43759155273438,Go,Stepping
1780509943.7883804,21979.773829282,-1.506600260734558,-54.70799255371094,86.37904357910156,2.9142324924468994,-74.54190063476562,122.8079605102539,-2.911818504333496,-74.85169219970703,122.72526550292969,1.5067658424377441,-54.65734100341797,86.40637969970703,Go,Stepping
1780509943.8084252,21979.793882767,-1.5812104940414429,-55.05746078491211,86.4013671875,2.786276340484619,-66.82139587402344,113.3556137084961,-2.7788846492767334,-67.1984634399414,113.26527404785156,1.5817255973815918,-54.98428726196289,86.44541931152344,Go,Stepping
1780509943.8283818,21979.814115075,-1.659305214881897,-55.44401931762695,86.48247528076172,2.2213134765625,-55.9791145324707,95.24171447753906,-2.2133944034576416,-56.26675033569336,95.16180419921875,1.6603766679763794,-55.349735260009766,86.5473403930664,Go,Stepping
1780509943.8483055,21979.835641788,-1.7408928871154785,-55.86274719238281,86.61344146728516,1.9491550922393799,-53.08977127075195,89.05219268798828,-1.942008137702942,-53.248653411865234,88.89405059814453,1.7427564859390259,-55.749210357666016,86.70394897460938,Go,Stepping
1780509943.8683202,21979.854176716,-1.82297682762146,-56.307899475097656,86.78511047363281,1.8679229021072388,-53.13984680175781,88.56212615966797,-1.8631820678710938,-53.289215087890625,88.44329833984375,1.8258781433105469,-56.178279876708984,86.90599060058594,Go,Stepping
1780509943.8883183,21979.875557319,-1.9053932428359985,-56.772640228271484,86.98568725585938,1.78655207157135,-53.209434509277344,88.10467529296875,-1.7831735610961914,-53.340694427490234,88.01240539550781,1.9095942974090576,-56.630191802978516,87.1417007446289,Go,Stepping
1780509943.9083648,21979.893792096,-1.9959306716918945,-57.56197738647461,87.70567321777344,1.705074667930603,-53.300960540771484,87.68688201904297,-1.7028173208236694,-53.411720275878906,87.61775970458984,2.0004427433013916,-57.36445617675781,87.82892608642578,Go,Stepping
1780509943.9284222,21979.914547066,-2.4815216064453125,-66.20887756347656,99.60645294189453,1.62627112865448,-53.420143127441406,87.3189468383789,-1.6248769760131836,-53.508968353271484,87.26922607421875,2.4892356395721436,-65.91818237304688,99.78173828125,Go,Stepping
1780509943.948421,21979.934110941,-2.9224050045013428,-75.1585464477539,112.0129623413086,1.5479477643966675,-53.57368850708008,87.01074981689453,-1.547199010848999,-53.638545989990234,86.9774398803711,2.934481382369995,-74.81715393066406,112.2011489868164,Go,Stepping
1780509943.968377,21979.953809094,-2.928124189376831,-78.9444808959961,118.28861999511719,1.469536542892456,-53.766414642333984,86.76940155029297,-1.4692273139953613,-53.80550765991211,86.75041961669922,2.938476324081421,-78.65119171142578,118.43328094482422,Go,Stepping
1780509943.988375,21979.973917837,-2.590423583984375,-79.55751037597656,121.6265869140625,1.3939605951309204,-54.000186920166016,86.5988540649414,-1.3939006328582764,-54.013328552246094,86.59259796142578,2.5947442054748535,-79.39379119873047,121.6958999633789,Go,Stepping
1780509944.0083792,21979.994250487,-2.107560873031616,-79.01722717285156,124.03465270996094,1.3192138671875,-54.27753829956055,86.50144958496094,-1.3192354440689087,-54.26448059082031,86.5078125,2.1073296070098877,-79.03524780273438,124.02824401855469,Go,Stepping
1780509944.0283782,21980.014718119,-1.5569089651107788,-77.033935546875,124.6889419555664,1.2469216585159302,-54.59798812866211,86.4759521484375,-1.2468652725219727,-54.559818267822266,86.4957504272461,1.557179570198059,-77.2547607421875,124.62374114990234,Go,Stepping
1780509944.0483737,21980.035358108,-1.0082385540008545,-71.63742065429688,119.8948745727539,1.1749922037124634,-54.960548400878906,86.51956939697266,-1.174718976020813,-54.898338317871094,86.55513763427734,1.013396143913269,-72.00884246826172,119.79972839355469,Go,Stepping
1780509944.0683815,21980.054409492,-0.7067156434059143,-61.786949157714844,105.44161987304688,1.102390170097351,-55.36314392089844,86.62672424316406,-1.1017613410949707,-55.278316497802734,86.68162536621094,0.71523118019104,-62.1427001953125,105.34706115722656,Go,Stepping
1780509944.0883124,21980.074794394,-0.7829213738441467,-53.310733795166016,89.72855377197266,1.034669041633606,-55.79878234863281,86.78777313232422,-1.0335670709609985,-55.695186614990234,86.86534118652344,0.7885844707489014,-53.478092193603516,89.54862976074219,Go,Stepping
1780509944.1083133,21980.09378436,-0.8506666421890259,-53.32945251464844,89.18118286132812,0.9608507752418518,-56.26640319824219,86.99569702148438,-0.959113597869873,-56.144622802734375,87.10187530517578,0.854543924331665,-53.48896789550781,89.0455322265625,Go,Stepping
1780509944.1283202,21980.114109851,-0.9212104678153992,-53.3621940612793,88.6572036743164,0.8880890011787415,-56.75685501098633,87.23731994628906,-0.885572075843811,-56.620086669921875,87.37689208984375,0.9241291284561157,-53.5039176940918,88.55012512207031,Go,Stepping
1780509944.1483243,21980.13635456,-0.9934555888175964,-53.41191482543945,88.16476440429688,0.8167547583580017,-57.26261520385742,87.50019836425781,-0.8133073449134827,-57.114234924316406,87.6777114868164,0.9955523014068604,-53.53352737426758,88.08309936523438,Go,Stepping
1780509944.1683786,21980.154218455,-1.0629801750183105,-53.48595428466797,87.71783447265625,0.6870193481445312,-61.09504699707031,92.40433502197266,-0.6809707880020142,-60.848079681396484,92.56476593017578,1.0644094944000244,-53.586700439453125,87.65751647949219,Go,Stepping
1780509944.1883814,21980.174264219,-1.1351486444473267,-53.59048080444336,87.32421875,0.6873415112495422,-71.77803039550781,107.31575012207031,-0.6768506765365601,-71.44648742675781,107.51519012451172,1.1360194683074951,-53.66780471801758,87.28224182128906,Go,Stepping
1780509944.2083783,21980.194264531,-1.207570195198059,-53.730831146240234,86.99353790283203,0.8968700170516968,-78.1104736328125,116.33464813232422,-0.8846359252929688,-77.77151489257812,116.52204132080078,1.2080209255218506,-53.78337860107422,86.96705627441406,Go,Stepping
1780509944.2284276,21980.213875121,-1.2814615964889526,-53.910911560058594,86.73126220703125,1.333674669265747,-79.818603515625,120.55122375488281,-1.326027512550354,-79.57473754882812,120.66903686523438,1.2816157341003418,-53.93742370605469,86.71844482421875,Go,Stepping
1780509944.2483954,21980.234042072,-1.3564434051513672,-54.133419036865234,86.54098510742188,1.90584135055542,-79.49420928955078,123.05488586425781,-1.904282808303833,-79.4150619506836,123.08678436279297,1.3564434051513672,-54.133399963378906,86.54098510742188,Go,Stepping
1780509944.2683952,21980.254078116,-1.4317742586135864,-54.3978271484375,86.4242935180664,2.5030367374420166,-78.17668914794922,124.56121826171875,-2.503713369369507,-78.29717254638672,124.52168273925781,1.4317742586135864,-54.37174987792969,86.43733978271484,Go,Stepping
1780509944.2884035,21980.274024854,-1.5104748010635376,-54.7077522277832,86.3772201538086,2.9357311725616455,-74.53373718261719,122.80289459228516,-2.933274269104004,-74.85155487060547,122.71804809570312,1.510646939277649,-54.65576934814453,86.4052505493164,Go,Stepping
1780509944.3084,21980.294286297,-1.5880165100097656,-55.057106018066406,86.39813995361328,2.8164660930633545,-66.80876922607422,113.34549713134766,-2.8088467121124268,-67.1972427368164,113.25242614746094,1.5885441303253174,-54.981632232666016,86.4434585571289,Go,Stepping
1780509944.3283825,21980.313948763,-1.6638773679733276,-55.443721771240234,86.48027038574219,2.2331321239471436,-55.97511291503906,95.23869323730469,-2.225093364715576,-56.266998291015625,95.15758514404297,1.6649649143218994,-55.34791946411133,86.5459976196289,Go,Stepping
1780509944.3483288,21980.334053616,-1.7422473430633545,-55.86289978027344,86.61290740966797,1.951117753982544,-53.089134216308594,89.05140686035156,-1.9439500570297241,-53.248680114746094,88.89303588867188,1.7441147565841675,-55.748924255371094,86.70366668701172,Go,Stepping
1780509944.3684006,21980.354125344,-1.8237875699996948,-56.30855941772461,86.78507995605469,1.868546962738037,-53.13966751098633,88.56118774414062,-1.8638030290603638,-53.28926467895508,88.44227600097656,1.826695442199707,-56.17869186401367,86.90613555908203,Go,Stepping
1780509944.3883288,21980.374516371,-1.9057708978652954,-56.77266311645508,86.98551940917969,1.7868326902389526,-53.20932388305664,88.10453796386719,-1.7834573984146118,-53.340694427490234,88.01223754882812,1.909975290298462,-56.63010025024414,87.1416244506836,Go,Stepping
1780509944.4083836,21980.393805525,-2.000335454940796,-57.56175994873047,87.70341491699219,1.707509160041809,-53.29999923706055,87.68606567382812,-1.7052363157272339,-53.41164779663086,87.61661529541016,2.0048816204071045,-57.36281204223633,87.82756042480469,Go,Stepping
1780509944.4284456,21980.413953141,-2.4862735271453857,-66.21171569824219,99.60877990722656,1.6275832653045654,-53.4196662902832,87.31844329833984,-1.6261862516403198,-53.50895690917969,87.26853942871094,2.4940309524536133,-65.9195556640625,99.78494262695312,Go,Stepping
1780509944.4483926,21980.435030967,-2.927788257598877,-75.15846252441406,112.01113891601562,1.5488826036453247,-53.57331848144531,87.01043701171875,-1.5481308698654175,-53.63851547241211,86.97698974609375,2.93992280960083,-74.81539916992188,112.20024871826172,Go,Stepping
1780509944.468392,21980.453914254,-2.942432165145874,-78.94341278076172,118.28276062011719,1.4712998867034912,-53.765708923339844,86.7688980102539,-1.4709874391555786,-53.8054313659668,86.74962615966797,2.952948570251465,-78.64554595947266,118.42967987060547,Go,Stepping
1780509944.4884005,21980.4741873,-2.5930275917053223,-79.55730438232422,121.62635803222656,1.3941495418548584,-54.00018310546875,86.5987548828125,-1.3940900564193726,-54.01338195800781,86.59246063232422,2.59737229347229,-79.39273834228516,121.6960220336914,Go,Stepping
1780509944.5083852,21980.493988383,-2.107914447784424,-79.01736450195312,124.03428649902344,1.319431185722351,-54.27741622924805,86.50140380859375,-1.3194527626037598,-54.264442443847656,86.50772857666016,2.1076881885528564,-79.03526306152344,124.0279312133789,Go,Stepping
1780509944.5283916,21980.514396366,-1.5653573274612427,-77.03453063964844,124.68649291992188,1.2484742403030396,-54.5973014831543,86.47552490234375,-1.2484208345413208,-54.55967330932617,86.49504089355469,1.5656284093856812,-77.25224304199219,124.62222290039062,Go,Stepping
1780509944.5484526,21980.534277097,-1.0299021005630493,-71.6332778930664,119.88298797607422,1.1791397333145142,-54.95909118652344,86.51847076416016,-1.1788761615753174,-54.8983154296875,86.55327606201172,1.0349457263946533,-71.9962387084961,119.79000854492188,Go,Stepping
1780509944.5683417,21980.555846671,-0.7245391607284546,-61.82069778442383,105.49195861816406,1.1075711250305176,-55.35995101928711,86.62501525878906,-1.106958031654358,-55.276885986328125,86.67891693115234,0.7328997254371643,-62.169822692871094,105.3991928100586,Go,Stepping
1780509944.588327,21980.575098772,-0.7765076160430908,-53.31100845336914,89.73124694824219,1.031137228012085,-55.8001594543457,86.78870391845703,-1.0300253629684448,-55.69538116455078,86.866943359375,0.7822492718696594,-53.4807243347168,89.55045318603516,Go,Stepping
1780509944.608339,21980.595046747,-0.8489757180213928,-53.32947540283203,89.18174743652344,0.9595121145248413,-56.266998291015625,86.99604034423828,-0.9577685594558716,-56.14475631713867,87.10249328613281,0.8528663516044617,-53.48965072631836,89.04586791992188,Go,Stepping
1780509944.6283398,21980.614603842,-0.9186554551124573,-53.362281799316406,88.6580810546875,0.8852868676185608,-56.75810623168945,87.23806762695312,-0.8827502727508545,-56.62040710449219,87.37822723388672,0.9215968251228333,-53.504966735839844,88.55066680908203,Go,Stepping
1780509944.6483276,21980.63427028,-0.993216872215271,-53.411922454833984,88.16477966308594,0.816363513469696,-57.26284408569336,87.50030517578125,-0.8129157423973083,-57.114315032958984,87.67790222167969,0.9953137636184692,-53.53364181518555,88.08308410644531,Go,Stepping
1780509944.6684432,21980.654098345,-1.0664316415786743,-53.48585891723633,87.7162094116211,0.6956458687782288,-61.09508514404297,92.4072494506836,-0.6896604895591736,-60.85090637207031,92.56587219238281,1.0678390264511108,-53.58534240722656,87.65643310546875,Go,Stepping
1780509944.6883109,21980.674278354,-1.1410671472549438,-53.58978271484375,87.32286834716797,0.7151431441307068,-71.73303985595703,107.2640609741211,-0.7049499154090881,-71.41089630126953,107.45790100097656,1.1419156789779663,-53.664955139160156,87.28179168701172,Go,Stepping
1780509944.7083843,21980.694152383,-1.2110639810562134,-53.73069381713867,86.99198150634766,0.9211385250091553,-78.10098266601562,116.3308334350586,-0.9091958403587341,-77.7701187133789,116.51376342773438,1.211502194404602,-53.78199005126953,86.96605682373047,Go,Stepping
1780509944.7284224,21980.714692046,-1.283380150794983,-53.910831451416016,86.73039245605469,1.352289080619812,-79.81104278564453,120.54798126220703,-1.3448363542556763,-79.57351684570312,120.6627197265625,1.283530831336975,-53.936668395996094,86.71788787841797,Go,Stepping
1780509944.7483888,21980.734232103,-1.3564246892929077,-54.133365631103516,86.54102325439453,1.9109174013137817,-79.49224090576172,123.0533218383789,-1.9093981981277466,-79.4148941040039,123.0844955444336,1.3564246892929077,-54.13335037231445,86.54102325439453,Go,Stepping
1780509944.768388,21980.754584288,-1.4310742616653442,-54.39926528930664,86.42438507080078,2.5009915828704834,-78.16840362548828,124.56475830078125,-2.5016682147979736,-78.28816223144531,124.5254898071289,1.4310742616653442,-54.37343978881836,86.43732452392578,Go,Stepping
1780509944.7883964,21980.774935754,-1.507078766822815,-54.71062469482422,86.37744903564453,2.9168527126312256,-74.52413177490234,122.81082916259766,-2.914429187774658,-74.83501434326172,122.72799682617188,1.507244348526001,-54.65982437133789,86.40489959716797,Go,Stepping
1780509944.8083787,21980.79469167,-1.582503318786621,-55.06018829345703,86.39920043945312,2.7920899391174316,-66.8053207397461,113.35807800292969,-2.7846121788024902,-67.18470001220703,113.26739501953125,1.583022117614746,-54.98660659790039,86.44352722167969,Go,Stepping
1780509944.828395,21980.814664993,-1.6579047441482544,-55.45701217651367,86.47598266601562,2.217437744140625,-55.939388275146484,95.24663543701172,-2.209528923034668,-56.22585678100586,95.16758728027344,1.658973217010498,-55.36328125,86.54069519042969,Go,Stepping
1780509944.8483791,21980.834295015,-1.7344677448272705,-55.883846282958984,86.60443115234375,1.9393459558486938,-53.05865478515625,89.06755828857422,-1.9322115182876587,-53.21352005004883,88.90983581542969,1.7363249063491821,-55.77272415161133,86.6941146850586,Go,Stepping
1780509944.8683834,21980.853918675,-1.8156934976577759,-56.333126068115234,86.77347564697266,1.8599439859390259,-53.11283493041992,88.5755615234375,-1.855188012123108,-53.25895690917969,88.45709991455078,1.8186047077178955,-56.206417083740234,86.89373016357422,Go,Stepping
1780509944.888375,21980.874318078,-1.899293303489685,-56.79616165161133,86.97372436523438,1.7817449569702148,-53.19094467163086,88.11392974853516,-1.7783457040786743,-53.32023620605469,88.0218505859375,1.9035286903381348,-56.656410217285156,87.12966918945312,Go,Stepping
1780509944.9083998,21980.894061714,-1.9872397184371948,-57.58684158325195,87.69432830810547,1.7001399993896484,-53.288055419921875,87.69420623779297,-1.6978797912597656,-53.39694595336914,87.6255874633789,1.9917514324188232,-57.39231872558594,87.81611633300781,Go,Stepping
1780509944.9283917,21980.914513915,-2.459203004837036,-66.24507141113281,99.60795593261719,1.6196693181991577,-53.413536071777344,87.32467651367188,-1.6182928085327148,-53.49994659423828,87.27583312988281,2.4668257236480713,-65.96183013916016,99.7793197631836,Go,Stepping
1780509944.9483783,21980.935441757,-2.899487018585205,-75.18778228759766,112.0133056640625,1.5438859462738037,-53.570579528808594,87.0138931274414,-1.5431431531906128,-53.63398742675781,86.981201171875,2.9114279747009277,-74.85386657714844,112.19781494140625,Go,Stepping
1780509944.968378,21980.955150225,-2.918822765350342,-78.96405029296875,118.28250885009766,1.4683977365493774,-53.76429748535156,86.7708969116211,-1.468091368675232,-53.803001403808594,86.7520980834961,2.9291484355926514,-78.67385864257812,118.4259033203125,Go,Stepping
1780509944.988404,21980.974158238,-2.5866470336914062,-79.56620025634766,121.62498474121094,1.3936597108840942,-53.999691009521484,86.5992202758789,-1.3935996294021606,-54.01272201538086,86.593017578125,2.5909626483917236,-79.40377807617188,121.69380950927734,Go,Stepping
1780509945.0084722,21980.99417016,-2.107381820678711,-79.01595306396484,124.03596496582031,1.319260597229004,-54.278167724609375,86.50115203857422,-1.3192789554595947,-54.26513671875,86.50749969482422,2.1071505546569824,-79.03404235839844,124.029541015625,Go,Stepping
1780509945.0284054,21981.013911773,-1.549477458000183,-77.026123046875,124.6934814453125,1.2455488443374634,-54.59988784790039,86.47566986083984,-1.2454923391342163,-54.56124496459961,86.49571228027344,1.5497581958770752,-77.249755859375,124.62751007080078,Go,Stepping
1780509945.0483942,21981.034158723,-1.0027188062667847,-71.6247787475586,119.89494323730469,1.1739447116851807,-54.96269989013672,86.5190200805664,-1.1736713647842407,-54.900150299072266,86.5548095703125,1.0079209804534912,-71.9983901977539,119.79934692382812,Go,Stepping
1780509945.0683916,21981.054239984,-0.7122963070869446,-61.74117660522461,105.44376373291016,1.103968620300293,-55.373023986816406,86.62060546875,-1.1033432483673096,-55.288780212402344,86.67529296875,0.720781147480011,-62.09506607055664,105.35029602050781,Go,Stepping
1780509945.0883377,21981.074086395,-0.7820379137992859,-53.2869873046875,89.73704528808594,1.034132719039917,-55.81114959716797,86.7811050415039,-1.0330166816711426,-55.70754623413086,86.85904693603516,0.7877813577651978,-53.45409393310547,89.55599212646484,Go,Stepping
1780509945.1083405,21981.093727795,-0.8585183024406433,-53.30504608154297,89.18667602539062,0.9669726490974426,-56.28070831298828,86.98399353027344,-0.965248167514801,-56.1612663269043,87.08939361572266,0.862363338470459,-53.46134567260742,89.05157470703125,Go,Stepping
1780509945.1283858,21981.114272238,-0.9280050992965698,-53.32915115356445,88.66650390625,0.8954246640205383,-56.785457611083984,87.2159194946289,-0.8929207921028137,-56.65174865722656,87.35486602783203,0.9309099316596985,-53.468162536621094,88.5600814819336,Go,Stepping
1780509945.1483378,21981.135589315,-0.9974073171615601,-53.38752746582031,88.17279815673828,0.8228188753128052,-57.292327880859375,87.47740936279297,-0.8193461298942566,-57.14707565307617,87.65530395507812,0.9995231032371521,-53.50743865966797,88.09130096435547,Go,Stepping
1780509945.1683965,21981.153824156,-1.067043662071228,-53.46622085571289,87.72418975830078,0.697462260723114,-61.13138961791992,92.36885070800781,-0.6913843750953674,-60.88841247558594,92.52775573730469,1.0684728622436523,-53.56537628173828,87.66432189941406,Go,Stepping
1780509945.1883955,21981.173849102,-1.137127161026001,-53.57863998413086,87.32844543457031,0.6965515613555908,-71.81964111328125,107.28260040283203,-0.6859632730484009,-71.49187469482422,107.48096466064453,1.1380059719085693,-53.655189514160156,87.28668212890625,Go,Stepping
1780509945.2083876,21981.194276469,-1.2093088626861572,-53.723690032958984,86.9959945678711,0.9091588854789734,-78.14698791503906,116.3055419921875,-0.8968861103057861,-77.81272888183594,116.49129486083984,1.2097560167312622,-53.775611877441406,86.96977233886719,Go,Stepping
1780509945.2284489,21981.213981939,-1.282855749130249,-53.908267974853516,86.73185729980469,1.347332239151001,-79.835693359375,120.5369644165039,-1.3397186994552612,-79.59666442871094,120.65275573730469,1.2830097675323486,-53.934288024902344,86.71924591064453,Go,Stepping
1780509945.2483957,21981.237848167,-1.3563812971115112,-54.13322448730469,86.5411148071289,1.9087309837341309,-79.49946594238281,123.05009460449219,-1.9071823358535767,-79.42137145996094,123.08158111572266,1.3563812971115112,-54.13322448730469,86.54109954833984,Go,Stepping
1780509945.2684462,21981.253962358,-1.4313468933105469,-54.40084457397461,86.42340087890625,2.502047538757324,-78.16098022460938,124.56676483154297,-2.502734422683716,-78.28114318847656,124.52739715576172,1.4313468933105469,-54.37492752075195,86.43638610839844,Go,Stepping
1780509945.2884412,21981.274071031,-1.5053786039352417,-54.710453033447266,86.37823486328125,2.9076170921325684,-74.5320816040039,122.81680297851562,-2.9052069187164307,-74.83942413330078,122.73492431640625,1.5055443048477173,-54.66023254394531,86.40538024902344,Go,Stepping
1780509945.3084037,21981.294373389,-1.5798190832138062,-55.06048583984375,86.40027618408203,2.7804791927337646,-66.8125991821289,113.36810302734375,-2.773098945617676,-67.18756103515625,113.27850341796875,1.5803349018096924,-54.987815856933594,86.44410705566406,Go,Stepping
1780509945.328454,21981.31414422,-1.6556321382522583,-55.44791030883789,86.48210906982422,2.2119505405426025,-55.9727783203125,95.24954986572266,-2.2040977478027344,-56.25700378417969,95.17076110839844,1.6566944122314453,-55.35490417480469,86.54634094238281,Go,Stepping
1780509945.3483438,21981.334500774,-1.7303645610809326,-55.866722106933594,86.61653137207031,1.9331343173980713,-53.09029769897461,89.05953979492188,-1.9261285066604614,-53.243167877197266,88.90304565429688,1.7321900129318237,-55.75675964355469,86.70511627197266,Go,Stepping
1780509945.3683472,21981.354075752,-1.8068355321884155,-56.31222915649414,86.791015625,1.850249171257019,-53.14273452758789,88.56914520263672,-1.8456426858901978,-53.28563690185547,88.45244598388672,1.8096555471420288,-56.1879997253418,86.90887451171875,Go,Stepping
1780509945.3883872,21981.374133387,-1.8843134641647339,-56.777225494384766,86.99378967285156,1.7699854373931885,-53.21286392211914,88.1111831665039,-1.766716718673706,-53.33812713623047,88.02104949951172,1.8883813619613647,-56.641719818115234,87.14574432373047,Go,Stepping
1780509945.4083943,21981.394037469,-1.9706844091415405,-57.56666946411133,87.71632385253906,1.6909513473510742,-53.30471420288086,87.69193267822266,-1.6887710094451904,-53.410400390625,87.62474060058594,1.9750192165374756,-57.377288818359375,87.83452606201172,Go,Stepping
1780509945.4284093,21981.413923252,-2.4387874603271484,-66.21624755859375,99.62550354003906,1.6138255596160889,-53.42393493652344,87.32319641113281,-1.6124917268753052,-53.5083122253418,87.2752914428711,2.446152448654175,-65.93911743164062,99.79265594482422,Go,Stepping
1780509945.448397,21981.433760337,-2.8693010807037354,-75.1659164428711,112.03325653076172,1.5386487245559692,-53.57664108276367,87.01386260986328,-1.5379348993301392,-53.638206481933594,86.98198699951172,2.880795955657959,-74.8411636352539,112.21232604980469,Go,Stepping
1780509945.468395,21981.454256937,-2.888549327850342,-78.94898986816406,118.30189514160156,1.464682936668396,-53.76797866821289,86.77107238769531,-1.4643863439559937,-53.80535125732422,86.75283813476562,2.898465156555176,-78.66824340820312,118.44038391113281,Go,Stepping
1780509945.488587,21981.474867149,-2.567382574081421,-79.55892944335938,121.6495361328125,1.391963005065918,-54.00218963623047,86.59857940673828,-1.3919063806533813,-54.014625549316406,86.5926513671875,2.5714943408966064,-79.40296936035156,121.71553039550781,Go,Stepping
1780509945.508403,21981.495119544,-2.110295057296753,-79.0174560546875,124.0329818725586,1.3210848569869995,-54.276756286621094,86.50090789794922,-1.3211033344268799,-54.26435470581055,86.5069580078125,2.110078811645508,-79.03450775146484,124.02691650390625,Go,Stepping
1780509945.5283954,21981.514108194,-1.5764976739883423,-77.03486633300781,124.68379974365234,1.2505204677581787,-54.596519470214844,86.47486114501953,-1.25046706199646,-54.559600830078125,86.49402618408203,1.5767587423324585,-77.24845123291016,124.6207504272461,Go,Stepping
1780509945.5484147,21981.533900764,-1.0388977527618408,-71.63274383544922,119.88126373291016,1.180859923362732,-54.95858383178711,86.51788330078125,-1.180595874786377,-54.89841079711914,86.5523681640625,1.0438871383666992,-71.99221801757812,119.7892074584961,Go,Stepping
1780509945.5684114,21981.554266249,-0.7341857552528381,-61.7863883972168,105.43328857421875,1.1102091073989868,-55.360313415527344,86.62451934814453,-1.1096023321151733,-55.278167724609375,86.67794799804688,0.7424480319023132,-62.13130187988281,105.34162902832031,Go,Stepping
1780509945.5883608,21981.576743287,-0.7922381162643433,-53.29952621459961,89.7286605834961,1.039826512336731,-55.802127838134766,86.7833480834961,-1.0387436151504517,-55.7003288269043,86.85993957519531,0.7977971434593201,-53.46331024169922,89.54998016357422,Go,Stepping
1780509945.608409,21981.594732985,-0.864300549030304,-53.32148742675781,89.17849731445312,0.9714476466178894,-56.26752853393555,86.98983001708984,-0.9697544574737549,-56.14944076538086,87.09406280517578,0.8680723905563354,-53.475685119628906,89.04438018798828,Go,Stepping
1780509945.6283555,21981.613623625,-0.9347231984138489,-53.35599899291992,88.65373229980469,0.9026244282722473,-56.756893157958984,87.23039245605469,-0.9001895785331726,-56.62517166137695,87.36720275878906,0.9375530481338501,-53.492576599121094,88.54840087890625,Go,Stepping
1780509945.6483626,21981.633763426,-1.0052273273468018,-53.40768814086914,88.16117095947266,0.8343728184700012,-57.261173248291016,87.49290466308594,-0.8310468792915344,-57.11888122558594,87.66697692871094,1.0072546005249023,-53.52488708496094,88.08113861083984,Go,Stepping
1780509945.6683934,21981.653963273,-1.0756418704986572,-53.47370910644531,87.71710205078125,0.718998372554779,-61.10934066772461,92.38119506835938,-0.7131861448287964,-60.87321853637695,92.53519439697266,1.0770033597946167,-53.56983184814453,87.65872955322266,Go,Stepping
1780509945.6884525,21981.676671102,-1.145210862159729,-53.582244873046875,87.32321166992188,0.7333030700683594,-71.79051971435547,107.28681945800781,-0.723175585269928,-71.47459411621094,107.4776382446289,1.1460492610931396,-53.65587615966797,87.28275299072266,Go,Stepping
1780509945.708414,21981.69412977,-1.2143218517303467,-53.72675704956055,86.99224090576172,0.9439059495925903,-78.11468505859375,116.31291961669922,-0.9321070313453674,-77.79166412353516,116.49203491210938,1.2147499322891235,-53.77687454223633,86.96682739257812,Go,Stepping
1780509945.7284033,21981.714016538,-1.2851778268814087,-53.90921401977539,86.73031616210938,1.369770884513855,-79.81751251220703,120.53781127929688,-1.3624467849731445,-79.58605194091797,120.64981079101562,1.2853224277496338,-53.93440246582031,86.71809387207031,Go,Stepping
1780509945.7484562,21981.73406867,-1.3564218282699585,-54.133365631103516,86.54102325439453,1.9174233675003052,-79.49356842041016,123.0503921508789,-1.9159380197525024,-79.41851043701172,123.08065795898438,1.3564218282699585,-54.13335037231445,86.54102325439453,Go,Stepping
1780509945.768442,21981.753853995,-1.4291133880615234,-54.401283264160156,86.42430877685547,2.492182970046997,-78.16339111328125,124.56957244873047,-2.492844581604004,-78.27996826171875,124.53137969970703,1.4291133880615234,-54.37614059448242,86.43689727783203,Go,Stepping
1780509945.788417,21981.774053946,-1.5023330450057983,-54.71135711669922,86.37931823730469,2.890681743621826,-74.53372192382812,122.82133483886719,-2.888319492340088,-74.8348159790039,122.74115753173828,1.5024958848953247,-54.66218948364258,86.40592956542969,Go,Stepping
1780509945.808426,21981.794204003,-1.5781927108764648,-55.06217956542969,86.40044403076172,2.772507667541504,-66.79965209960938,113.35789489746094,-2.765169382095337,-67.171875,113.26902770996094,1.5787023305892944,-54.99006652832031,86.4439926147461,Go,Stepping
1780509945.828472,21981.814252094,-1.6540015935897827,-55.44868850708008,86.482666015625,2.2073967456817627,-55.96839904785156,95.24283599853516,-2.1995744705200195,-56.250999450683594,95.16450500488281,1.65506112575531,-55.35624694824219,86.54662322998047,Go,Stepping
1780509945.848358,21981.833835923,-1.729462742805481,-55.879783630371094,86.60941314697266,1.9317224025726318,-53.06856155395508,89.06727600097656,-1.9247303009033203,-53.22108840942383,88.9111557006836,1.731282353401184,-55.770206451416016,86.69794464111328,Go,Stepping
1780509945.8684044,21981.854815739,-1.8065247535705566,-56.333866119384766,86.7777099609375,1.8499855995178223,-53.116146087646484,88.57904815673828,-1.8453285694122314,-53.258766174316406,88.4620361328125,1.8093754053115845,-56.2100944519043,86.89604187011719,Go,Stepping
1780509945.8883498,21981.873865891,-1.8907716274261475,-56.79685592651367,86.97760009765625,1.7750823497772217,-53.193199157714844,88.1163101196289,-1.771728754043579,-53.320091247558594,88.02508544921875,1.8949460983276367,-56.65987014770508,87.13185119628906,Go,Stepping
1780509945.9083977,21981.893933713,-1.979879379272461,-57.58272171020508,87.70096588134766,1.696134328842163,-53.29225158691406,87.69458770751953,-1.693899393081665,-53.39969253540039,87.62650299072266,1.9843379259109497,-57.3905143737793,87.82122039794922,Go,Stepping
1780509945.928417,21981.914526736,-2.4526126384735107,-66.24092864990234,99.60953521728516,1.6177966594696045,-53.41504669189453,87.32496643066406,-1.6164298057556152,-53.50081253051758,87.27642822265625,2.4601638317108154,-65.959716796875,99.77963256835938,Go,Stepping
1780509945.9484043,21981.934606235,-2.87919545173645,-75.18443298339844,112.01921081542969,1.5403822660446167,-53.57231903076172,87.0149154663086,-1.5396556854248047,-53.63447570800781,86.98274230957031,2.890894651412964,-74.85682678222656,112.2001953125,Go,Stepping
1780509945.9684103,21981.95396903,-2.896237373352051,-78.97579956054688,118.28666687011719,1.465613603591919,-53.764041900634766,86.77232360839844,-1.4653136730194092,-53.8017692565918,86.75396728515625,2.906299114227295,-78.69288635253906,118.42659759521484,Go,Stepping
1780509945.9884121,21981.976299786,-2.5707461833953857,-79.5813980102539,121.62440490722656,1.3924463987350464,-53.99899673461914,86.60013580322266,-1.3923864364624023,-54.011600494384766,86.59412384033203,2.5749337673187256,-79.42431640625,121.69104766845703,Go,Stepping
1780509946.008475,21981.994108599,-2.1092166900634766,-79.01451873779297,124.03508758544922,1.3204364776611328,-54.278926849365234,86.50017547607422,-1.3204548358917236,-54.26630401611328,86.5063247680664,2.10899019241333,-79.03196716308594,124.02890014648438,Go,Stepping
1780509946.0284169,21982.013885975,-1.5669143199920654,-76.99893951416016,124.6968002319336,1.248757004737854,-54.60338592529297,86.47223663330078,-1.2487034797668457,-54.565860748291016,86.49172973632812,1.5671899318695068,-77.21625518798828,124.63288116455078,Go,Stepping
1780509946.0484233,21982.033707848,-1.0246869325637817,-71.57862854003906,119.8980484008789,1.1781535148620605,-54.968772888183594,86.5137710571289,-1.1778836250305176,-54.90770721435547,86.54883575439453,1.029839038848877,-71.94401550292969,119.80508422851562,Go,Stepping
1780509946.0684135,21982.054701359,-0.7261580228805542,-61.751800537109375,105.44890594482422,1.1079541444778442,-55.370262145996094,86.6199722290039,-1.107332706451416,-55.287418365478516,86.6739730834961,0.7346249222755432,-62.100181579589844,105.35680389404297,Go,Stepping
1780509946.0883975,21982.074068092,-0.7865668535232544,-53.29133224487305,89.7340316772461,1.0366790294647217,-55.80779266357422,86.78166198730469,-1.0355725288391113,-55.705039978027344,86.85906219482422,0.7922531962394714,-53.45669174194336,89.5536117553711,Go,Stepping
1780509946.1084416,21982.093938865,-0.8537710905075073,-53.3143310546875,89.18324279785156,0.9627161622047424,-56.27825164794922,86.98975372314453,-0.9609748125076294,-56.1573371887207,87.09593200683594,0.8576515913009644,-53.47243881225586,89.047607421875,Go,Stepping
1780509946.1283543,21982.113901197,-0.9297509789466858,-53.3525505065918,88.65725708007812,0.8973211050033569,-56.76220703125,87.22928619384766,-0.8948390483856201,-56.62883377075195,87.36744689941406,0.9326292276382446,-53.490928649902344,88.55111694335938,Go,Stepping
1780509946.1484008,21982.134043631,-1.0004947185516357,-53.39836120605469,88.16696166992188,0.8273417949676514,-57.2762451171875,87.48632049560547,-0.8239530920982361,-57.131805419921875,87.66216278076172,1.002560019493103,-53.51731491088867,88.08622741699219,Go,Stepping
1780509946.1684113,21982.153859123,-1.071692705154419,-53.47063064575195,87.7200698852539,0.7089793086051941,-61.123477935791016,92.38257598876953,-0.7030436396598816,-60.884124755859375,92.53886413574219,1.0730849504470825,-53.56814193725586,87.6609878540039,Go,Stepping
1780509946.1884205,21982.17422763,-1.1434485912322998,-53.57493591308594,87.32713317871094,0.7253412008285522,-71.82122802734375,107.2680892944336,-0.7150956988334656,-71.50304412841797,107.4609603881836,1.1442962884902954,-53.64921951293945,87.2863998413086,Go,Stepping
1780509946.2084215,21982.19388167,-1.2141473293304443,-53.72248077392578,86.99417877197266,0.9427310824394226,-78.14312744140625,116.30001068115234,-0.9308071732521057,-77.82000732421875,116.47972869873047,1.214582085609436,-53.77265548706055,86.96871185302734,Go,Stepping
1780509946.2284186,21982.213797795,-1.2850779294967651,-53.90721893310547,86.7312240600586,1.3687580823898315,-79.83709716796875,120.53042602539062,-1.3613574504852295,-79.60543060302734,120.64274597167969,1.285225510597229,-53.93244171142578,86.718994140625,Go,Stepping
1780509946.248426,21982.234154377,-1.3564307689666748,-54.133384704589844,86.54100799560547,1.9175934791564941,-79.5046615600586,123.04610443115234,-1.916098713874817,-79.42970275878906,123.07637023925781,1.3564307689666748,-54.13337707519531,86.54100799560547,Go,Stepping
1780509946.2684104,21982.254381934,-1.4292933940887451,-54.403465270996094,86.42316436767578,2.4930620193481445,-78.15263366699219,124.5727310180664,-2.4937334060668945,-78.26956939697266,124.53446960449219,1.4292933940887451,-54.378257751464844,86.43578338623047,Go,Stepping
1780509946.2884192,21982.274212818,-1.5037611722946167,-54.71530532836914,86.37651062011719,2.898646593093872,-74.50621032714844,122.82630920410156,-2.8962366580963135,-74.81045532226562,122.74552917480469,1.5039268732070923,-54.6656608581543,86.40339660644531,Go,Stepping
1780509946.308421,21982.294190347,-1.5806009769439697,-55.065433502197266,86.39728546142578,2.7836222648620605,-66.78208923339844,113.36603546142578,-2.7761406898498535,-67.15859985351562,113.27641296386719,1.5811198949813843,-54.992530822753906,86.44132995605469,Go,Stepping
1780509946.328429,21982.313992242,-1.6575113534927368,-55.45273971557617,86.47852325439453,2.2165298461914062,-55.953277587890625,95.24510955810547,-2.2085742950439453,-56.23935317993164,95.16602325439453,1.6585873365402222,-55.359153747558594,86.54319763183594,Go,Stepping
1780509946.3483572,21982.333901819,-1.7367161512374878,-55.87261199951172,86.60987854003906,1.942764163017273,-53.07624053955078,89.0599136352539,-1.9356210231781006,-53.232460021972656,88.9019546508789,1.7385783195495605,-55.760623931884766,86.6998291015625,Go,Stepping
1780509946.3685443,21982.354643622,-1.8159821033477783,-56.31753158569336,86.78286743164062,1.8602749109268188,-53.13168716430664,88.56865692138672,-1.8555583953857422,-53.278099060058594,88.45047760009766,1.8188698291778564,-56.19043731689453,86.90274047851562,Go,Stepping
1780509946.38835,21982.373812051,-1.8979562520980835,-56.78064727783203,86.9842300415039,1.7807509899139404,-53.20486831665039,88.10929107666016,-1.7773958444595337,-53.333953857421875,88.01761627197266,1.9021340608596802,-56.64086151123047,87.13916778564453,Go,Stepping
1780509946.4084475,21982.393895894,-1.9919145107269287,-57.57188034057617,87.70159149169922,1.7024091482162476,-53.29715347290039,87.68896484375,-1.700157642364502,-53.406944274902344,87.62014770507812,1.99642014503479,-57.3757209777832,87.82415008544922,Go,Stepping
1780509946.4284132,21982.413950661,-2.463258743286133,-66.22077941894531,99.6125259399414,1.6209241151809692,-53.41948318481445,87.32170104980469,-1.6195521354675293,-53.506378173828125,87.27274322509766,2.4708595275878906,-65.93599700927734,99.7844009399414,Go,Stepping
1780509946.4484148,21982.435187033,-2.8929436206817627,-75.15042877197266,112.02887725830078,1.5428156852722168,-53.577510833740234,87.01158905029297,-1.54208242893219,-53.640533447265625,86.97904968261719,2.9047253131866455,-74.818115234375,112.21185302734375,Go,Stepping
1780509946.4684615,21982.454086058,-2.9082517623901367,-78.92334747314453,118.306640625,1.4671039581298828,-53.77031707763672,86.76885986328125,-1.466804027557373,-53.80855178833008,86.750244140625,2.91835355758667,-78.63611602783203,118.4479751586914,Go,Stepping
1780509946.488474,21982.474212842,-2.580984592437744,-79.3844223022461,121.70584869384766,1.3932284116744995,-54.01447677612305,86.59246063232422,-1.3931684494018555,-54.02735137939453,86.58631134033203,2.585186004638672,-79.22296142578125,121.77301025390625,Go,Stepping
1780509946.508459,21982.496255341,-2.108017683029175,-79.05472564697266,124.02079772949219,1.319514513015747,-54.2503776550293,86.51460266113281,-1.319533348083496,-54.23741912841797,86.5208969116211,2.107815742492676,-79.07256317138672,124.01443481445312,Go,Stepping
1780509946.528414,21982.515577594,-1.5522043704986572,-77.61943054199219,124.51529693603516,1.246026873588562,-54.49633026123047,86.52794647216797,-1.245982050895691,-54.45766067504883,86.547607421875,1.5524159669876099,-77.83883666992188,124.44634246826172,Go,Stepping
1780509946.548427,21982.533977503,-0.995471715927124,-73.03386688232422,119.5216064453125,1.17238187789917,-54.71904754638672,86.64725494384766,-1.1721843481063843,-54.65495681762695,86.68177032470703,0.999251663684845,-73.39872741699219,119.41159057617188,Go,Stepping
1780509946.5684714,21982.554361509,-0.7069317102432251,-63.65036392211914,104.91175079345703,1.1018834114074707,-54.88680648803711,86.88188171386719,-1.1015057563781738,-54.7984733581543,86.93169403076172,0.7120614647865295,-63.990604400634766,104.79460906982422,Go,Stepping
1780509946.5884094,21982.576295656,-0.779011070728302,-54.585933685302734,89.2322006225586,1.0313793420791626,-55.14310836791992,87.1511459350586,-1.030890941619873,-55.03041458129883,87.21674346923828,0.781520664691925,-54.779457092285156,89.09552764892578,Go,Stepping
1780509946.608365,21982.594270501,-0.8470439314842224,-54.627681732177734,88.66218566894531,0.9565752744674683,-55.32927322387695,87.5262451171875,-0.9550857543945312,-55.190853118896484,87.60972595214844,0.8475743532180786,-54.80387878417969,88.55310821533203,Go,Stepping
1780509946.6283574,21982.61454286,-0.8902571201324463,-54.30689239501953,88.201904296875,0.8524441123008728,-55.74705123901367,87.75318145751953,-0.9224117994308472,-55.5703125,87.82815551757812,0.9562385678291321,-54.447593688964844,88.09561920166016,Go,Stepping
1780509946.648363,21982.633893688,-0.9740079045295715,-54.245994567871094,87.76811981201172,0.7851994037628174,-56.035186767578125,88.148193359375,-0.8502166271209717,-55.84012985229492,88.24989318847656,1.0185906887054443,-54.363887786865234,87.68296813964844,Go,Stepping
1780509946.6684113,21982.653914954,-1.0671007633209229,-54.31460952758789,87.35264587402344,0.6942120790481567,-59.12687301635742,93.51696014404297,-0.694119393825531,-58.86045837402344,93.64454650878906,1.0683283805847168,-54.416690826416016,87.29841613769531,Go,Stepping
1780509946.6884727,21982.674603004,-1.1414073705673218,-54.20325469970703,87.05961608886719,0.7095485329627991,-69.167236328125,108.65821838378906,-0.6662279367446899,-68.80989074707031,108.82784271240234,1.1325653791427612,-54.283790588378906,87.02442169189453,Go,Stepping
1780509946.7084696,21982.694229278,-1.2145252227783203,-54.13078689575195,86.81522369384766,0.9388078451156616,-75.49222564697266,117.57245635986328,-0.8758742213249207,-75.13668823242188,117.73942565917969,1.2059847116470337,-54.184783935546875,86.79315185546875,Go,Stepping
1780509946.7284477,21982.71450047,-1.2987406253814697,-54.05764389038086,86.66154479980469,1.4980131387710571,-78.4185562133789,121.11869049072266,-1.1986010074615479,-78.2324447631836,121.30316162109375,1.2683366537094116,-54.09025573730469,86.66046905517578,Go,Stepping
1780509946.7484636,21982.733870555,-1.3564027547836304,-54.1333122253418,86.54105377197266,2.117156982421875,-79.26245880126953,123.06694793701172,-1.706115961074829,-79.27677917480469,123.21224975585938,1.3564152717590332,-54.133304595947266,86.54105377197266,Go,Stepping
1780509946.7684195,21982.754004891,-1.3380132913589478,-54.39163589477539,86.49301147460938,2.0852253437042236,-78.4346694946289,124.62723541259766,-2.906212091445923,-78.36665344238281,124.35002899169922,1.5221757888793945,-54.32473373413086,86.43634033203125,Go,Stepping
1780509946.7884107,21982.774027078,-1.1084504127502441,-54.924713134765625,86.5637435913086,0.6957641839981079,-74.49871826171875,123.57007598876953,-5.063741207122803,-73.85415649414062,122.15817260742188,1.8994609117507935,-54.6953010559082,86.2912826538086,Go,Stepping
1780509946.8084874,21982.795715885,-0.7148852348327637,-55.60053253173828,86.7744140625,-1.0769731998443604,-66.27589416503906,114.72267150878906,-6.530866622924805,-65.08475494384766,112.13224029541016,2.4429242610931396,-55.13227081298828,86.16377258300781,Go,Stepping
1780509946.8284168,21982.813635869,-0.3190354108810425,-56.298213958740234,87.068115234375,-1.2156983613967896,-55.50609588623047,96.62020111083984,-5.564177513122559,-54.34011459350586,94.02110290527344,2.9889256954193115,-55.59067153930664,86.1233901977539,Go,Stepping
1780509946.8484287,21982.833846299,0.4132254719734192,-57.163063049316406,87.47967529296875,-1.3191341161727905,-53.13043975830078,91.14368438720703,-5.152148723602295,-51.87986373901367,88.52623748779297,3.8683383464813232,-56.058929443359375,85.9525375366211,Go,Stepping
1780509946.8683681,21982.85385685,1.9131559133529663,-58.13182830810547,88.0773696899414,-2.1896040439605713,-53.30458068847656,90.76294708251953,-5.842024326324463,-51.694522857666016,87.58440399169922,5.497654438018799,-56.269676208496094,85.39618682861328,Go,Stepping
1780509946.8883574,21982.87398953,2.9171438217163086,-58.89742660522461,88.52351379394531,-1.9763715267181396,-53.437740325927734,90.05609893798828,-5.480889320373535,-51.932796478271484,87.13372802734375,6.635747909545898,-56.51679229736328,85.08553314208984,Go,Stepping
1780509946.9084334,21982.89392695,4.06477165222168,-59.513938903808594,88.8074951171875,-1.6466846466064453,-53.57268524169922,89.3359146118164,-5.003882884979248,-52.216400146484375,86.74404907226562,7.883626461029053,-56.416744232177734,84.29662322998047,Go,Stepping
1780509946.9284267,21982.914566577,8.914399147033691,-68.52911376953125,101.36328125,-1.6361467838287354,-53.89771270751953,88.66305541992188,-4.840249538421631,-52.5456657409668,86.15470886230469,13.273503303527832,-62.91547775268555,93.66294860839844,Go,Stepping
1780509946.948533,21982.933979814,11.388199806213379,-77.73290252685547,114.08635711669922,-0.8985601663589478,-53.98635482788086,87.97782897949219,-3.9639346599578857,-52.967308044433594,86.10572814941406,16.17205238342285,-70.73674774169922,105.40475463867188,Go,Stepping
1780509946.9684303,21982.953964557,10.815803527832031,-80.83714294433594,120.77008819580078,-0.17770080268383026,-54.137367248535156,87.3613052368164,-3.09759783744812,-53.443809509277344,86.10808563232422,15.607230186462402,-74.2399673461914,112.85337829589844,Go,Stepping
1780509946.9884222,21982.97412194,5.090675354003906,-80.67607879638672,123.47637939453125,0.8166771531105042,-54.15046310424805,86.80071258544922,-1.9666168689727783,-53.90660858154297,86.36333465576172,9.904898643493652,-77.02066802978516,119.14311218261719,Go,Stepping
1780509947.008435,21982.994291869,-2.8907716274261475,-78.88529205322266,123.79053497314453,1.8885629177093506,-54.113914489746094,86.30276489257812,-0.7513231039047241,-54.35398864746094,86.73270416259766,1.3240498304367065,-79.2538833618164,124.2276382446289,Go,Stepping
1780509947.0284781,21983.014350626,-10.221000671386719,-75.73867797851562,121.28140258789062,2.8958473205566406,-54.02971267700195,85.92388916015625,0.40558335185050964,-54.721134185791016,87.16283416748047,-7.4891862869262695,-79.6888198852539,126.07756805419922,Go,Stepping
1780509947.0484862,21983.034107404,-14.42736530303955,-69.79119873046875,113.6337661743164,3.865434408187866,-53.94332504272461,85.62525177001953,1.5303881168365479,-55.062530517578125,87.6319808959961,-13.213329315185547,-75.53778839111328,121.1563491821289,Go,Stepping
1780509947.0684345,21983.054041742,-13.33342456817627,-60.130165100097656,98.7051010131836,4.834870338439941,-53.882755279541016,85.36845397949219,2.660698890686035,-55.42142868041992,88.12680053710938,-12.456242561340332,-65.3758316040039,106.38948059082031,Go,Stepping
1780509947.0883586,21983.073834824,-9.139442443847656,-52.57611083984375,85.15000915527344,5.719795227050781,-53.77268600463867,85.216796875,3.709362268447876,-55.681068420410156,88.64632415771484,-7.749996662139893,-56.127071380615234,90.68663024902344,Go,Stepping
1780509947.1083663,21983.094057169,-8.064889907836914,-52.8310432434082,85.25203704833984,6.619605541229248,-53.69453811645508,85.07586669921875,4.7842206954956055,-55.96772003173828,89.16915130615234,-6.495536804199219,-55.96693801879883,90.13639068603516,Go,Stepping
1780509947.128372,21983.114132927,-7.067281723022461,-53.00817108154297,85.35887145996094,7.546369552612305,-53.63919448852539,84.92729187011719,5.886947154998779,-56.2787971496582,89.68305969238281,-5.315489292144775,-55.71908187866211,89.58361053466797,Go,Stepping
1780509947.148421,21983.134287715,-6.041561126708984,-53.22164535522461,85.46849060058594,8.40295696258545,-53.534976959228516,84.8369369506836,6.920407295227051,-56.49607849121094,90.18533325195312,-4.111888408660889,-55.48040771484375,88.9869155883789,Go,Stepping
1780509947.1684332,21983.154025648,-5.091579914093018,-53.3698844909668,85.60145568847656,10.742817878723145,-55.849281311035156,88.57170104980469,9.66738224029541,-59.71821975708008,95.43102264404297,-2.9977567195892334,-55.19535446166992,88.44676208496094,Go,Stepping
1780509947.1884372,21983.173654454,-4.141397953033447,-53.539955139160156,85.76737976074219,13.981759071350098,-64.66600799560547,102.66507720947266,13.240939140319824,-69.59785461425781,110.70486450195312,-1.8833379745483398,-54.91693878173828,87.91545867919922,Go,Stepping
1780509947.208494,21983.194371619,-3.205559253692627,-53.72267150878906,85.97401428222656,14.30210018157959,-70.90414428710938,112.1465072631836,13.2521333694458,-76.04069519042969,119.85801696777344,-0.7895503640174866,-54.64615249633789,87.4158935546875,Go,Stepping
1780509947.2284303,21983.214309038,-2.2783100605010986,-53.91707229614258,86.2327880859375,10.781715393066406,-74.94407653808594,118.03044128417969,8.495262145996094,-78.74600219726562,123.42633819580078,0.29011261463165283,-54.38096237182617,86.9580078125,Go,Stepping
1780509947.2484412,21983.234895556,-1.355881929397583,-54.133419036865234,86.54124450683594,4.901061534881592,-78.0572509765625,122.40523529052734,1.113208532333374,-79.31124114990234,124.12311553955078,1.3570048809051514,-54.13315963745117,86.54084014892578,Go,Stepping
1780509947.268433,21983.254769985,-0.43422746658325195,-54.375396728515625,86.8985824584961,-1.9832854270935059,-80.14801788330078,125.3161849975586,-6.850894451141357,-78.23307037353516,122.72234344482422,2.419865846633911,-53.90489196777344,86.16304016113281,Go,Stepping
1780509947.2884858,21983.27399322,0.5001042485237122,-54.64185333251953,87.30594635009766,-8.388192176818848,-79.0875015258789,124.21696472167969,-13.475987434387207,-74.33749389648438,117.50965118408203,3.492478847503662,-53.69058609008789,85.81886291503906,Go,Stepping
1780509947.308423,21983.294428695,1.442017912864685,-54.93356704711914,87.75285339355469,-10.773380279541016,-71.90971374511719,114.75056457519531,-15.415643692016602,-66.3724594116211,106.02883911132812,4.564364433288574,-53.49728012084961,85.50678253173828,Go,Stepping
1780509947.328363,21983.313850314,2.4326932430267334,-55.24492263793945,88.24203491210938,-8.3192720413208,-59.97845458984375,96.58647918701172,-12.276028633117676,-55.513816833496094,88.7380142211914,5.678277015686035,-53.301090240478516,85.20001983642578,Go,Stepping
1780509947.3483822,21983.33419267,3.4415781497955322,-55.57290267944336,88.75382995605469,-5.903691291809082,-56.099090576171875,90.13455963134766,-9.540851593017578,-52.798946380615234,84.18861389160156,6.807627201080322,-53.11184310913086,84.90245819091797,Go,Stepping
1780509947.3683794,21983.353739403,4.4138689041137695,-55.90193557739258,89.26406860351562,-4.905361652374268,-55.82255554199219,89.61915588378906,-8.433171272277832,-52.9649658203125,84.47203826904297,7.886910438537598,-52.94591522216797,84.63894653320312,Go,Stepping
1780509947.3883708,21983.374185978,5.388163089752197,-56.22484588623047,89.77334594726562,-3.914080858230591,-55.53553009033203,89.0856704711914,-7.325409889221191,-53.128746032714844,84.75125122070312,8.956506729125977,-52.77744674682617,84.37923431396484,Go,Stepping
1780509947.4084294,21983.394437167,6.402749061584473,-56.86788558959961,90.80508422851562,-2.9352645874023438,-55.247684478759766,88.56021881103516,-6.223702907562256,-53.28779220581055,85.03189086914062,10.055230140686035,-52.83827590942383,84.50222778320312,Go,Stepping
1780509947.4284394,21983.414825826,10.076994895935059,-64.84770965576172,103.40934753417969,-1.9694124460220337,-54.96736145019531,88.05377197265625,-5.136679172515869,-53.448909759521484,85.31973266601562,14.244776725769043,-59.05739212036133,94.86715698242188,Go,Stepping
1780509947.4485228,21983.434111707,12.08533763885498,-73.60587310791016,116.15643310546875,-1.0179996490478516,-54.70291519165039,87.57492065429688,-4.064667224884033,-53.61967468261719,85.62287902832031,16.704557418823242,-66.75880432128906,106.92850494384766,Go,Stepping
1780509947.4684482,21983.454287361,10.029623031616211,-77.90956115722656,121.99041748046875,-0.08432253450155258,-54.46147155761719,87.13688659667969,-2.9989819526672363,-53.80609130859375,85.95722961425781,14.884710311889648,-71.9337387084961,114.43701171875,Go,Stepping
1780509947.488443,21983.473932139,4.306169509887695,-79.25045013427734,123.86968994140625,0.8749819397926331,-54.23689270019531,86.72965240478516,-1.9063708782196045,-54.01873016357422,86.33695983886719,9.156123161315918,-76.02283477783203,119.96121978759766,Go,Stepping
1780509947.508429,21983.494025947,-2.8291525840759277,-79.02207946777344,123.76432800292969,1.84377121925354,-54.03441619873047,86.36100769042969,-0.7998012900352478,-54.25405502319336,86.7558822631836,1.39111328125,-79.36177825927734,124.16509246826172,Go,Stepping
1780509947.528432,21983.514024026,-9.875242233276367,-76.8299560546875,121.09326171875,2.8274636268615723,-53.853023529052734,86.02882385253906,0.3298807442188263,-54.51158142089844,87.21379852294922,-7.072883129119873,-80.6858901977539,125.66364288330078,Go,Stepping
1780509947.5484505,21983.534257718,-14.16230583190918,-71.11497497558594,113.35443878173828,3.80790114402771,-53.69621658325195,85.7389144897461,1.4626226425170898,-54.78458023071289,87.69843292236328,-12.863608360290527,-76.86908721923828,120.68046569824219,Go,Stepping
1780509947.5684295,21983.553949729,-13.19738483428955,-61.22300338745117,98.39141082763672,4.790096759796143,-53.559993743896484,85.48518371582031,2.6047348976135254,-55.06948471069336,88.20470428466797,-12.269282341003418,-66.4966049194336,105.96531677246094,Go,Stepping
1780509947.5884292,21983.57409099,-9.234471321105957,-52.9268913269043,84.68022918701172,5.778086185455322,-53.43912887573242,85.25956726074219,3.7506418228149414,-55.361907958984375,88.7222671508789,-7.819455146789551,-56.56414031982422,90.33023071289062,Go,Stepping
1780509947.608429,21983.59397961,-8.233183860778809,-53.045413970947266,84.86637115478516,6.754024982452393,-53.33546829223633,85.06232452392578,4.89766263961792,-55.65420150756836,89.24140167236328,-6.639855861663818,-56.272804260253906,89.8907699584961,Go,Stepping
1780509947.628394,21983.615524913,-7.299270153045654,-53.14363098144531,85.01155853271484,7.798688888549805,-53.21282958984375,84.83490753173828,6.120291709899902,-55.945594787597656,89.75984191894531,-5.52987003326416,-55.963890075683594,89.4134750366211,Go,Stepping
1780509947.64839,21983.634070121,-6.315336227416992,-53.2644157409668,85.1949462890625,8.807717323303223,-53.100284576416016,84.62467956542969,7.31557035446167,-56.21843338012695,90.24885559082031,-4.37608003616333,-55.64472579956055,88.91648864746094,Go,Stepping
1780509947.6684387,21983.653987339,-5.315782070159912,-53.39995193481445,85.40318298339844,11.290974617004395,-55.336204528808594,88.32792663574219,10.219817161560059,-59.4182243347168,95.56368255615234,-3.2151176929473877,-55.3231201171875,88.41273498535156,Go,Stepping
1780509947.6884592,21983.674049313,-4.338221073150635,-53.54560470581055,85.626220703125,14.806512832641602,-64.001953125,102.24083709716797,14.11901569366455,-69.23805236816406,110.79296112060547,-2.076575517654419,-55.008174896240234,87.91876220703125,Go,Stepping
1780509947.708451,21983.694991747,-3.3544821739196777,-53.714134216308594,85.88726806640625,15.238504409790039,-70.28997039794922,111.67257690429688,14.307637214660645,-75.7826919555664,119.93806457519531,-0.9405785799026489,-54.70382308959961,87.43963623046875,Go,Stepping
1780509947.7284446,21983.714724273,-2.3591318130493164,-53.910194396972656,86.19237518310547,11.515861511230469,-74.55878448486328,117.72791290283203,9.32572078704834,-78.66405487060547,123.55381774902344,0.2065412849187851,-54.41081619262695,86.97832489013672,Go,Stepping
1780509947.7485003,21983.734711886,-1.3558323383331299,-54.13343048095703,86.54127502441406,5.165325164794922,-77.95182037353516,122.32894134521484,1.400228500366211,-79.32337188720703,124.2020034790039,1.357057809829712,-54.13313674926758,86.54083251953125,Go,Stepping
1780509947.7684379,21983.754827181,-0.33481916785240173,-54.38529968261719,86.93620300292969,-2.4339065551757812,-80.26819610595703,125.39390563964844,-7.284329414367676,-78.15003967285156,122.54401397705078,2.520075559616089,-53.86978530883789,86.12552642822266,Go,Stepping
1780509947.7884662,21983.774612851,0.6945258975028992,-54.66138458251953,87.36975860595703,-9.488503456115723,-79.2481918334961,124.2864761352539,-14.441252708435059,-74.02658081054688,116.95616912841797,3.684114694595337,-53.6231689453125,85.73625183105469,Go,Stepping
1780509947.8084586,21983.794353346,1.7359771728515625,-54.9586181640625,87.83685302734375,-12.075581550598145,-71.9989013671875,114.71875762939453,-16.54656219482422,-65.91822814941406,105.19139099121094,4.851150989532471,-53.391117095947266,85.36927032470703,Go,Stepping
1780509947.8284366,21983.814130621,2.7990190982818604,-55.27353286743164,88.33129119873047,-9.226676940917969,-59.99561309814453,96.5141830444336,-13.094366073608398,-55.127471923828125,88.0008773803711,6.0310163497924805,-53.167152404785156,85.01395416259766,Go,Stepping
1780509947.8483803,21983.833681507,3.858165979385376,-55.59685516357422,88.83692932128906,-6.533283710479736,-56.15782928466797,90.16895294189453,-10.123154640197754,-52.581260681152344,83.76172637939453,7.200645446777344,-52.953731536865234,84.6748275756836,Go,Stepping
1780509947.8683746,21983.854132099,4.926743507385254,-55.924476623535156,89.34601593017578,-5.461707592010498,-55.88447952270508,89.67469024658203,-8.962615966796875,-52.77842330932617,84.109130859375,8.376802444458008,-52.73889923095703,84.33255767822266,Go,Stepping
1780509947.8883762,21983.874347524,6.008260726928711,-56.24886703491211,89.84737396240234,-4.398220062255859,-55.59445571899414,89.15716552734375,-7.79935884475708,-52.96977996826172,84.4521255493164,9.555924415588379,-52.51703643798828,83.97647094726562,Go,Stepping
1780509947.9084191,21983.895034702,7.130829334259033,-56.893470764160156,90.87432861328125,-3.3387701511383057,-55.3033561706543,88.63758850097656,-6.629406452178955,-53.16078567504883,84.7957992553711,10.764086723327637,-52.51726150512695,83.99555969238281,Go,Stepping
1780509947.9284196,21983.915194889,11.203444480895996,-64.83284759521484,103.41207122802734,-2.294572353363037,-55.01800537109375,88.12958526611328,-5.474505424499512,-53.35139083862305,85.13827514648438,15.318730354309082,-58.51976776123047,94.04521942138672,Go,Stepping
1780509947.94842,21983.935130105,13.43591022491455,-73.5613784790039,116.1106185913086,-1.2558900117874146,-54.744972229003906,87.64094543457031,-4.310354709625244,-53.554100036621094,85.50334930419922,17.919546127319336,-66.12957763671875,106.01618194580078,Go,Stepping
1780509947.9685273,21983.954712642,11.06677532196045,-77.955078125,122.05223083496094,-0.2083343118429184,-54.48554992675781,87.17572021484375,-3.1310431957244873,-53.77400207519531,85.89810943603516,15.851806640625,-71.5099868774414,113.86505889892578,Go,Stepping
1780509947.9884756,21983.975142515,4.851078510284424,-79.322998046875,123.96195220947266,0.8345723152160645,-54.245601654052734,86.743896484375,-1.9500508308410645,-54.009220123291016,86.31929016113281,9.701667785644531,-75.83724212646484,119.72896575927734,Go,Stepping
1780509948.0084736,21983.994918733,-2.8859663009643555,-79.00890350341797,123.74796295166016,1.8832972049713135,-54.02519607543945,86.34545135498047,-0.7556760907173157,-54.2625732421875,86.77180480957031,1.3273664712905884,-79.37677001953125,124.18233489990234,Go,Stepping
1780509948.0284336,21984.014538553,-10.40180778503418,-76.65328216552734,120.86048126220703,2.930936574935913,-53.826416015625,85.98422241210938,0.44424551725387573,-54.53086853027344,87.24999237060547,-7.703402042388916,-80.7577896118164,125.73593139648438,Go,Stepping
1780509948.0484571,21984.034427688,-15.004186630249023,-70.7723388671875,112.8593521118164,3.987337589263916,-53.645774841308594,85.65460205078125,1.658920407295227,-54.8129768371582,87.75169372558594,-13.88437557220459,-76.88607788085938,120.67607116699219,Go,Stepping
1780509948.068507,21984.054609203,-14.004646301269531,-60.869049072265625,97.82318878173828,5.040933132171631,-53.48427963256836,85.35769653320312,2.880173921585083,-55.102813720703125,88.26739501953125,-13.216893196105957,-66.47832489013672,105.91038513183594,Go,Stepping
1780509948.0884507,21984.075243188,-9.810578346252441,-52.695587158203125,84.28759765625,6.107898712158203,-53.33289337158203,85.07901000976562,4.12066650390625,-55.39706802368164,88.79074096679688,-8.478589057922363,-56.584259033203125,90.34173583984375,Go,Stepping
1780509948.1084125,21984.094634829,-8.8053617477417,-52.82837677001953,84.49815368652344,7.20585823059082,-53.17870330810547,84.79708862304688,5.396739959716797,-55.689762115478516,89.31132507324219,-7.277276515960693,-56.306949615478516,89.93177032470703,Go,Stepping
1780509948.1283998,21984.114233475,-7.762665271759033,-52.97833251953125,84.73210144042969,8.296773910522461,-53.028324127197266,84.52230072021484,6.673797130584717,-55.96987533569336,89.8119888305664,-6.043140888214111,-56.00373458862305,89.4679183959961,Go,Stepping
1780509948.1483963,21984.134438246,-6.701842308044434,-53.13490676879883,84.97650909423828,9.379303932189941,-52.87500762939453,84.24304962158203,7.950263023376465,-56.230491638183594,90.28134155273438,-4.798692226409912,-55.68779754638672,88.97994995117188,Go,Stepping
1780509948.168453,21984.154410615,-5.639946937561035,-53.298404693603516,85.23262786865234,12.066703796386719,-54.98502731323242,87.74166870117188,11.099811553955078,-59.38446807861328,95.52640533447266,-3.5676023960113525,-55.36804962158203,88.48127746582031,Go,Stepping
1780509948.188466,21984.174647507,-4.575191497802734,-53.47676467895508,85.5105972290039,15.778623580932617,-63.54707336425781,101.53656768798828,15.248774528503418,-69.16031646728516,110.69798278808594,-2.329286575317383,-55.04643249511719,87.97913360595703,Go,Stepping
1780509948.2084584,21984.194857978,-3.502474308013916,-53.67475509643555,85.82061004638672,16.152090072631836,-69.88430786132812,111.09146881103516,15.358872413635254,-75.7447738647461,119.898681640625,-1.0928843021392822,-54.73039627075195,87.48296356201172,Go,Stepping
1780509948.2284405,21984.214146896,-2.4328460693359375,-53.89230728149414,86.1619644165039,12.17656421661377,-74.3141860961914,117.39952087402344,10.05452823638916,-78.70417785644531,123.6087875366211,0.13263581693172455,-54.425472259521484,87.00270080566406,Go,Stepping
1780509948.248444,21984.235476565,-1.3565149307250977,-54.133270263671875,86.54102325439453,5.370933532714844,-77.89500427246094,122.25775146484375,1.6049554347991943,-79.35884094238281,124.24605560302734,1.3562756776809692,-54.133323669433594,86.5411148071289,Go,Stepping
1780509948.268452,21984.254817178,-0.2744274437427521,-54.39707946777344,86.9565200805664,-2.7068049907684326,-80.31417846679688,125.44853973388672,-7.5310869216918945,-78.07610321044922,122.45024108886719,2.5775556564331055,-53.855621337890625,86.10134887695312,Go,Stepping
1780509948.2884562,21984.274614868,0.8162965774536133,-54.68227767944336,87.40583038330078,-10.176936149597168,-79.29740905761719,124.34397888183594,-15.014765739440918,-73.79405212402344,116.6411361694336,3.7988810539245605,-53.59184265136719,85.6826400756836,Go,Stepping
1780509948.308458,21984.294934077,1.9124481678009033,-54.98522186279297,87.88187408447266,-12.864837646484375,-72.0086898803711,114.73237609863281,-17.218395233154297,-65.6099853515625,104.7260971069336,5.020450592041016,-53.34007263183594,85.28260040283203,Go,Stepping
1780509948.3284647,21984.314992588,3.022257089614868,-55.30265808105469,88.37905883789062,-9.80342960357666,-60.00838851928711,96.5395278930664,-13.626703262329102,-54.8845329284668,87.5962905883789,6.249592304229736,-53.09497833251953,84.89224243164062,Go,Stepping
1780509948.3484027,21984.334359148,4.1480560302734375,-55.62911605834961,88.88700866699219,-6.9736552238464355,-56.174346923828125,90.2037124633789,-10.558194160461426,-52.397552490234375,83.4480209350586,7.4930830001831055,-52.84840393066406,84.49862670898438,Go,Stepping
1780509948.3683937,21984.354164691,5.286383628845215,-55.95640563964844,89.393798828125,-5.853599548339844,-55.90873336791992,89.72139739990234,-9.354984283447266,-52.623802185058594,83.84479522705078,8.73820972442627,-52.59882736206055,84.0976333618164,Go,Stepping
1780509948.3883972,21984.374426066,6.419646263122559,-56.2751579284668,89.88566589355469,-4.7223734855651855,-55.622737884521484,89.20844268798828,-8.12258529663086,-52.85126876831055,84.2502212524414,9.96035385131836,-52.34960174560547,83.69374084472656,Go,Stepping
1780509948.4084437,21984.394255434,7.635308742523193,-56.916805267333984,90.90624237060547,-3.618969678878784,-55.3344612121582,88.69271850585938,-6.910777568817139,-53.06502914428711,84.63262939453125,11.253477096557617,-52.29905319213867,83.62659454345703,Go,Stepping
1780509948.428436,21984.414507825,11.966567993164062,-64.8104476928711,103.36986541748047,-2.5183627605438232,-55.0485725402832,88.18253326416016,-5.6983747482299805,-53.281158447265625,85.01902770996094,16.013944625854492,-58.15982437133789,93.4590835571289,Go,Stepping
1780509948.4484766,21984.434500066,14.331193923950195,-73.54767608642578,116.0787582397461,-1.4116748571395874,-54.76961135864258,87.68392944335938,-4.469965934753418,-53.50838088989258,85.42528533935547,18.714202880859375,-65.731689453125,105.413330078125,Go,Stepping
1780509948.468466,21984.454276564,11.899903297424316,-77.98700714111328,122.07982635498047,-0.30879586935043335,-54.50376892089844,87.2076187133789,-3.2364349365234375,-53.74683380126953,85.85138702392578,16.610200881958008,-71.17365264892578,113.38949584960938,Go,Stepping
1780509948.4884388,21984.473939498,5.291825294494629,-79.38147735595703,124.0285415649414,0.8011931777000427,-54.252445220947266,86.75585174560547,-1.985599398612976,-54.001041412353516,86.30513763427734,10.133323669433594,-75.69087982177734,119.53588104248047,Go,Stepping
1780509948.5084505,21984.494054861,-2.9148879051208496,-79.00082397460938,123.73812103271484,1.9104191064834595,-54.01899719238281,86.33460998535156,-0.7262710332870483,-54.26850891113281,86.78216552734375,1.2962355613708496,-79.38248443603516,124.18933868408203,Go,Stepping
1780509948.5284739,21984.51387587,-10.85452651977539,-76.49695587158203,120.65979766845703,3.020711898803711,-53.80373001098633,85.94475555419922,0.5422728657722473,-54.54801559448242,87.28012084960938,-8.240911483764648,-80.81239318847656,125.79701232910156,Go,Stepping
1780509948.5484753,21984.533946918,-15.69674015045166,-70.47676849365234,112.44144439697266,4.136145114898682,-53.604698181152344,85.5832290649414,1.8234425783157349,-54.837242126464844,87.79493713378906,-14.736863136291504,-76.88475799560547,120.66085052490234,Go,Stepping
1780509948.5684445,21984.554011043,-14.66727066040039,-60.577850341796875,97.3628921508789,5.245903015136719,-53.422576904296875,85.25093841552734,3.1077795028686523,-55.13009262084961,88.31668090820312,-14.005499839782715,-66.4620361328125,105.86917114257812,Go,Stepping
1780509948.588458,21984.573982986,-10.339558601379395,-52.70402908325195,84.3051986694336,6.389721393585205,-53.24075698852539,84.92040252685547,4.433262825012207,-55.426025390625,88.8438949584961,-9.091043472290039,-56.959964752197266,90.9479751586914,Go,Stepping
1780509948.6084008,21984.594087539,-9.25560474395752,-52.65113067626953,84.19947052001953,7.562412738800049,-53.0527229309082,84.58182525634766,5.787629127502441,-55.71580505371094,89.35971069335938,-7.775224685668945,-56.32572555541992,89.95494079589844,Go,Stepping
1780509948.628395,21984.614157875,-8.130525588989258,-52.84254455566406,84.50377655029297,8.694657325744629,-52.877723693847656,84.26522827148438,7.1129469871521,-55.98666000366211,89.8460464477539,-6.447574138641357,-56.02980041503906,89.50491333007812,Go,Stepping
1780509948.6483893,21984.63385195,-7.035622596740723,-53.01949691772461,84.78266906738281,9.87514877319336,-52.673885345458984,83.90033721923828,8.496980667114258,-56.23667526245117,90.2986831665039,-5.160586357116699,-55.720558166503906,89.02987670898438,Go,Stepping
1780509948.6684506,21984.654361358,-5.946072101593018,-53.20065689086914,85.06694793701172,12.804116249084473,-54.648719787597656,87.18175506591797,11.899764060974121,-59.358367919921875,95.48829650878906,-3.884986639022827,-55.40408706665039,88.54010772705078,Go,Stepping
1780509948.6884522,21984.674182372,-4.826708793640137,-53.40238952636719,85.38499450683594,16.806989669799805,-63.05440139770508,100.77168273925781,16.41413116455078,-69.07474517822266,110.58059692382812,-2.589540481567383,-55.083194732666016,88.03936767578125,Go,Stepping
1780509948.708447,21984.694076964,-3.7183725833892822,-53.6160888671875,85.72154998779297,17.475008010864258,-69.27957916259766,110.21647644042969,16.877849578857422,-75.67418670654297,119.8115463256836,-1.3129181861877441,-54.767242431640625,87.54418182373047,Go,Stepping
1780509948.7284489,21984.713967345,-2.546415090560913,-53.864219665527344,86.1146240234375,13.193802833557129,-73.9304428100586,116.87818908691406,11.195499420166016,-78.75706481933594,123.6814956665039,0.017783435061573982,-54.447879791259766,87.0400619506836,Go,Stepping
1780509948.7484508,21984.73424547,-1.356070876121521,-54.13337326049805,86.54119110107422,5.711768627166748,-77.80281066894531,122.13968658447266,1.9605106115341187,-79.41976165771484,124.32365417480469,1.356775164604187,-54.13320541381836,86.54092407226562,Go,Stepping
1780509948.7684557,21984.753941959,-0.15277940034866333,-54.42116928100586,86.99685668945312,-3.2604916095733643,-80.40193939208984,125.55651092529297,-8.052298545837402,-77.91886138916016,122.24755859375,2.6984405517578125,-53.82527542114258,86.05032348632812,Go,Stepping
1780509948.7884564,21984.773991198,1.0749958753585815,-54.72722625732422,87.48043060302734,-11.634939193725586,-79.36170959472656,124.4284896850586,-16.279930114746094,-73.255859375,115.89918518066406,4.055283546447754,-53.52006912231445,85.5618896484375,Go,Stepping
1780509948.808451,21984.794513447,2.3153257369995117,-55.04488754272461,87.98092651367188,-14.636760711669922,-71.95442962646484,114.66241455078125,-18.73370361328125,-64.8434066772461,103.5596923828125,5.4129557609558105,-53.21931076049805,85.07820892333984,Go,Stepping
1780509948.8285308,21984.813905529,3.626338481903076,-55.37600326538086,88.50128936767578,-11.332070350646973,-59.97597122192383,96.49225616455078,-14.993605613708496,-54.18338394165039,86.42977142333984,6.82697868347168,-52.90058517456055,84.56140899658203,Go,Stepping
1780509948.8484166,21984.833902337,4.928560256958008,-55.70198440551758,89.01126098632812,-8.148462295532227,-56.20844650268555,90.25827026367188,-11.620292663574219,-51.92074966430664,82.64678192138672,8.215338706970215,-52.58505630493164,84.04644012451172,Go,Stepping
1780509948.8684063,21984.853929689,6.232569694519043,-56.01959991455078,89.50328826904297,-6.878142356872559,-55.966339111328125,89.8129653930664,-10.28311538696289,-52.23506164550781,83.1939468383789,9.599346160888672,-52.25907897949219,83.51229858398438,Go,Stepping
1780509948.8884037,21984.874170343,7.599236488342285,-56.32368469238281,89.97008514404297,-5.64527702331543,-55.697967529296875,89.33052062988281,-8.971603393554688,-52.52157974243164,83.69844818115234,11.029976844787598,-51.892852783203125,82.90713500976562,Go,Stepping
1780509948.9084418,21984.894164414,9.010287284851074,-56.94491958618164,90.9540023803711,-4.382970333099365,-55.41563034057617,88.82662963867188,-7.626414775848389,-52.8090705871582,84.20421600341797,12.4943208694458,-51.72304153442383,82.63601684570312,Go,Stepping
1780509948.9284627,21984.914343876,13.99352741241455,-64.73831939697266,103.25967407226562,-3.1060776710510254,-55.12600326538086,88.31059265136719,-6.254368782043457,-53.098533630371094,84.71395874023438,17.75379180908203,-57.26129913330078,91.97415161132812,Go,Stepping
1780509948.948362,21984.933869675,16.703353881835938,-73.40709686279297,115.8804702758789,-1.833573818206787,-54.83660888671875,87.79547882080078,-4.875622272491455,-53.387962341308594,85.22405242919922,20.665752410888672,-64.6791763305664,103.78874969482422,Go,Stepping
1780509948.9684634,21984.954098612,13.891667366027832,-78.01587677001953,122.1093978881836,-0.548840343952179,-54.54774475097656,87.28126525878906,-3.471161127090454,-53.68390655517578,85.74609375,18.28242301940918,-70.4108657836914,112.2874526977539,Go,Stepping
1780509948.988451,21984.973949297,6.352255821228027,-79.50767517089844,124.18498992919922,0.7227410078048706,-54.26893997192383,86.78337860107422,-2.0625526905059814,-53.982635498046875,86.27448272705078,11.085014343261719,-75.36857604980469,119.09973907470703,Go,Stepping
1780509949.0084453,21984.994921589,-3.0259525775909424,-78.97496032714844,123.70563507080078,1.988608956336975,-54.000553131103516,86.30367279052734,-0.648210883140564,-54.28480911254883,86.80940246582031,1.1842715740203857,-79.40673065185547,124.21994018554688,Go,Stepping
1780509949.028447,21985.014020986,-11.99018383026123,-76.09535217285156,120.12681579589844,3.246873140335083,-53.744327545166016,85.84516906738281,0.7695974111557007,-54.58883285522461,87.34821319580078,-9.49166202545166,-80.91078186035156,125.91822814941406,Go,Stepping
1780509949.0484936,21985.034188131,-17.373910903930664,-69.71564483642578,111.33393096923828,4.504027843475342,-53.49848556518555,85.40501403808594,2.196648120880127,-54.89339065551758,87.88858032226562,-16.645036697387695,-76.80302429199219,120.551513671875,Go,Stepping
1780509949.0684457,21985.054328816,-16.257640838623047,-59.8110237121582,96.12068939208984,5.750166893005371,-53.262969970703125,84.98385620117188,3.6183857917785645,-55.19218826293945,88.41925811767578,-15.739486694335938,-66.33348083496094,105.67306518554688,Go,Stepping
1780509949.088402,21985.073962238,-11.347001075744629,-52.040042877197266,83.16890716552734,6.987679958343506,-53.035499572753906,84.57627868652344,5.045389175415039,-55.48198699951172,88.93663787841797,-10.129091262817383,-56.57744216918945,90.314697265625,Go,Stepping
1780509949.1084409,21985.094554928,-10.075395584106445,-52.3182487487793,83.63117980957031,8.214384078979492,-52.81227111816406,84.17604064941406,6.473899841308594,-55.756675720214844,89.4305419921875,-8.645866394042969,-56.341670989990234,89.9754867553711,Go,Stepping
1780509949.1285102,21985.114389132,-8.79633617401123,-52.58934020996094,84.07408142089844,9.418303489685059,-52.59225845336914,83.78118896484375,7.891835689544678,-56.00920104980469,89.8897933959961,-7.160881996154785,-56.06513595581055,89.55692291259766,Go,Stepping
1780509949.1484416,21985.134097107,-7.545498847961426,-52.8394889831543,84.47711944580078,10.631927490234375,-52.3532829284668,83.35759735107422,9.30976390838623,-56.23597717285156,90.30342864990234,-5.6984944343566895,-55.762413024902344,89.09574890136719,Go,Stepping
1780509949.1685274,21985.154561105,-6.303342342376709,-53.0837287902832,84.86914825439453,13.659805297851562,-54.24147033691406,86.50093841552734,12.844091415405273,-59.30963134765625,95.41796112060547,-4.260867595672607,-55.44442367553711,88.60457611083984,Go,Stepping
1780509949.1885366,21985.17448766,-5.05906867980957,-53.331817626953125,85.26700592041016,17.748701095581055,-62.58795166015625,100.04021453857422,17.523540496826172,-68.9697494506836,110.44357299804688,-2.8384764194488525,-55.117733001708984,88.0941162109375,Go,Stepping
1780509949.208481,21985.196048274,-3.826406240463257,-53.585670471191406,85.67163848876953,18.129981994628906,-68.97235870361328,109.76378631591797,17.697023391723633,-75.6133804321289,119.75000762939453,-1.4322746992111206,-54.787635803222656,87.57606506347656,Go,Stepping
1780509949.2284684,21985.214275893,-2.5913503170013428,-53.85264587402344,86.095947265625,13.593108177185059,-73.77804565429688,116.66548156738281,11.69201374053955,-78.7686767578125,123.70793914794922,-0.0323355570435524,-54.4579963684082,87.05599212646484,Go,Stepping
1780509949.2485187,21985.234501669,-1.3525340557098389,-54.13419723510742,86.54248809814453,5.796385765075684,-77.78416442871094,122.11396026611328,2.0650484561920166,-79.43895721435547,124.35096740722656,1.3607434034347534,-54.13228225708008,86.53945922851562,Go,Stepping
1780509949.2685223,21985.255167655,-0.12300504744052887,-54.427589416503906,87.00637817382812,-3.3965682983398438,-80.42044830322266,125.58316802978516,-8.20738410949707,-77.8739013671875,122.18524932861328,2.7344110012054443,-53.815635681152344,86.03532409667969,Go,Stepping
1780509949.2886128,21985.273937583,1.121762990951538,-54.73697280883789,87.49372863769531,-11.895758628845215,-79.34162139892578,124.4171142578125,-16.574430465698242,-73.11292266845703,115.69056701660156,4.116255283355713,-53.501991271972656,85.5341567993164,Go,Stepping
1780509949.308482,21985.294136381,2.3653018474578857,-55.053733825683594,87.99211883544922,-14.852563858032227,-71.93058776855469,114.64485168457031,-18.981201171875,-64.71307373046875,103.35123443603516,5.478567600250244,-53.19744110107422,85.04423522949219,Go,Stepping
1780509949.3284802,21985.314315813,3.610774278640747,-55.3770751953125,88.49690246582031,-11.288506507873535,-59.96178436279297,96.48790740966797,-15.021291732788086,-54.16631317138672,86.39210510253906,6.840701580047607,-52.893768310546875,84.55482482910156,Go,Stepping
1780509949.3484244,21985.333938456,4.876120090484619,-55.701725006103516,89.00155639648438,-8.068561553955078,-56.199344635009766,90.25878143310547,-11.608375549316406,-51.930511474609375,82.65422821044922,8.207952499389648,-52.5845947265625,84.0530014038086,Go,Stepping
1780509949.3684216,21985.356617667,6.175356388092041,-56.021812438964844,89.49515533447266,-6.814952850341797,-55.95722579956055,89.81111907958984,-10.280574798583984,-52.24007034301758,83.19354248046875,9.598159790039062,-52.255523681640625,83.51525115966797,Go,Stepping
1780509949.3884208,21985.37391249,7.47313117980957,-56.3264274597168,89.9599838256836,-5.5451507568359375,-55.68516540527344,89.32067108154297,-8.926992416381836,-52.54288101196289,83.72655487060547,10.975648880004883,-51.91250228881836,82.95118713378906,Go,Stepping
1780509949.408478,21985.394017336,8.815278053283691,-56.950416564941406,90.94782257080078,-4.271740913391113,-55.40068054199219,88.80982971191406,-7.557257175445557,-52.83694076538086,84.2452163696289,12.379777908325195,-51.77348327636719,82.73292541503906,Go,Stepping
1780509949.4284706,21985.413921937,13.637948989868164,-64.76567840576172,103.2826919555664,-3.0025970935821533,-55.11040115356445,88.2900619506836,-6.180764675140381,-53.125064849853516,84.7542495727539,17.524568557739258,-57.37755584716797,92.17852020263672,Go,Stepping
1780509949.4484801,21985.434171438,16.30498695373535,-73.4764175415039,115.9592514038086,-1.75636887550354,-54.822792053222656,87.775390625,-4.815372467041016,-53.40668869018555,85.25294494628906,20.412214279174805,-64.8460693359375,104.05712127685547,Go,Stepping
1780509949.468529,21985.454114764,13.558752059936523,-78.02133178710938,122.10909271240234,-0.5083286166191101,-54.53989028930664,87.26918029785156,-3.436844825744629,-53.69358825683594,85.76136779785156,18.042245864868164,-70.52203369140625,112.45350646972656,Go,Stepping
1780509949.4885366,21985.474280995,6.187310695648193,-79.49292755126953,124.16239166259766,0.7354117035865784,-54.26610565185547,86.77899932861328,-2.051941156387329,-53.985321044921875,86.27861785888672,10.96071720123291,-75.41088104248047,119.15999603271484,Go,Stepping
1780509949.508665,21985.494602148,-3.0180490016937256,-78.9770736694336,123.7087173461914,1.9796267747879028,-54.00283432006836,86.30720520019531,-0.655647337436676,-54.28314208984375,86.80691528320312,1.1895725727081299,-79.40631103515625,124.21905517578125,Go,Stepping
1780509949.5284758,21985.513639316,-11.842103958129883,-76.14575958251953,120.1976547241211,3.217064619064331,-53.75269317626953,85.85826110839844,0.7446129322052002,-54.583988189697266,87.34107971191406,-9.355415344238281,-80.9027328491211,125.90433502197266,Go,Stepping
1780509949.5485208,21985.534218967,-17.076141357421875,-69.86250305175781,111.55413055419922,4.436996936798096,-53.51863098144531,85.437255859375,2.137490749359131,-54.88365936279297,87.87415313720703,-16.35011100769043,-76.83617401123047,120.58688354492188,Go,Stepping
1780509949.568529,21985.554075248,-15.99398136138916,-59.93166732788086,96.32276153564453,5.66743278503418,-53.29071807861328,85.02799224853516,3.5477614402770996,-55.182743072509766,88.40636444091797,-15.495413780212402,-66.35272216796875,105.69243621826172,Go,Stepping
1780509949.5884166,21985.573932084,-11.200652122497559,-52.10322189331055,83.28070068359375,6.904394626617432,-53.06564712524414,84.62474822998047,4.972334861755371,-55.474613189697266,88.927001953125,-9.997289657592773,-56.58314895629883,90.31925201416016,Go,Stepping
1780509949.6085823,21985.594558771,-9.989441871643066,-52.35165023803711,83.69005584716797,8.157346725463867,-52.835594177246094,84.21366882324219,6.4239373207092285,-55.754188537597656,89.42829132080078,-8.565760612487793,-56.34101867675781,89.97249603271484,Go,Stepping
1780509949.62839,21985.613840112,-8.796579360961914,-52.5906867980957,84.07363891601562,9.413400650024414,-52.592018127441406,83.78406524658203,7.865057468414307,-56.01055908203125,89.88707733154297,-7.1418046951293945,-56.0628547668457,89.557861328125,Go,Stepping
1780509949.64848,21985.633601118,-7.561577796936035,-52.83422088623047,84.46727752685547,10.653308868408203,-52.34305191040039,83.34163665771484,9.32360553741455,-56.23699188232422,90.30292510986328,-5.709512233734131,-55.762794494628906,89.09770202636719,Go,Stepping
1780509949.668551,21985.654079652,-6.345765590667725,-53.069908142089844,84.84458923339844,13.769597053527832,-54.197105407714844,86.4291000366211,12.946893692016602,-59.3155632019043,95.42382049560547,-4.2978515625,-55.44731140136719,88.61087799072266,Go,Stepping
1780509949.6885307,21985.674045392,-5.113236904144287,-53.31604766845703,85.23870849609375,17.96579360961914,-62.47313690185547,99.86608123779297,17.72768783569336,-68.95355224609375,110.4110336303711,-2.884645938873291,-55.122901916503906,88.10466766357422,Go,Stepping
1780509949.7084904,21985.694423534,-3.8700058460235596,-53.5741081237793,85.65113830566406,18.388179779052734,-68.84146881103516,109.57720947265625,17.95849609375,-75.5956802368164,119.71949768066406,-1.4712415933609009,-54.793495178222656,87.58692932128906,Go,Stepping
1780509949.7284863,21985.713879539,-2.6189475059509277,-53.8460578918457,86.08421325683594,13.83564281463623,-73.67955780029297,116.53461456298828,11.931612014770508,-78.77919006347656,123.71558380126953,-0.05672886222600937,-54.46238327026367,87.06401824951172,Go,Stepping
1780509949.7484834,21985.733868931,-1.3559314012527466,-54.133399963378906,86.5412368774414,5.916601181030273,-77.74684143066406,122.06729888916016,2.180202007293701,-79.4558334350586,124.37051391601562,1.3569302558898926,-54.13317108154297,86.5408706665039,Go,Stepping
1780509949.7684817,21985.753594219,-0.08802688121795654,-54.43408966064453,87.0179672241211,-3.554180383682251,-80.44587707519531,125.6120834350586,-8.338802337646484,-77.83187866210938,122.13343048095703,2.7654244899749756,-53.808067321777344,86.02190399169922,Go,Stepping
1780509949.7884798,21985.773944102,1.1887277364730835,-54.747100830078125,87.51217651367188,-12.27392864227295,-79.37681579589844,124.45469665527344,-16.858673095703125,-73.00269317626953,115.54389190673828,4.1739654541015625,-53.485843658447266,85.5053939819336,Go,Stepping
1780509949.8085735,21985.79389202,2.475400447845459,-55.0690803527832,88.01800537109375,-15.335368156433105,-71.91031646728516,114.6162109375,-19.38210105895996,-64.50299072265625,103.03036499023438,5.583528518676758,-53.16447448730469,84.988037109375,Go,Stepping
1780509949.8284867,21985.815396729,3.778390407562256,-55.395145416259766,88.52880859375,-11.718047142028809,-59.95716094970703,96.47673034667969,-15.383620262145996,-53.98044967651367,86.08479309082031,6.991868495941162,-52.84206008911133,84.4652099609375,Go,Stepping
1780509949.8484344,21985.835062629,5.1142377853393555,-55.720272064208984,89.03633880615234,-8.427456855773926,-56.20738983154297,90.26636505126953,-11.911507606506348,-51.787479400634766,82.41616821289062,8.4140043258667,-52.508094787597656,83.91915130615234,Go,Stepping
1780509949.8684306,21985.853861866,6.442624092102051,-56.03406524658203,89.52183532714844,-7.105876445770264,-55.97269821166992,89.82999420166016,-10.51909351348877,-52.134979248046875,83.02115631103516,9.818022727966309,-52.1674919128418,83.35940551757812,Go,Stepping
1780509949.8884146,21985.874273212,7.770396709442139,-56.33095932006836,89.97615814208984,-5.779917240142822,-55.704833984375,89.34667205810547,-9.116314888000488,-52.46537399291992,83.6009521484375,11.211124420166016,-51.81071472167969,82.7698974609375,Go,Stepping
1780509949.9084647,21985.893973009,9.158373832702637,-56.94818115234375,90.95413208007812,-4.465739727020264,-55.42229080200195,88.84044647216797,-7.716062068939209,-52.77712631225586,84.14872741699219,12.648452758789062,-51.64695739746094,82.50837707519531,Go,Stepping
1780509949.9284675,21985.91433288,14.133523941040039,-64.72930908203125,103.2403564453125,-3.1478426456451416,-55.130523681640625,88.31959533691406,-6.3006110191345215,-53.0836296081543,84.68793487548828,17.893394470214844,-57.17987060546875,91.84225463867188,Go,Stepping
1780509949.9485533,21985.935614193,16.815526962280273,-73.43048095703125,115.91264343261719,-1.847222089767456,-54.838260650634766,87.79804229736328,-4.887723445892334,-53.38368606567383,85.21709442138672,20.757692337036133,-64.65998077392578,103.75813293457031,Go,Stepping
1780509949.9685016,21985.954098608,13.943581581115723,-78.01150512695312,122.1093978881836,-0.5553233623504639,-54.549278259277344,87.28308868408203,-3.473818063735962,-53.68290328979492,85.74508666992188,18.299657821655273,-70.40387725830078,112.27375793457031,Go,Stepping
1780509949.988485,21985.973895114,6.324891090393066,-79.50408935546875,124.18190002441406,0.7248896360397339,-54.2685432434082,86.78258514404297,-2.0597708225250244,-53.98323440551758,86.27560424804688,11.05253791809082,-75.38078308105469,119.1151351928711,Go,Stepping
1780509950.008471,21985.99391768,-3.023719310760498,-78.97563171386719,123.70613098144531,1.9875257015228271,-54.00067138671875,86.3041763305664,-0.6508296728134155,-54.28439712524414,86.80843353271484,1.1887116432189941,-79.40553283691406,124.21871185302734,Go,Stepping
1780509950.0285585,21986.014130678,-11.96822738647461,-76.10469818115234,120.13610076904297,3.242382526397705,-53.74517822265625,85.84738159179688,0.7608493566513062,-54.587684631347656,87.34546661376953,-9.444215774536133,-80.90486145019531,125.91426086425781,Go,Stepping
1780509950.0485013,21986.034562648,-17.42169189453125,-69.71165466308594,111.32257843017578,4.5129804611206055,-53.49491500854492,85.4005355834961,2.1972525119781494,-54.89404296875,87.88797760009766,-16.656518936157227,-76.81349182128906,120.57311248779297,Go,Stepping
1780509950.0684905,21986.054451749,-16.330415725708008,-59.7740364074707,96.05725860595703,5.773836135864258,-53.25474166870117,84.97138977050781,3.6346914768218994,-55.19488525390625,88.42210388183594,-15.793136596679688,-66.32318115234375,105.6636962890625,Go,Stepping
1780509950.0884202,21986.074626441,-11.424986839294434,-52.00693893432617,83.10761260986328,7.032937049865723,-53.01823425292969,84.5503158569336,5.07375431060791,-55.48625183105469,88.93984985351562,-10.178939819335938,-56.57238006591797,90.31438446044922,Go,Stepping
1780509950.1084175,21986.09389352,-10.228437423706055,-52.25712585449219,83.51969146728516,8.333686828613281,-52.763797760009766,84.10045623779297,6.560429096221924,-55.765140533447266,89.43637084960938,-8.759312629699707,-56.337642669677734,89.98004150390625,Go,Stepping
1780509950.1284194,21986.114805303,-8.974900245666504,-52.52330780029297,83.9541244506836,9.607093811035156,-52.510799407958984,83.65192413330078,8.038400650024414,-56.01779556274414,89.89264678955078,-7.300378799438477,-56.06582260131836,89.56867218017578,Go,Stepping
1780509950.1484358,21986.133893275,-7.74550724029541,-52.770172119140625,84.35271453857422,10.924757957458496,-52.219932556152344,83.14144134521484,9.55964183807373,-56.24058532714844,90.2975845336914,-5.866421699523926,-55.77007293701172,89.11711883544922,Go,Stepping
1780509950.1684778,21986.154420437,-6.452280044555664,-53.03651428222656,84.78414916992188,14.008810043334961,-54.05696105957031,86.2035140991211,13.151626586914062,-59.29208755493164,95.37417602539062,-4.386219501495361,-55.45419692993164,88.62670135498047,Go,Stepping
1780509950.1884794,21986.175913621,-5.1744256019592285,-53.298667907714844,85.20653533935547,18.208803176879883,-62.33977508544922,99.66691589355469,17.933547973632812,-68.93778228759766,110.37340545654297,-2.9316647052764893,-55.12751770019531,88.11553955078125,Go,Stepping
1780509950.2084715,21986.194181334,-3.9031760692596436,-53.56580352783203,85.6351089477539,18.58724021911621,-68.73918914794922,109.43695831298828,18.112567901611328,-75.59353637695312,119.70133209228516,-1.493719458580017,-54.79603576660156,87.59344482421875,Go,Stepping
1780509950.228476,21986.21395383,-2.633908748626709,-53.84267044067383,86.0777359008789,13.96798324584961,-73.62432861328125,116.46378326416016,12.039545059204102,-78.78713989257812,123.71813201904297,-0.06758074462413788,-54.46406555175781,87.06768035888672,Go,Stepping
1780509950.2485073,21986.234694077,-1.3543336391448975,-54.13377380371094,86.54183197021484,5.956707000732422,-77.73616027832031,122.05538940429688,2.207129716873169,-79.46336364746094,124.37751007080078,1.3586987257003784,-54.13275909423828,86.54022216796875,Go,Stepping
1780509950.268469,21986.254154169,-0.07615078240633011,-54.435943603515625,87.02206420898438,-3.6078429222106934,-80.45596313476562,125.62128448486328,-8.366720199584961,-77.82115173339844,122.12303161621094,2.772028923034668,-53.80684280395508,86.01885223388672,Go,Stepping
1780509950.2884748,21986.276601114,1.2035092115402222,-54.748477935791016,87.51683044433594,-12.356815338134766,-79.3854751586914,124.45515441894531,-16.87128448486328,-72.99213409423828,115.5379867553711,4.176576614379883,-53.486114501953125,85.50363159179688,Go,Stepping
1780509950.308476,21986.294285488,2.484274387359619,-55.0682258605957,88.02099609375,-15.37503433227539,-71.9208755493164,114.6123275756836,-19.33348274230957,-64.52459716796875,103.07583618164062,5.570464134216309,-53.17041778564453,84.99414825439453,Go,Stepping
1780509950.3284912,21986.314787803,3.75949764251709,-55.39094543457031,88.52628326416016,-11.668416023254395,-59.963130950927734,96.47350311279297,-15.289422988891602,-54.02510452270508,86.16683197021484,6.952686309814453,-52.857486724853516,84.48764038085938,Go,Stepping
1780509950.3484304,21986.333985716,5.028298854827881,-55.711002349853516,89.0251693725586,-8.297056198120117,-56.20853805541992,90.2609634399414,-11.762763977050781,-51.855262756347656,82.53547668457031,8.313372611999512,-52.548072814941406,83.9838638305664,Go,Stepping
1780509950.3684244,21986.354013477,6.309042930603027,-56.02449417114258,89.5103530883789,-6.960010528564453,-55.96892166137695,89.81856536865234,-10.363020896911621,-52.20103073120117,83.13602447509766,9.674397468566895,-52.228355407714844,83.46024322509766,Go,Stepping
1780509950.3883517,21986.373838113,7.5760064125061035,-56.32365036010742,89.96572875976562,-5.635486602783203,-55.696006774902344,89.33087158203125,-8.976791381835938,-52.52153778076172,83.6962890625,11.025277137756348,-51.89318084716797,82.91026306152344,Go,Stepping
1780509950.4084818,21986.394031155,8.895039558410645,-56.94749069213867,90.95084381103516,-4.318821907043457,-55.40731430053711,88.81676483154297,-7.5828776359558105,-52.82632064819336,84.23052978515625,12.419050216674805,-51.75716018676758,82.69928741455078,Go,Stepping
1780509950.428531,21986.414273401,13.75709342956543,-64.78298950195312,103.31948852539062,-3.030442714691162,-55.11494064331055,88.29456329345703,-6.193057537078857,-53.11943054199219,84.74723052978516,17.587093353271484,-57.377174377441406,92.17091369628906,Go,Stepping
1780509950.448487,21986.434066023,16.45880126953125,-73.45658874511719,115.94778442382812,-1.7838244438171387,-54.828369140625,87.78189086914062,-4.828545570373535,-53.401676177978516,85.2468490600586,20.474367141723633,-64.81581115722656,104.00113677978516,Go,Stepping
1780509950.4684813,21986.453959681,13.802001953125,-78.01182556152344,122.11083984375,-0.5380733609199524,-54.5461540222168,87.27786254882812,-3.4571373462677,-53.68741989135742,85.7525863647461,18.183212280273438,-70.4590072631836,112.35438537597656,Go,Stepping
1780509950.4884975,21986.474077026,6.323482513427734,-79.5031509399414,124.18360900878906,0.725389838218689,-54.268531799316406,86.78233337402344,-2.0581235885620117,-53.983524322509766,86.27629089355469,11.037919998168945,-75.38770294189453,119.12297821044922,Go,Stepping
1780509950.5084774,21986.493927646,-3.036968946456909,-78.97312927246094,123.70259857177734,1.9944720268249512,-53.99885559082031,86.30150604248047,-0.6458843350410461,-54.28561019897461,86.8100814819336,1.177740216255188,-79.40809631347656,124.22222137451172,Go,Stepping
1780509950.528476,21986.513949987,-12.108095169067383,-76.05741882324219,120.0676498413086,3.2704601287841797,-53.737083435058594,85.83516693115234,0.781745195388794,-54.592041015625,87.35131072998047,-9.558793067932129,-80.90949249267578,125.92578125,Go,Stepping
1780509950.5485516,21986.533685021,-17.60886573791504,-69.59889221191406,111.15260314941406,4.557427883148193,-53.481651306152344,85.37965393066406,2.2346701622009277,-54.9006462097168,87.89744567871094,-16.831592559814453,-76.770263671875,120.52344512939453,Go,Stepping
1780509950.568566,21986.554033327,-16.553647994995117,-59.6576042175293,95.86251068115234,5.846598148345947,-53.23024368286133,84.93252563476562,3.695964813232422,-55.2032585144043,88.43333435058594,-15.995412826538086,-66.29279327392578,105.62759399414062,Go,Stepping
1780509950.5884702,21986.574768741,-11.595442771911621,-51.93004608154297,82.97509765625,7.132359981536865,-52.98311996459961,84.49163055419922,5.174145698547363,-55.4949836730957,88.95388793945312,-10.354962348937988,-56.567176818847656,90.306396484375,Go,Stepping
1780509950.6084473,21986.594136925,-10.328103065490723,-52.21424102783203,83.44871520996094,8.412613868713379,-52.734710693359375,84.04926300048828,6.656609535217285,-55.76851272583008,89.44517517089844,-8.881904602050781,-56.340091705322266,89.9793701171875,Go,Stepping
1780509950.6284502,21986.614153482,-9.06568431854248,-52.487064361572266,83.8940658569336,9.702550888061523,-52.47209548950195,83.58451843261719,8.151816368103027,-56.01837158203125,89.89673614501953,-7.407728672027588,-56.07122802734375,89.57450866699219,Go,Stepping
1780509950.6485028,21986.634023766,-7.795729637145996,-52.75083541870117,84.32246398925781,10.997547149658203,-52.189453125,83.08590698242188,9.663278579711914,-56.23603439331055,90.29652404785156,-5.936434268951416,-55.77665328979492,89.12384796142578,Go,Stepping
1780509950.6686788,21986.654327444,-6.506156921386719,-53.01633834838867,84.75218963623047,14.183894157409668,-54.02848815917969,86.15013885498047,13.38154125213623,-59.325714111328125,95.4384536743164,-4.4563164710998535,-55.461612701416016,88.63578796386719,Go,Stepping
1780509950.688517,21986.673957728,-5.2353997230529785,-53.27964782714844,85.17508697509766,18.448434829711914,-62.211116790771484,99.4627685546875,18.225727081298828,-68.89872741699219,110.32208251953125,-2.9989497661590576,-55.136749267578125,88.12985229492188,Go,Stepping
1780509950.7084975,21986.693879438,-3.9476380348205566,-53.55331039428711,85.61428833007812,18.850631713867188,-68.60804748535156,109.2437744140625,18.43018341064453,-75.56476593017578,119.66696166992188,-1.5407962799072266,-54.803794860839844,87.60597229003906,Go,Stepping
1780509950.728481,21986.714987778,-2.654526710510254,-53.837467193603516,86.06907653808594,14.147500991821289,-73.55203247070312,116.36412811279297,12.249438285827637,-78.79064178466797,123.72486114501953,-0.08908616751432419,-54.4682731628418,87.07456970214844,Go,Stepping
1780509950.7484875,21986.734220836,-1.3564122915267944,-54.13329315185547,86.54105377197266,6.022554397583008,-77.71671295166016,122.02899932861328,2.288084030151367,-79.47342681884766,124.392333984375,1.3563907146453857,-54.13329315185547,86.54107666015625,Go,Stepping
1780509950.768537,21986.754172976,-0.052961479872465134,-54.44072723388672,87.0295181274414,-3.7140796184539795,-80.4707260131836,125.64122009277344,-8.478662490844727,-77.78758239746094,122.07764434814453,2.797999382019043,-53.799991607666016,86.00788879394531,Go,Stepping
1780509950.7885387,21986.77448654,1.2562209367752075,-54.75785446166992,87.53115844726562,-12.652576446533203,-79.38993072509766,124.46700286865234,-17.1542911529541,-72.86901092529297,115.36229705810547,4.234899044036865,-53.46886444091797,85.4757308959961,Go,Stepping
1780509950.8085272,21986.794089538,2.572366714477539,-55.08207321166992,88.04065704345703,-15.757684707641602,-71.88837432861328,114.5821762084961,-19.717681884765625,-64.32034301757812,102.75312805175781,5.6722917556762695,-53.13676452636719,84.94010925292969,Go,Stepping
1780509950.8285263,21986.814237447,3.8964812755584717,-55.40818786621094,88.55044555664062,-12.017301559448242,-59.94564437866211,96.45977783203125,-15.649572372436523,-53.83799743652344,85.84669494628906,7.104580402374268,-52.80269241333008,84.39816284179688,Go,Stepping
1780509950.8484454,21986.834037613,5.232561111450195,-55.730438232421875,89.05194091796875,-8.606446266174316,-56.207237243652344,90.26904296875,-12.083786964416504,-51.70685577392578,82.27861022949219,8.530732154846191,-52.46310043334961,83.8431625366211,Go,Stepping
1780509950.8684387,21986.854054033,6.581989288330078,-56.041847229003906,89.53388977050781,-7.257469177246094,-55.97787857055664,89.83978271484375,-10.663010597229004,-52.07240676879883,82.91494750976562,9.950909614562988,-52.112003326416016,83.26488494873047,Go,Stepping
1780509950.8884447,21986.87462832,7.934971332550049,-56.33601379394531,89.9825210571289,-5.908967018127441,-55.712623596191406,89.3612289428711,-9.24306869506836,-52.414791107177734,83.51471710205078,11.370238304138184,-51.738529205322266,82.64722442626953,Go,Stepping
1780509950.9084916,21986.894125591,9.345733642578125,-56.949180603027344,90.95439910888672,-4.569641590118408,-55.431800842285156,88.85693359375,-7.8166656494140625,-52.74017333984375,84.08618927001953,12.822800636291504,-51.56135559082031,82.3619155883789,Go,Stepping
1780509950.928483,21986.91520212,14.433582305908203,-64.70498657226562,103.19950103759766,-3.23747181892395,-55.141258239746094,88.3384017944336,-6.390219211578369,-53.053916931152344,84.63735961914062,18.162935256958008,-57.02253341674805,91.58377075195312,Go,Stepping
1780509950.9484875,21986.934243189,17.19546890258789,-73.40470123291016,115.87046813964844,-1.9148904085159302,-54.848121643066406,87.81546783447266,-4.957557201385498,-53.36288833618164,85.18145751953125,21.0908145904541,-64.4720230102539,103.4697494506836,Go,Stepping
1780509950.9689496,21986.954494997,14.16545295715332,-78.0801010131836,122.18672943115234,-0.5687917470932007,-54.54977798461914,87.28485107421875,-3.4912543296813965,-53.67696762084961,85.73439025878906,18.52921485900879,-70.3535385131836,112.20507049560547,Go,Stepping
1780509950.9884884,21986.974622146,6.5868024826049805,-79.53067779541016,124.2176513671875,0.7052900195121765,-54.27273941040039,86.78939056396484,-2.078040361404419,-53.978782653808594,86.26834869384766,11.27417278289795,-75.30399322509766,119.00982666015625,Go,Stepping
1780509951.0084863,21986.996364779,-3.0485572814941406,-78.9695816040039,123.69862365722656,2.0062272548675537,-53.99627685546875,86.29669952392578,-0.6316357851028442,-54.2883415222168,86.81511688232422,1.1631433963775635,-79.41089630126953,124.22541809082031,Go,Stepping
1780509951.0284898,21987.014588986,-12.264973640441895,-75.99618530273438,119.99369812011719,3.302063226699829,-53.729530334472656,85.82060241699219,0.8237707018852234,-54.5985107421875,87.36406707763672,-9.788932800292969,-80.93072509765625,125.94388580322266,Go,Stepping
1780509951.0484753,21987.034881553,-17.788501739501953,-69.53990936279297,111.07599639892578,4.594091892242432,-53.47159194946289,85.36006164550781,2.287071466445923,-54.906341552734375,87.90995788574219,-17.11495018005371,-76.79466247558594,120.54095458984375,Go,Stepping
1780509951.0684836,21987.055362726,-16.677471160888672,-59.602237701416016,95.78343200683594,5.883877754211426,-53.21994400024414,84.9109878540039,3.7585813999176025,-55.20782470703125,88.44596099853516,-16.215496063232422,-66.29505157470703,105.61122131347656,Go,Stepping
1780509951.0884347,21987.075251531,-11.664092063903809,-51.89622497558594,82.92353057861328,7.171082973480225,-52.97136688232422,84.4674072265625,5.240689277648926,-55.497615814208984,88.96394348144531,-10.474693298339844,-56.56922149658203,90.2972412109375,Go,Stepping
1780509951.1084259,21987.096961278,-10.386850357055664,-52.18756103515625,83.40709686279297,8.459084510803223,-52.71846389770508,84.01831817626953,6.726865768432617,-55.76966094970703,89.45194244384766,-8.971504211425781,-56.34341812133789,89.97795104980469,Go,Stepping
1780509951.128427,21987.114255728,-9.1055269241333,-52.46991729736328,83.86773681640625,9.747339248657227,-52.45528030395508,83.55270385742188,8.220542907714844,-56.017330169677734,89.90003204345703,-7.469208240509033,-56.07529830932617,89.57646179199219,Go,Stepping
1780509951.148508,21987.133644842,-7.819149494171143,-52.741275787353516,84.30848693847656,11.032033920288086,-52.17570114135742,83.05919647216797,9.722336769104004,-56.23252868652344,90.2961654663086,-5.975814342498779,-55.780799865722656,89.12722778320312,Go,Stepping
1780509951.1685116,21987.154199345,-6.533444404602051,-53.00776290893555,84.73855590820312,14.20167064666748,-53.96382141113281,86.04016876220703,13.41161823272705,-59.26859664916992,95.34869384765625,-4.490350246429443,-55.46646499633789,88.64253234863281,Go,Stepping
1780509951.1884968,21987.174491081,-5.241139888763428,-53.27688980102539,85.17267608642578,18.4696044921875,-62.20198059082031,99.44075775146484,18.309850692749023,-68.87982940673828,110.3083267211914,-3.018592357635498,-55.140655517578125,88.1333999633789,Go,Stepping
1780509951.2085023,21987.194799002,-3.948755979537964,-53.5521354675293,85.61418151855469,18.857589721679688,-68.60951232910156,109.23750305175781,18.51186752319336,-75.54885864257812,119.66207885742188,-1.552844524383545,-54.80675506591797,87.60865783691406,Go,Stepping
1780509951.2284975,21987.214103385,-2.6542508602142334,-53.83704376220703,86.06939697265625,14.146207809448242,-73.55668640136719,116.36420440673828,12.305084228515625,-78.78561401367188,123.7298355102539,-0.0946139320731163,-54.4698600769043,87.07605743408203,Go,Stepping
1780509951.2484887,21987.234057925,-1.3565363883972168,-54.13325881958008,86.541015625,6.027296543121338,-77.7156982421875,122.02703094482422,2.2985785007476807,-79.47442626953125,124.39458465576172,1.35625422000885,-54.13332748413086,86.54112243652344,Go,Stepping
1780509951.2684824,21987.254212015,-0.05259375274181366,-54.44093704223633,87.0295181274414,-3.714200496673584,-80.47008514404297,125.6414794921875,-8.486164093017578,-77.78594207763672,122.07435607910156,2.8001303672790527,-53.79926681518555,86.00701141357422,Go,Stepping
1780509951.288509,21987.273806327,1.2585933208465576,-54.75843811035156,87.53175354003906,-12.665841102600098,-79.38874816894531,124.46724700927734,-17.174896240234375,-72.86012268066406,115.34854888916016,4.239168643951416,-53.46747970581055,85.47376251220703,Go,Stepping
1780509951.308498,21987.293963944,2.576925754547119,-55.082366943359375,88.04175567626953,-15.780035972595215,-71.89260864257812,114.58557891845703,-19.72555923461914,-64.3193359375,102.7533187866211,5.673704624176025,-53.13651657104492,84.93913269042969,Go,Stepping
1780509951.3284967,21987.31436755,3.904696464538574,-55.40813446044922,88.55229949951172,-12.04040241241455,-59.95058822631836,96.46214294433594,-15.648967742919922,-53.840274810791016,85.85366821289062,7.103252410888672,-52.803863525390625,84.39852142333984,Go,Stepping
1780509951.3484282,21987.334243577,5.236232280731201,-55.730690002441406,89.05228424072266,-8.61325454711914,-56.2071647644043,90.26917266845703,-12.090572357177734,-51.70372772216797,82.27320098876953,8.534451484680176,-52.46155548095703,83.840576171875,Go,Stepping
1780509951.3684325,21987.353921202,6.584089279174805,-56.04229736328125,89.53388977050781,-7.259753227233887,-55.97753143310547,89.84007263183594,-10.668609619140625,-52.070194244384766,82.91065979003906,9.956098556518555,-52.10959243774414,83.26129913330078,Go,Stepping
1780509951.3884404,21987.37467555,7.867088794708252,-56.43473434448242,89.956787109375,-5.855388164520264,-55.64726638793945,89.40096282958984,-9.192070007324219,-52.378334045410156,83.59745788574219,11.306741714477539,-51.86324691772461,82.6764144897461,Go,Stepping
1780509951.408495,21987.394230739,8.97033405303955,-57.3842658996582,90.7408218383789,-4.361459255218506,-55.19316101074219,88.97836303710938,-7.616888046264648,-52.60731506347656,84.36945343017578,12.474617004394531,-52.13661193847656,82.44457244873047,Go,Stepping
1780509951.4285402,21987.414452294,11.644634246826172,-67.32475280761719,102.15798950195312,-2.424144983291626,-54.358558654785156,88.60845947265625,-5.605156421661377,-52.66062927246094,85.52742004394531,15.714344024658203,-60.58713150024414,92.54756927490234,Go,Stepping
1780509951.4485335,21987.433953614,12.203398704528809,-77.4192123413086,114.25104522705078,-1.0422687530517578,-54.06293869018555,87.98387908935547,-4.103677749633789,-52.98135757446289,86.00763702392578,16.865615844726562,-70.09879302978516,105.06655883789062,Go,Stepping
1780509951.468523,21987.454134461,6.6220245361328125,-81.9384536743164,119.61589813232422,0.3232201039791107,-53.85850143432617,87.30393981933594,-2.6055076122283936,-53.38960647583008,86.42633819580078,11.934727668762207,-77.08614349365234,114.15213775634766,Go,Stepping
1780509951.488536,21987.475591551,1.3648278713226318,-81.22688293457031,122.26100158691406,1.0950477123260498,-54.002201080322266,86.746826171875,-1.68996000289917,-53.88246154785156,86.51766204833984,6.425637245178223,-79.21287536621094,120.05830383300781,Go,Stepping
1780509951.5085955,21987.494114211,-2.4736576080322266,-78.84139251708984,123.96366882324219,1.5846043825149536,-54.28750991821289,86.37480926513672,-1.0560812950134277,-54.39253616333008,86.57795715332031,1.7433714866638184,-79.02214813232422,124.16424560546875,Go,Stepping
1780509951.5285134,21987.513931193,-3.968759536743164,-75.74300384521484,124.18375396728516,1.6969395875930786,-54.656612396240234,86.28936004638672,-0.8071616888046265,-54.81784439086914,86.63733673095703,-0.8315416574478149,-76.94253540039062,125.45411682128906,Go,Stepping
1780509951.548517,21987.534163778,-4.878731727600098,-69.54425811767578,118.95497131347656,1.9264870882034302,-55.08512878417969,86.25350952148438,-0.4399315118789673,-55.35501480102539,86.8323745727539,-2.843275785446167,-71.3376693725586,121.02863311767578,Go,Stepping
1780509951.5685098,21987.554849771,-2.7379205226898193,-61.110931396484375,104.84381103515625,1.6891467571258545,-55.427162170410156,86.57646179199219,-0.5475945472717285,-55.59762954711914,87.04143524169922,-1.2262985706329346,-62.1751823425293,105.95743560791016,Go,Stepping
1780509951.5884535,21987.573832469,-1.538028359413147,-53.83997344970703,89.85957336425781,1.453791618347168,-55.6718864440918,86.98922729492188,-0.6591703295707703,-55.74519729614258,87.3434829711914,0.11351443082094193,-54.2543830871582,90.1322021484375,Go,Stepping
1780509951.6083808,21987.594160245,-1.3062083721160889,-54.05617904663086,89.1894760131836,1.316131591796875,-55.943241119384766,87.39502716064453,-0.6729068756103516,-55.96306228637695,87.71094512939453,0.4866233468055725,-54.36582565307617,89.34136962890625,Go,Stepping
1780509951.6284218,21987.61374673,-1.245892882347107,-54.06874465942383,88.59944915771484,1.2394458055496216,-56.287479400634766,87.79174041748047,-0.6196803450584412,-56.2813606262207,88.11714172363281,0.6778327822685242,-54.317867279052734,88.7033920288086,Go,Stepping
1780509951.6485403,21987.634489127,-1.1491633653640747,-54.18285369873047,87.98670196533203,1.0508668422698975,-56.419429779052734,88.29454040527344,-0.6668246388435364,-56.33958053588867,88.55648803710938,0.8982303142547607,-54.3492317199707,88.00260162353516,Go,Stepping
1780509951.668546,21987.654481347,-1.1538479328155518,-54.1666145324707,87.50271606445312,0.9127717018127441,-59.5490608215332,93.22350311279297,-0.5741581916809082,-59.37429428100586,93.4598617553711,1.0223256349563599,-54.289329528808594,87.49795532226562,Go,Stepping
1780509951.6885436,21987.674167535,-1.193511724472046,-54.11454391479492,87.12931823730469,0.9480504393577576,-69.57620239257812,108.37939453125,-0.5765599608421326,-69.3170166015625,108.63837432861328,1.1136977672576904,-54.204071044921875,87.12159729003906,Go,Stepping
1780509951.7085438,21987.694387303,-1.231868028640747,-54.12171936035156,86.82438659667969,1.0604474544525146,-75.54821014404297,117.50739288330078,-0.8778531551361084,-75.24092102050781,117.6990737915039,1.2065082788467407,-54.176055908203125,86.80963134765625,Go,Stepping
1780509951.728523,21987.714278944,-1.2902830839157104,-54.11647033691406,86.63471984863281,1.4157698154449463,-77.8773422241211,121.36205291748047,-1.3420028686523438,-77.6495132446289,121.47645568847656,1.2829370498657227,-54.1428337097168,86.62551879882812,Go,Stepping
1780509951.748565,21987.734292143,-1.3563967943191528,-54.13329315185547,86.54107666015625,1.9277069568634033,-78.86334228515625,123.28852844238281,-1.9093153476715088,-78.79126739501953,123.32196044921875,1.3563967943191528,-54.13329315185547,86.54107666015625,Go,Stepping
1780509951.768576,21987.754097766,-1.431838035583496,-54.20952606201172,86.51449584960938,2.504927158355713,-79.02685546875,124.27257537841797,-2.4696507453918457,-79.14713287353516,124.24283599853516,1.4239013195037842,-54.18638610839844,86.52957153320312,Go,Stepping
1780509951.788517,21987.774207773,-1.5339524745941162,-54.420345306396484,86.48355865478516,3.0657989978790283,-76.10163879394531,122.29869079589844,-2.6878552436828613,-76.47212219238281,122.32154083251953,1.4657789468765259,-54.38650131225586,86.53418731689453,Go,Stepping
1780509951.8085735,21987.794393063,-1.6608883142471313,-54.6961555480957,86.46927642822266,3.137115955352783,-68.22268676757812,112.79301452636719,-2.361264705657959,-68.7430648803711,112.94145965576172,1.486322045326233,-54.6632194519043,86.57528686523438,Go,Stepping
1780509951.8285275,21987.813856314,-1.941723108291626,-55.17115783691406,86.25379180908203,2.9464094638824463,-56.097042083740234,94.87442016601562,-1.4233543872833252,-56.70404815673828,95.35865020751953,1.3482946157455444,-55.21577072143555,86.53913879394531,Go,Stepping
1780509951.8484616,21987.834165579,-2.335437536239624,-55.67451477050781,85.95010375976562,2.841195583343506,-52.2344970703125,88.13800811767578,-0.9725684523582458,-52.79930877685547,88.70614624023438,1.1016193628311157,-55.855838775634766,86.51022338867188,Go,Stepping
1780509951.86854,21987.854113629,-2.681432008743286,-56.11549377441406,85.7400894165039,2.7981514930725098,-52.19703674316406,87.76841735839844,-0.8626318573951721,-52.75823211669922,88.38361358642578,0.9037436246871948,-56.41826248168945,86.54663848876953,Go,Stepping
1780509951.8885393,21987.874038819,-3.4915003776550293,-56.68043518066406,85.00692749023438,3.031578302383423,-51.8872184753418,87.34212493896484,-0.47456416487693787,-52.57048797607422,88.22565460205078,0.23488079011440277,-57.34428787231445,86.43701934814453,Go,Stepping
1780509951.9085886,21987.894400057,-4.474023818969727,-58.127525329589844,85.74451446533203,3.071260929107666,-51.9337043762207,87.03414154052734,-0.281011164188385,-52.6468391418457,88.02392578125,-0.5689885020256042,-59.18952178955078,87.83001708984375,Go,Stepping
1780509951.9285202,21987.916273991,-6.587558269500732,-67.0090560913086,96.49747467041016,2.8169009685516357,-52.300540924072266,86.85379791259766,-0.395836740732193,-52.915199279785156,87.72047424316406,-1.7884560823440552,-68.82395935058594,99.64213562011719,Go,Stepping
1780509951.9485123,21987.934186705,-9.083393096923828,-76.01740264892578,107.74288177490234,2.636474370956421,-52.647281646728516,86.67543029785156,-0.43081530928611755,-53.19524383544922,87.4775390625,-3.5580976009368896,-78.9366683959961,111.97412109375,Go,Stepping
1780509951.9685218,21987.954757615,-8.817570686340332,-79.73823547363281,114.64478302001953,2.2026596069335938,-53.19621276855469,86.59143829345703,-0.7226876020431519,-53.56147003173828,87.13092041015625,-3.246063232421875,-82.54097747802734,118.43528747558594,Go,Stepping
1780509951.988666,21987.974499252,-5.887723445892334,-80.17631530761719,119.87037658691406,1.6468710899353027,-53.81748962402344,86.5536117553711,-1.136544108390808,-53.94340515136719,86.73910522460938,-0.8163264989852905,-81.64961242675781,121.89466094970703,Go,Stepping
1780509952.008528,21987.994306164,-1.7086985111236572,-78.92262268066406,124.21216583251953,1.0313800573349,-54.466888427734375,86.53660583496094,-1.6106226444244385,-54.32551574707031,86.32679748535156,2.510221481323242,-78.76099395751953,123.97901153564453,Go,Stepping
1780509952.028524,21988.013933742,3.256103038787842,-75.4378890991211,126.43528747558594,0.36391809582710266,-55.1541862487793,86.52095794677734,-2.135932683944702,-54.72319412231445,85.88544464111328,6.302488327026367,-73.77243041992188,123.72737884521484,Go,Stepping
1780509952.0486145,21988.034347624,6.603707313537598,-68.52729034423828,122.18317413330078,-0.27084866166114807,-55.82044982910156,86.49372863769531,-2.6279456615448,-55.117942810058594,85.46915435791016,8.455686569213867,-66.30537414550781,117.91295623779297,Go,Stepping
1780509952.068543,21988.054314356,6.504310607910156,-58.58966064453125,107.62727355957031,-0.9481049180030823,-56.5277099609375,86.44605255126953,-3.159633159637451,-55.54039001464844,85.01832580566406,7.830760955810547,-56.52408981323242,103.2377700805664,Go,Stepping
1780509952.088489,21988.073863898,3.8062665462493896,-50.88393020629883,90.3116683959961,-1.527130126953125,-57.11188888549805,86.42167663574219,-3.5908422470092773,-55.893516540527344,84.68281555175781,5.334799766540527,-49.288875579833984,86.95909118652344,Go,Stepping
1780509952.1085777,21988.0937209,3.055056571960449,-51.42533493041992,89.82266235351562,-2.1001248359680176,-57.68140411376953,86.39588928222656,-4.012513160705566,-56.24339294433594,84.3694076538086,4.736755847930908,-50.04779052734375,86.9581298828125,Go,Stepping
1780509952.1284583,21988.113950987,2.318842649459839,-51.87903594970703,89.33515167236328,-2.620220184326172,-58.24087905883789,86.34712219238281,-4.392731189727783,-56.61431121826172,84.08271789550781,4.16119384765625,-50.7149543762207,86.93762969970703,Go,Stepping
1780509952.1484673,21988.134007802,1.6924813985824585,-52.300209045410156,88.86402893066406,-3.226247787475586,-58.810367584228516,86.29830932617188,-4.843088626861572,-56.96825408935547,83.76123046875,3.6797537803649902,-51.319244384765625,86.86480712890625,Go,Stepping
1780509952.1685297,21988.154193568,1.0750824213027954,-52.68562698364258,88.39669799804688,-4.773609638214111,-64.01054382324219,92.15924835205078,-6.1209588050842285,-61.434326171875,88.76820373535156,3.210634231567383,-51.889808654785156,86.79251861572266,Go,Stepping
1780509952.1885118,21988.174628817,0.4065530598163605,-53.08647918701172,87.8989028930664,-6.436931133270264,-75.4162826538086,106.92984008789062,-7.693325996398926,-72.10474395751953,103.14283752441406,2.683729648590088,-52.506221771240234,86.73328399658203,Go,Stepping
1780509952.208504,21988.194729657,-0.16971248388290405,-53.42891311645508,87.45240783691406,-6.445894241333008,-81.98719787597656,116.07011413574219,-8.091231346130371,-78.4705810546875,112.38815307617188,2.2541513442993164,-53.03007888793945,86.66114807128906,Go,Stepping
1780509952.228523,21988.214219688,-0.7885518670082092,-53.79705047607422,86.97793579101562,-3.5216197967529297,-82.53845977783203,120.70606231689453,-6.120997428894043,-80.13427734375,118.22979736328125,1.7787058353424072,-53.60566711425781,86.59849548339844,Go,Stepping
1780509952.2485414,21988.23404461,-1.3561919927597046,-54.13317108154297,86.54122924804688,0.49485209584236145,-80.32923126220703,123.21321868896484,-3.315201759338379,-79.61461639404297,122.457275390625,1.3565549850463867,-54.13309860229492,86.54108428955078,Go,Stepping
1780509952.2686281,21988.254923574,-1.8961657285690308,-54.457576751708984,86.12890625,4.564428806304932,-76.83361053466797,124.18830108642578,-0.4040677547454834,-77.87466430664062,125.36424255371094,0.9626004099845886,-54.643150329589844,86.49365997314453,Go,Stepping
1780509952.2885427,21988.273827133,-2.426443338394165,-54.78153610229492,85.72827911376953,7.93444299697876,-71.12677001953125,121.53509521484375,2.297792673110962,-73.57980346679688,124.60941314697266,0.5752415060997009,-55.156654357910156,86.45849609375,Go,Stepping
1780509952.3085494,21988.294602237,-3.053493022918701,-55.07231140136719,85.29224395751953,9.208172798156738,-62.5628662109375,111.26000213623047,3.9027554988861084,-65.5660171508789,115.53777313232422,0.08821544051170349,-55.6902961730957,86.47051239013672,Go,Stepping
1780509952.328542,21988.314128585,-3.9791178703308105,-55.30659103393555,84.69415283203125,8.116103172302246,-52.288551330566406,92.94955444335938,3.8715310096740723,-55.10478973388672,97.3782958984375,-0.7048553228378296,-56.31941223144531,86.56201934814453,Go,Stepping
1780509952.348556,21988.334074204,-4.881094932556152,-55.523658752441406,84.09757995605469,6.6534953117370605,-49.68019485473633,86.18705749511719,2.916998863220215,-51.850555419921875,89.62601470947266,-1.47728431224823,-56.93240737915039,86.64869689941406,Go,Stepping
1780509952.3684797,21988.354276965,-6.303422451019287,-55.516326904296875,83.25858306884766,6.725433349609375,-50.094974517822266,85.81783294677734,3.1318116188049316,-52.36217498779297,89.4445571899414,-2.779007911682129,-57.58408737182617,86.91716003417969,Go,Stepping
1780509952.3884852,21988.374065025,-7.546947002410889,-55.512874603271484,82.50238800048828,6.236124038696289,-50.6900634765625,85.76598358154297,2.772817850112915,-52.77540588378906,89.09626770019531,-3.909547805786133,-58.16366958618164,87.13727569580078,Go,Stepping
1780509952.4086137,21988.394512975,-8.635326385498047,-56.60587692260742,83.44388580322266,5.396423816680908,-51.32455062866211,85.89143371582031,2.0580077171325684,-53.06539535522461,88.65270233154297,-4.830854892730713,-59.731903076171875,88.83316802978516,Go,Stepping
1780509952.4286723,21988.414573333,-12.739301681518555,-64.23418426513672,93.29563903808594,4.657435417175293,-51.957054138183594,85.95748901367188,1.4526379108428955,-53.392398834228516,88.22659301757812,-8.293352127075195,-69.11552429199219,100.96424865722656,Go,Stepping
1780509952.4486377,21988.436786895,-15.553281784057617,-72.20974731445312,104.99205780029297,3.843153715133667,-52.599300384521484,86.05824279785156,0.7761489152908325,-53.68755340576172,87.77401733398438,-10.649089813232422,-78.36203002929688,113.61979675292969,Go,Stepping
1780509952.4685838,21988.454411997,-13.922782897949219,-76.58258819580078,112.92991638183594,2.8689279556274414,-53.21807098388672,86.24412536621094,-0.061205510050058365,-53.881587982177734,87.28404235839844,-8.803365707397461,-81.9070816040039,119.99079895019531,Go,Stepping
1780509952.488538,21988.475283158,-8.719451904296875,-78.50899505615234,119.15843963623047,1.8721171617507935,-53.831390380859375,86.43704223632812,-0.9147603511810303,-54.05769729614258,86.78994750976562,-3.762749195098877,-81.32010650634766,122.88414764404297,Go,Stepping
1780509952.50853,21988.494966157,-1.4410591125488281,-79.09780883789062,124.24149322509766,0.8304593563079834,-54.42936706542969,86.65052032470703,-1.80648672580719,-54.1990852355957,86.29326629638672,2.771446704864502,-78.8183364868164,123.85838317871094,Go,Stepping
1780509952.528526,21988.515494837,6.544553279876709,-77.46865844726562,126.58858489990234,-0.23402558267116547,-55.017127990722656,86.86945343017578,-2.714191198348999,-54.324039459228516,85.80037689208984,9.300752639770508,-74.47586059570312,122.15397644042969,Go,Stepping
1780509952.5485191,21988.535642115,12.191394805908203,-71.6553955078125,122.17604064941406,-1.330716609954834,-55.595123291015625,87.09430694580078,-3.647386074066162,-54.431968688964844,85.30938720703125,13.427083015441895,-67.37751007080078,114.98784637451172,Go,Stepping
1780509952.5685058,21988.555412762,11.77852725982666,-61.67960739135742,107.45694732666016,-2.454246759414673,-56.1561279296875,87.32331848144531,-4.619592189788818,-54.518558502197266,84.81554412841797,12.68270492553711,-57.655906677246094,99.97086334228516,Go,Stepping
1780509952.5885105,21988.575052349,7.46533727645874,-53.00379943847656,90.68550109863281,-3.569572925567627,-56.71714401245117,87.52433013916016,-5.570176601409912,-54.620582580566406,84.32981872558594,8.830445289611816,-50.02418899536133,84.97026062011719,Go,Stepping
1780509952.6084433,21988.594623842,6.466057300567627,-53.218360900878906,90.26535034179688,-4.761270046234131,-57.27932357788086,87.71553039550781,-6.581300735473633,-54.70458984375,83.81301879882812,8.006508827209473,-50.51457214355469,85.12965393066406,Go,Stepping
1780509952.628463,21988.614187262,5.447291374206543,-53.40850067138672,89.80843353271484,-6.013327121734619,-57.831809997558594,87.88654327392578,-7.640257358551025,-54.76862335205078,83.26780700683594,7.161368370056152,-51.00883865356445,85.28863525390625,Go,Stepping
1780509952.648458,21988.634073453,4.326663970947266,-53.56657028198242,89.31099700927734,-7.202888488769531,-58.35816192626953,88.0060806274414,-8.638116836547852,-54.847442626953125,82.74267578125,6.219862937927246,-51.523193359375,85.49129486083984,Go,Stepping
1780509952.6685252,21988.65410129,3.225842237472534,-53.714595794677734,88.7977523803711,-10.241008758544922,-62.89893341064453,93.57616424560547,-11.2623929977417,-58.10640335083008,86.64412689208984,5.300442218780518,-52.0300407409668,85.6771240234375,Go,Stepping
1780509952.6885214,21988.674941546,2.100025177001953,-53.8389892578125,88.26205444335938,-14.2074556350708,-73.95841217041016,108.32836151123047,-14.836346626281738,-67.64353942871094,100.18856811523438,4.3456878662109375,-52.542564392089844,85.8795394897461,Go,Stepping
1780509952.7085242,21988.695104101,0.9510629177093506,-53.94879913330078,87.70362091064453,-14.361726760864258,-80.62875366210938,117.61857604980469,-15.26545238494873,-74.00455474853516,109.79215240478516,3.359771490097046,-53.067230224609375,86.09512329101562,Go,Stepping
1780509952.7286365,21988.715330417,-0.202681303024292,-54.04807662963867,87.12826538085938,-9.357648849487305,-82.09359741210938,122.0782241821289,-11.568184852600098,-77.2467269897461,116.50611877441406,2.3651328086853027,-53.59810256958008,86.31431579589844,Go,Stepping
1780509952.7485585,21988.734107712,-1.3548485040664673,-54.13318634033203,86.54186248779297,-1.4115281105041504,-80.39898681640625,123.78781127929688,-5.186922073364258,-78.83909606933594,121.97186279296875,1.3577649593353271,-54.132568359375,86.54075622558594,Go,Stepping
1780509952.7685418,21988.754418544,-2.5118789672851562,-54.20751953125,85.9407730102539,7.243880748748779,-76.61195373535156,123.08853912353516,2.4078104496002197,-78.87883758544922,125.85652160644531,0.33916833996772766,-54.672645568847656,86.77163696289062,Go,Stepping
1780509952.78862,21988.774316173,-3.6808154582977295,-54.26996994018555,85.32079315185547,14.435797691345215,-70.24857330322266,118.11900329589844,9.5018949508667,-75.640380859375,125.35848999023438,-0.6962152123451233,-55.21933364868164,87.00688171386719,Go,Stepping
1780509952.8085349,21988.7950304,-4.8434624671936035,-54.32089614868164,84.68885803222656,16.5542049407959,-61.40625,106.59905242919922,12.126659393310547,-67.63440704345703,116.00646209716797,-1.7419846057891846,-55.76810836791992,87.2409896850586,Go,Stepping
1780509952.8285332,21988.815375995,-6.011681079864502,-54.35919952392578,84.0359115600586,13.097586631774902,-51.606903076171875,89.30998229980469,9.250348091125488,-56.70738983154297,97.64752960205078,-2.7949881553649902,-56.31763458251953,87.4702377319336,Go,Stepping
1780509952.8484712,21988.834856953,-7.193266868591309,-54.3798713684082,83.35273742675781,10.102315902709961,-49.56696701049805,84.16265106201172,6.545523166656494,-53.31461715698242,90.32597351074219,-3.876384973526001,-56.87052917480469,87.69337463378906,Go,Stepping
1780509952.8684983,21988.85503891,-8.383187294006348,-54.38105392456055,82.63614654541016,8.972535133361816,-50.161476135253906,84.4971923828125,5.49104642868042,-53.462310791015625,89.8908462524414,-4.956562519073486,-57.41585922241211,87.90171813964844,Go,Stepping
1780509952.8884828,21988.874239054,-9.548135757446289,-54.36499786376953,81.90554809570312,7.817203521728516,-50.776973724365234,84.84403228759766,4.4374098777771,-53.59079360961914,89.4178237915039,-6.038638114929199,-57.949424743652344,88.09098815917969,Go,Stepping
1780509952.9086227,21988.894208259,-10.851900100708008,-55.07102584838867,82.3449478149414,6.664959907531738,-51.384063720703125,85.1701889038086,3.3887174129486084,-53.70688247680664,88.92516326904297,-7.234935283660889,-59.28521728515625,89.53569030761719,Go,Stepping
1780509952.9286182,21988.91484924,-15.376747131347656,-62.21522521972656,91.83454132080078,5.486388206481934,-52.00189208984375,85.4952621459961,2.3232390880584717,-53.81535720825195,88.41069030761719,-11.309236526489258,-68.37225341796875,101.5194320678711,Go,Stepping
1780509952.9486222,21988.935154391,-17.925939559936523,-70.43643951416016,103.75385284423828,4.308813095092773,-52.61429214477539,85.80726623535156,1.2644513845443726,-53.91376495361328,87.8845443725586,-13.486924171447754,-77.7356948852539,114.05705261230469,Go,Stepping
1780509952.9687119,21988.955279559,-15.8364896774292,-75.27607727050781,112.0959701538086,3.128999710083008,-53.224430084228516,86.10897064208984,0.21163015067577362,-54.0052490234375,87.3501968383789,-11.086629867553711,-81.54098510742188,120.4218521118164,Go,Stepping
1780509952.988617,21988.974425592,-9.6978178024292,-77.9872055053711,118.83746337890625,1.9499812126159668,-53.83016586303711,86.39930725097656,-0.8338559865951538,-54.09137725830078,86.81194305419922,-4.856396675109863,-81.2752456665039,123.16513061523438,Go,Stepping
1780509953.0085397,21988.994456991,-1.3485944271087646,-79.12992095947266,124.26171875,0.7612611651420593,-54.435760498046875,86.67974090576172,-1.8782360553741455,-54.17460632324219,86.2696533203125,2.867213249206543,-78.8075180053711,123.82553100585938,Go,Stepping
1780509953.0285454,21989.014286055,7.674068450927734,-77.68982696533203,126.70514678955078,-0.4393739700317383,-55.040164947509766,86.94740295410156,-2.92285418510437,-54.25611877441406,85.72435760498047,10.363076210021973,-74.23990631103516,121.66412353515625,Go,Stepping
1780509953.0485458,21989.034894648,13.798935890197754,-71.76387786865234,122.16914367675781,-1.6391669511795044,-55.63536071777344,87.19659423828125,-3.9597506523132324,-54.33623123168945,85.18221282958984,14.899396896362305,-66.90926361083984,114.11380004882812,Go,Stepping
1780509953.068543,21989.055334362,13.14212703704834,-61.630184173583984,107.41522216796875,-2.8477513790130615,-56.22344207763672,87.42486572265625,-5.000517845153809,-54.4150390625,84.63639831542969,13.91809368133545,-57.14847183227539,99.13331604003906,Go,Stepping
1780509953.088537,21989.074950315,8.470651626586914,-53.769901275634766,92.1008071899414,-4.0711894035339355,-56.80323028564453,87.62811279296875,-6.04421329498291,-54.49193572998047,84.08604431152344,9.769647598266602,-50.40190505981445,85.70326232910156,Go,Stepping
1780509953.108486,21989.094658681,7.146665573120117,-53.23139953613281,90.36456298828125,-5.300562381744385,-57.368160247802734,87.80071258544922,-7.08489465713501,-54.56588363647461,83.53312683105469,8.637142181396484,-50.277931213378906,84.77820587158203,Go,Stepping
1780509953.1285832,21989.114386975,5.915543079376221,-53.415401458740234,89.89392852783203,-6.530203819274902,-57.91370391845703,87.9383773803711,-8.1270112991333,-54.633663177490234,82.97111511230469,7.604223728179932,-50.836578369140625,85.05567932128906,Go,Stepping
1780509953.1485314,21989.135145898,4.68198823928833,-53.5797004699707,89.39018249511719,-7.741586685180664,-58.43048858642578,88.03889465332031,-9.146689414978027,-54.695003509521484,82.41381072998047,6.560175895690918,-51.395389556884766,85.32327270507812,Go,Stepping
1780509953.168542,21989.154861614,3.4683191776275635,-53.720611572265625,88.86221313476562,-10.865506172180176,-62.96404266357422,93.54335021972656,-11.822665214538574,-57.91818618774414,86.2239990234375,5.527632713317871,-51.94113540649414,85.57345581054688,Go,Stepping
1780509953.188539,21989.174913226,2.2546684741973877,-53.845157623291016,88.30944061279297,-14.919477462768555,-74.0105209350586,108.253662109375,-15.447749137878418,-67.42697143554688,99.74472045898438,4.49041748046875,-52.487159729003906,85.818359375,Go,Stepping
1780509953.2085316,21989.195143582,1.047121524810791,-53.95426940917969,87.73714447021484,-15.035930633544922,-80.68946075439453,117.56185913085938,-15.847768783569336,-73.80420684814453,109.40108489990234,3.452547311782837,-53.032470703125,86.05924987792969,Go,Stepping
1780509953.228597,21989.214329774,-0.1580316573381424,-54.05021286010742,87.14618682861328,-9.807522773742676,-82.19070434570312,122.08444213867188,-11.921778678894043,-77.16622924804688,116.31185150146484,2.4036967754364014,-53.58319091796875,86.30116271972656,Go,Stepping
1780509953.2486405,21989.234428705,-1.3566235303878784,-54.13330841064453,86.54094696044922,-1.5260908603668213,-80.43891143798828,123.8083267211914,-5.286248207092285,-78.82905578613281,121.93427276611328,1.356210708618164,-54.13339614868164,86.5411148071289,Go,Stepping
1780509953.2686362,21989.255119348,-2.551278829574585,-54.20458984375,85.92107391357422,7.419502258300781,-76.52854919433594,123.03189849853516,2.5778427124023438,-78.87454986572266,125.90120697021484,0.30282917618751526,-54.68635177612305,86.78092193603516,Go,Stepping
1780509953.2886422,21989.274265382,-3.745027542114258,-54.26417541503906,85.28515625,14.756979942321777,-70.05902862548828,117.95465087890625,9.853015899658203,-75.5880126953125,125.40459442138672,-0.7582882046699524,-55.24219512939453,87.01978302001953,Go,Stepping
1780509953.308798,21989.295189449,-4.942840099334717,-54.31135559082031,84.62943267822266,16.87965965270996,-61.07313919067383,106.19759368896484,12.453631401062012,-67.44519805908203,115.85336303710938,-1.8292032480239868,-55.800811767578125,87.25613403320312,Go,Stepping
1780509953.328631,21989.314407534,-6.107040882110596,-54.34561538696289,83.97443389892578,13.304265022277832,-51.438446044921875,89.10049438476562,9.472436904907227,-56.632286071777344,97.6097183227539,-2.8899192810058594,-56.34883117675781,87.48301696777344,Go,Stepping
1780509953.348525,21989.334529289,-7.278048038482666,-54.3643684387207,83.29493713378906,10.218029975891113,-49.502262115478516,84.08999633789062,6.641784191131592,-53.3033447265625,90.33975219726562,-3.9462366104125977,-56.89127731323242,87.70114135742188,Go,Stepping
1780509953.368495,21989.354275074,-8.444222450256348,-54.36613082885742,82.59251403808594,9.040245056152344,-50.12691116333008,84.45844268798828,5.552340507507324,-53.458370208740234,89.90306854248047,-5.0116753578186035,-57.428836822509766,87.90657043457031,Go,Stepping
1780509953.3884945,21989.374285484,-9.599971771240234,-54.34892654418945,81.86874389648438,7.855080604553223,-50.761566162109375,84.82271575927734,4.458077907562256,-53.593849182128906,89.42163848876953,-6.068884372711182,-57.953514099121094,88.09602355957031,Go,Stepping
1780509953.4085174,21989.39474013,-10.871484756469727,-55.05860137939453,82.33280944824219,6.676271915435791,-51.3834228515625,85.16351318359375,3.380554437637329,-53.71261215209961,88.92179107666016,-7.220020771026611,-59.27498245239258,89.54104614257812,Go,Stepping
1780509953.4285502,21989.41647404,-15.395574569702148,-62.197410583496094,91.82049560546875,5.492874622344971,-52.00234603881836,85.49129486083984,2.3114185333251953,-53.81956481933594,88.40606689453125,-11.266797065734863,-68.35399627685547,101.52827453613281,Go,Stepping
1780509953.4485412,21989.434146052,-17.877920150756836,-70.43221282958984,103.79534149169922,4.300462245941162,-52.621829986572266,85.80948638916016,1.2467044591903687,-53.917755126953125,87.8770751953125,-13.37868595123291,-77.69615173339844,114.07209777832031,Go,Stepping
1780509953.4685664,21989.454336173,-15.804708480834961,-75.27375793457031,112.12389373779297,3.1247427463531494,-53.2280158996582,86.10981750488281,0.2025948017835617,-54.006919860839844,87.34593200683594,-11.010551452636719,-81.51265716552734,120.43087768554688,Go,Stepping
1780509953.4885762,21989.474297281,-9.649173736572266,-77.98810577392578,118.8678970336914,1.9456220865249634,-53.832733154296875,86.4002914428711,-0.8391121625900269,-54.091976165771484,86.80926513671875,-4.790904998779297,-81.24748992919922,123.16495513916016,Go,Stepping
1780509953.5085497,21989.494478736,-1.3363702297210693,-79.13103485107422,124.26815795898438,0.7625301480293274,-54.43485641479492,86.67965698242188,-1.8752515316009521,-54.174373626708984,86.27134704589844,2.8754122257232666,-78.80484771728516,123.82598114013672,Go,Stepping
1780509953.5285532,21989.515145132,7.609464168548584,-77.70469665527344,126.68710327148438,-0.42697539925575256,-55.03382873535156,86.94588470458984,-2.9078710079193115,-54.25553512573242,85.73339080810547,10.289701461791992,-74.28511810302734,121.68596649169922,Go,Stepping
1780509953.5485437,21989.535164998,13.701461791992188,-71.79214477539062,122.14813232421875,-1.6213128566741943,-55.626747131347656,87.19529724121094,-3.9374682903289795,-54.33607482910156,85.19657135009766,14.790889739990234,-66.97904968261719,114.15581512451172,Go,Stepping
1780509953.568521,21989.555043341,13.006224632263184,-61.66787338256836,107.38309478759766,-2.811843156814575,-56.207435607910156,87.42376708984375,-4.953756809234619,-54.41657638549805,84.66825103759766,13.757050514221191,-57.25041961669922,99.20368957519531,Go,Stepping
1780509953.588462,21989.574142221,8.244029998779297,-53.058326721191406,90.77082061767578,-4.003574371337891,-56.77603530883789,87.62852478027344,-5.965210437774658,-54.496726989746094,84.14319610595703,9.525663375854492,-49.812923431396484,84.56536865234375,Go,Stepping
1780509953.608512,21989.594297688,7.0217742919921875,-53.26913070678711,90.34326934814453,-5.203380584716797,-57.33247756958008,87.80565643310547,-6.97857666015625,-54.57497024536133,83.61466979980469,8.50216293334961,-50.37163543701172,84.8526382446289,Go,Stepping
1780509953.6285217,21989.614280547,5.79489803314209,-53.44832229614258,89.8675308227539,-6.397729396820068,-57.86902618408203,87.9514389038086,-7.979755401611328,-54.65072250366211,83.09032440185547,7.469454765319824,-50.92633056640625,85.1239013671875,Go,Stepping
1780509953.648492,21989.634051994,4.584789752960205,-53.603111267089844,89.36398315429688,-7.595616817474365,-58.38603973388672,88.06092071533203,-8.983630180358887,-54.718666076660156,82.55303955078125,6.450146675109863,-51.465538024902344,85.37369537353516,Go,Stepping
1780509953.6686695,21989.656606129,3.379143476486206,-53.738712310791016,88.83270263671875,-10.686506271362305,-62.974212646484375,93.67449951171875,-11.612072944641113,-58.01973342895508,86.51563262939453,5.42435359954834,-52.003509521484375,85.61507415771484,Go,Stepping
1780509953.6885512,21989.674380621,2.182638645172119,-53.85783386230469,88.28289031982422,-14.59366512298584,-73.94094848632812,108.33570098876953,-15.112667083740234,-67.50222778320312,100.03937530517578,4.40963077545166,-52.53456115722656,85.8480453491211,Go,Stepping
1780509953.7085614,21989.694969242,0.9916008114814758,-53.962459564208984,87.7137222290039,-14.65361499786377,-80.60054779052734,117.64136505126953,-15.436018943786621,-73.89228820800781,109.72633361816406,3.385823965072632,-53.06962203979492,86.08084869384766,Go,Stepping
1780509953.72856,21989.7151847,-0.18682701885700226,-54.05351638793945,87.13272094726562,-9.516294479370117,-82.0893325805664,122.10047149658203,-11.617403030395508,-77.19806671142578,116.49933624267578,2.370450496673584,-53.600982666015625,86.31049346923828,Go,Stepping
1780509953.7485611,21989.73544809,-1.357619285583496,-54.13337326049805,86.54044342041016,-1.4247016906738281,-80.39202117919922,123.79940795898438,-5.172529697418213,-78.82909393310547,121.98733520507812,1.3553448915481567,-54.133846282958984,86.54130554199219,Go,Stepping
1780509953.7686338,21989.754873553,-2.5214309692382812,-54.20307159423828,85.93827819824219,7.296741485595703,-76.60345458984375,123.06641387939453,2.4188661575317383,-78.89573669433594,125.85409545898438,0.33910077810287476,-54.66891098022461,86.77397918701172,Go,Stepping
1780509953.788564,21989.77458706,-3.6752312183380127,-54.262935638427734,85.32849884033203,14.40903377532959,-70.31805419921875,118.1311264038086,9.397772789001465,-75.71337127685547,125.34137725830078,-0.6776837110519409,-55.20502853393555,87.007568359375,Go,Stepping
1780509953.8085532,21989.794257128,-4.818762302398682,-54.31326675415039,84.71167755126953,16.447608947753906,-61.51709747314453,106.6316909790039,11.915220260620117,-67.726806640625,115.95818328857422,-1.6962635517120361,-55.741737365722656,87.24102020263672,Go,Stepping
1780509953.8285477,21989.814156938,-5.970892429351807,-54.3522834777832,84.07349395751953,12.986328125,-51.705135345458984,89.34656524658203,9.078033447265625,-56.77043533325195,97.59256744384766,-2.732154369354248,-56.28410339355469,87.47280883789062,Go,Stepping
1780509953.8485887,21989.83425828,-7.124034881591797,-54.377506256103516,83.41573333740234,9.989500999450684,-49.66840744018555,84.22645568847656,6.37530517578125,-53.375938415527344,90.2936019897461,-3.769639015197754,-56.823394775390625,87.69763946533203,Go,Stepping
1780509953.8685012,21989.854070205,-8.273870468139648,-54.386474609375,82.73577880859375,8.85533618927002,-50.25661087036133,84.55986785888672,5.3373637199401855,-53.51089096069336,89.85580444335938,-4.8138227462768555,-57.357933044433594,87.91101837158203,Go,Stepping
1780509953.8885012,21989.873896796,-9.413244247436523,-54.378440856933594,82.03618621826172,7.705801010131836,-50.861412048339844,84.89734649658203,4.294772624969482,-53.629581451416016,89.37826538085938,-5.861367225646973,-57.884098052978516,88.10985565185547,Go,Stepping
1780509953.9087882,21989.894450989,-10.66069507598877,-55.099464416503906,82.53174591064453,6.549513816833496,-51.464080810546875,85.22063446044922,3.250480890274048,-53.7376594543457,88.88088989257812,-6.994810104370117,-59.20416259765625,89.56436920166016,Go,Stepping
1780509953.9285586,21989.915429007,-15.082579612731934,-62.2839241027832,92.1374740600586,5.392889022827148,-52.06290054321289,85.53180694580078,2.215928792953491,-53.83574676513672,88.37174987792969,-10.939523696899414,-68.2750244140625,101.59799194335938,Go,Stepping
1780509953.9486473,21989.934953934,-17.56596565246582,-70.5284423828125,104.10301971435547,4.235345840454102,-52.65947341918945,85.83234405517578,1.1833804845809937,-53.92655563354492,87.85126495361328,-13.027914047241211,-77.62486267089844,114.15608978271484,Go,Stepping
1780509953.9687283,21989.955248013,-15.491154670715332,-75.3540267944336,112.3935775756836,3.0771255493164062,-53.25414276123047,86.12382507324219,0.15564079582691193,-54.01191711425781,87.32432556152344,-10.650971412658691,-81.42538452148438,120.49363708496094,Go,Stepping
1780509953.9885523,21989.974778075,-9.476490020751953,-77.99847412109375,118.96281433105469,1.9321582317352295,-53.839778900146484,86.40382385253906,-0.8509634137153625,-54.093082427978516,86.80339813232422,-4.626590728759766,-81.1776351928711,123.15727233886719,Go,Stepping
1780509954.0085557,21989.994268974,-1.358745813369751,-79.13253784179688,124.2596206665039,0.7776920795440674,-54.42734146118164,86.67644500732422,-1.86182701587677,-54.17351150512695,86.27861022949219,2.8556976318359375,-78.81524658203125,123.82949829101562,Go,Stepping
1780509954.028572,21990.014225893,7.3531951904296875,-77.75983428955078,126.6346435546875,-0.38044995069503784,-55.01212692260742,86.93827056884766,-2.868546724319458,-54.25393295288086,85.75650024414062,10.089829444885254,-74.41513061523438,121.75621032714844,Go,Stepping
1780509954.0485532,21990.034137334,13.280778884887695,-71.9307861328125,122.11810302734375,-1.5405490398406982,-55.5914421081543,87.18602752685547,-3.871678113937378,-54.33501434326172,85.23831176757812,14.48162841796875,-67.20576477050781,114.31281280517578,Go,Stepping
1780509954.0685494,21990.054883909,12.636022567749023,-61.800716400146484,107.3724365234375,-2.705026388168335,-56.16399002075195,87.4166259765625,-4.872709274291992,-54.416969299316406,84.72354888916016,13.493942260742188,-57.45139694213867,99.36190795898438,Go,Stepping
1780509954.0885124,21990.074929527,8.013525009155273,-53.1280403137207,90.74351501464844,-3.8751049041748047,-56.72761917114258,87.62625122070312,-5.872708320617676,-54.499244689941406,84.21076202392578,9.362895011901855,-49.93368911743164,84.66043090820312,Go,Stepping
1780509954.108552,21990.09456891,6.799886226654053,-53.328758239746094,90.30525970458984,-5.033400058746338,-57.27326202392578,87.81119537353516,-6.855229377746582,-54.58205795288086,83.71074676513672,8.342069625854492,-50.48563003540039,84.93792724609375,Go,Stepping
1780509954.1284974,21990.115024357,5.62170934677124,-53.48955535888672,89.83061218261719,-6.206546783447266,-57.807884216308594,87.96622467041016,-7.853336811065674,-54.65946578979492,83.19416809082031,7.355325222015381,-51.006107330322266,85.1797103881836,Go,Stepping
1780509954.1485076,21990.134270768,4.447375297546387,-53.631465911865234,89.32779693603516,-7.389367580413818,-58.3263053894043,88.08756256103516,-8.84913444519043,-54.731727600097656,82.67044067382812,6.359371185302734,-51.52651596069336,85.41361236572266,Go,Stepping
1780509954.168563,21990.154394134,3.274160146713257,-53.757015228271484,88.80127716064453,-10.373799324035645,-62.84154510498047,93.64385223388672,-11.434172630310059,-57.985137939453125,86.58525085449219,5.367690086364746,-52.04202651977539,85.63801574707031,Go,Stepping
1780509954.188566,21990.175183457,2.1099047660827637,-53.86802673339844,88.25688171386719,-14.265935897827148,-73.87317657470703,108.41224670410156,-14.939279556274414,-67.5277328491211,100.1974105834961,4.367780685424805,-52.56118392944336,85.86244201660156,Go,Stepping
1780509954.2085645,21990.194050338,0.9499688744544983,-53.96677017211914,87.69697570800781,-14.362608909606934,-80.53022003173828,117.69021606445312,-15.313323020935059,-73.90037536621094,109.82559204101562,3.3663828372955322,-53.08200454711914,86.08648681640625,Go,Stepping
1780509954.2285476,21990.214183529,-0.20472194254398346,-54.054805755615234,87.12467193603516,-9.335748672485352,-82.0283432006836,122.10751342773438,-11.54150390625,-77.1961441040039,116.5484619140625,2.362337589263916,-53.605995178222656,86.31249237060547,Go,Stepping
1780509954.2485597,21990.234252786,-1.3567224740982056,-54.13331985473633,86.54090118408203,-1.375315546989441,-80.36909484863281,123.7925796508789,-5.155939102172852,-78.82534790039062,121.99472045898438,1.3561235666275024,-54.1334342956543,86.54112243652344,Go,Stepping
1780509954.2685602,21990.254761276,-2.5036017894744873,-54.202880859375,85.94795227050781,7.212641716003418,-76.65101623535156,123.09095764160156,2.377610445022583,-78.90483856201172,125.84059143066406,0.3467567563056946,-54.66448211669922,86.7727279663086,Go,Stepping
1780509954.288556,21990.274321966,-3.6571834087371826,-54.26361846923828,85.33910369873047,14.318634986877441,-70.37831115722656,118.17869567871094,9.379878997802734,-75.72503662109375,125.3402099609375,-0.674528181552887,-55.202659606933594,87.00751495361328,Go,Stepping
1780509954.308569,21990.294487911,-4.804760456085205,-54.317813873291016,84.71798706054688,16.393016815185547,-61.53737258911133,106.67472076416016,11.926822662353516,-67.7085952758789,115.96540832519531,-1.6987571716308594,-55.745277404785156,87.23936462402344,Go,Stepping
1780509954.328575,21990.314909506,-5.945295810699463,-54.36261749267578,84.08444213867188,12.927374839782715,-51.725040435791016,89.40257263183594,9.059911727905273,-56.75421142578125,97.60397338867188,-2.724168062210083,-56.28804397583008,87.46617889404297,Go,Stepping
1780509954.3485072,21990.335221406,-7.089715003967285,-54.39409637451172,83.42865753173828,9.945133209228516,-49.668922424316406,84.2569808959961,6.361459255218506,-53.35094451904297,90.2933120727539,-3.75661039352417,-56.83029556274414,87.68574523925781,Go,Stepping
1780509954.368518,21990.355361252,-8.221280097961426,-54.420188903808594,82.75000762939453,8.798347473144531,-50.24997329711914,84.5970687866211,5.305325031280518,-53.473968505859375,89.85281372070312,-4.7844414710998535,-57.37395477294922,87.88523864746094,Go,Stepping
1780509954.388501,21990.376179394,-9.358043670654297,-54.41461181640625,82.0512924194336,7.663074493408203,-50.855003356933594,84.92487335205078,4.277926921844482,-53.60051727294922,89.37840270996094,-5.838685989379883,-57.903446197509766,88.08238983154297,Go,Stepping
1780509954.408567,21990.394515258,-10.60589599609375,-55.14617156982422,82.55571746826172,6.526318550109863,-51.4522705078125,85.2374267578125,3.2526917457580566,-53.713050842285156,88.88665008544922,-6.9854207038879395,-59.23546600341797,89.54222106933594,Go,Stepping
1780509954.4285586,21990.41456419,-15.057971954345703,-62.32399368286133,92.11653900146484,5.386888027191162,-52.04996109008789,85.53883361816406,2.22849440574646,-53.81897735595703,88.37995147705078,-10.977758407592773,-68.31741333007812,101.55183410644531,Go,Stepping
1780509954.4485583,21990.434470676,-17.55384635925293,-70.56004333496094,104.05912017822266,4.235962390899658,-52.64875793457031,85.83586120605469,1.1977808475494385,-53.91569519042969,87.86006927490234,-13.096156120300293,-77.6684799194336,114.09584045410156,Go,Stepping
1780509954.4688087,21990.454974331,-15.509611129760742,-75.36038208007812,112.32783508300781,3.0842912197113037,-53.245521545410156,86.12413024902344,0.16988104581832886,-54.006473541259766,87.33279418945312,-10.737082481384277,-81.45832061767578,120.43933868408203,Go,Stepping
1780509954.4885705,21990.476603716,-9.475936889648438,-78.01152038574219,118.95663452148438,1.932222843170166,-53.8386116027832,86.404296875,-0.849835216999054,-54.09197998046875,86.80438995361328,-4.6404643058776855,-81.19558715820312,123.15191650390625,Go,Stepping
1780509954.5085733,21990.494313668,-1.3596082925796509,-79.1303482055664,124.26023864746094,0.7788048982620239,-54.428436279296875,86.67536926269531,-1.862575888633728,-54.17497634887695,86.2774658203125,2.8573246002197266,-78.81244659423828,123.83001708984375,Go,Stepping
1780509954.5285714,21990.514172853,7.316677570343018,-77.73529815673828,126.63648986816406,-0.3739117383956909,-55.014305114746094,86.93407440185547,-2.866941213607788,-54.258544921875,85.75457763671875,10.08132553100586,-74.39369201660156,121.76749420166016,Go,Stepping
1780509954.5485678,21990.534239549,13.240618705749512,-71.90158081054688,122.12738800048828,-1.5326406955718994,-55.5947380065918,87.18048095703125,-3.8698580265045166,-54.34104919433594,85.23518371582031,14.474031448364258,-67.17721557617188,114.32796478271484,Go,Stepping
1780509954.5686646,21990.555147347,12.59506893157959,-61.754764556884766,107.34463500976562,-2.697106122970581,-56.16923522949219,87.41000366210938,-4.874237537384033,-54.424278259277344,84.71707916259766,13.48711109161377,-57.40231704711914,99.33656311035156,Go,Stepping
1780509954.5885181,21990.574189714,7.958252906799316,-53.111473083496094,90.73860931396484,-3.8444159030914307,-56.72846603393555,87.6148452758789,-5.862687587738037,-54.51008224487305,84.20858764648438,9.344759941101074,-49.91835403442383,84.67112731933594,Go,Stepping
1780509954.6085582,21990.594237789,6.741328716278076,-53.301422119140625,90.29916381835938,-4.986574649810791,-57.27898025512695,87.79096221923828,-6.828467845916748,-54.60401153564453,83.71087646484375,8.309121131896973,-50.46898651123047,84.95834350585938,Go,Stepping
1780509954.6285145,21990.616361659,5.585512638092041,-53.465885162353516,89.82716369628906,-6.167271614074707,-57.81809997558594,87.94503784179688,-7.833731174468994,-54.6818733215332,83.18712615966797,7.337178707122803,-50.98822021484375,85.19173431396484,Go,Stepping
1780509954.6485188,21990.634703625,4.423806667327881,-53.615135192871094,89.32548522949219,-7.352605819702148,-58.3360481262207,88.06800842285156,-8.832112312316895,-54.75212097167969,82.66246795654297,6.3486328125,-51.513763427734375,85.4215316772461,Go,Stepping
1780509954.668556,21990.65407644,3.2701680660247803,-53.745994567871094,88.80280303955078,-10.360906600952148,-62.85844039916992,93.62417602539062,-11.422098159790039,-58.00602340698242,86.57390594482422,5.363670825958252,-52.03288269042969,85.64224243164062,Go,Stepping
1780509954.6885698,21990.674072498,2.106809139251709,-53.860755920410156,88.25794982910156,-14.249714851379395,-73.8955307006836,108.39356231689453,-14.925795555114746,-67.55403900146484,100.1875228881836,4.364964008331299,-52.55523681640625,85.86560821533203,Go,Stepping
1780509954.708666,21990.693821691,0.9491071701049805,-53.963260650634766,87.69786834716797,-14.354996681213379,-80.54825592041016,117.67720031738281,-15.305279731750488,-73.92021179199219,109.81819915771484,3.3652985095977783,-53.07901382446289,86.08809661865234,Go,Stepping
1780509954.7285597,21990.714221313,-0.20555032789707184,-54.05341339111328,87.12488555908203,-9.327133178710938,-82.03799438476562,122.10128784179688,-11.54116153717041,-77.20709228515625,116.54281616210938,2.3623363971710205,-53.60462951660156,86.31305694580078,Go,Stepping
1780509954.7485695,21990.733762651,-1.356065034866333,-54.13327407836914,86.5412368774414,-1.3735538721084595,-80.37123107910156,123.79003143310547,-5.1534905433654785,-78.82828521728516,121.99346160888672,1.3566974401474,-54.13313293457031,86.5409927368164,Go,Stepping
1780509954.7685633,21990.754269017,-2.4961116313934326,-54.2046012878418,85.95104217529297,7.17962121963501,-76.66106414794922,123.103271484375,2.3417611122131348,-78.89985656738281,125.83291625976562,0.35452738404273987,-54.6627197265625,86.77008819580078,Go,Stepping
1780509954.78858,21990.774081583,-3.6260108947753906,-54.26871109008789,85.35479736328125,14.162020683288574,-70.45512390136719,118.26026153564453,9.221508026123047,-75.73155212402344,125.3216781616211,-0.6465569138526917,-55.194664001464844,87.00012969970703,Go,Stepping
1780509954.8085778,21990.794034438,-4.7592291831970215,-54.32249450683594,84.74555206298828,16.21384048461914,-61.65778350830078,106.79554748535156,11.743101119995117,-67.7522964477539,115.95758819580078,-1.6572901010513306,-55.73016357421875,87.23255920410156,Go,Stepping
1780509954.828567,21990.814168766,-5.895660400390625,-54.36404037475586,84.1211166381836,12.811638832092285,-51.82427978515625,89.49244689941406,8.955808639526367,-56.799747467041016,97.6010513305664,-2.6821024417877197,-56.26816940307617,87.46509552001953,Go,Stepping
1780509954.848558,21990.834249748,-7.034121990203857,-54.39324188232422,83.47802734375,9.857280731201172,-49.744361877441406,84.3079605102539,6.28731107711792,-53.387123107910156,90.27800750732422,-3.710838794708252,-56.804901123046875,87.69170379638672,Go,Stepping
1780509954.868729,21990.854605254,-8.162668228149414,-54.408790588378906,82.8197021484375,8.731700897216797,-50.32693099975586,84.62992095947266,5.256782054901123,-53.52134704589844,89.83757781982422,-4.742391586303711,-57.336360931396484,87.90766143798828,Go,Stepping
1780509954.8885183,21990.87414768,-9.294540405273438,-54.40436553955078,82.13291931152344,7.612502574920654,-50.91377639770508,84.94599151611328,4.234914779663086,-53.63770294189453,89.36260223388672,-5.783792018890381,-57.86077880859375,88.1102066040039,Go,Stepping
1780509954.9085116,21990.894056159,-10.445987701416016,-54.375186920166016,81.3940658569336,6.497973442077637,-51.49076843261719,85.24585723876953,3.2242212295532227,-53.73996353149414,88.87361907958984,-6.852867603302002,-58.382789611816406,88.29072570800781,Go,Stepping
1780509954.9285703,21990.914264876,-14.988527297973633,-62.30605697631836,92.20321655273438,5.365749835968018,-52.07549285888672,85.54400634765625,2.2037353515625,-53.83570861816406,88.36798095703125,-10.889899253845215,-68.25672149658203,101.58629608154297,Go,Stepping
1780509954.9485824,21990.93423809,-17.521461486816406,-70.52926635742188,104.10752868652344,4.230135917663574,-52.660614013671875,85.83524322509766,1.1869806051254272,-53.92523193359375,87.85332489013672,-13.030920028686523,-77.61100006103516,114.12581634521484,Go,Stepping
1780509954.9685543,21990.954142502,-15.490689277648926,-75.33540344238281,112.35308074951172,3.082223892211914,-53.25069046020508,86.1233139038086,0.1654156893491745,-54.0107421875,87.32947540283203,-10.696175575256348,-81.41607666015625,120.45392608642578,Go,Stepping
1780509954.9885716,21990.974969577,-9.472661972045898,-78.00056457519531,118.96261596679688,1.9321708679199219,-53.83955001831055,86.4039306640625,-0.8505099415779114,-54.092872619628906,86.80370330810547,-4.62894868850708,-81.17986297607422,123.1553726196289,Go,Stepping
1780509955.0085661,21990.995043355,-1.3652747869491577,-79.13224029541016,124.25669860839844,0.7794766426086426,-54.42666244506836,86.67595672607422,-1.8615108728408813,-54.17353439331055,86.27873229980469,2.851687431335449,-78.81682586669922,123.82967376708984,Go,Stepping
1780509955.0285823,21991.014388966,7.334235668182373,-77.76095581054688,126.63265228271484,-0.3771611154079437,-55.011165618896484,86.93737030029297,-2.8690950870513916,-54.25410842895508,85.75603485107422,10.091991424560547,-74.4134521484375,121.7567138671875,Go,Stepping
1780509955.0487254,21991.034265191,13.29411506652832,-71.87647247314453,122.05778503417969,-1.5470473766326904,-55.59516906738281,87.18716430664062,-3.876969814300537,-54.33599853515625,85.23536682128906,14.487997055053711,-67.1515121459961,114.245361328125,Go,Stepping
1780509955.0685751,21991.05453017,12.635761260986328,-61.80699920654297,107.38568115234375,-2.7034802436828613,-56.163761138916016,87.4160385131836,-4.870475769042969,-54.417537689208984,84.72454071044922,13.491148948669434,-57.45981216430664,99.37773132324219,Go,Stepping
1780509955.0885065,21991.074512512,8.024530410766602,-53.12507247924805,90.74491119384766,-3.8797037601470947,-56.72909164428711,87.6261978149414,-5.8618268966674805,-54.50119400024414,84.21737670898438,9.34628963470459,-49.94263458251953,84.67105865478516,Go,Stepping
1780509955.1085703,21991.094163521,6.836933135986328,-53.319427490234375,90.31201171875,-5.058411121368408,-57.28166580200195,87.81019592285156,-6.857287883758545,-54.58353042602539,83.70719146728516,8.349027633666992,-50.478248596191406,84.93534851074219,Go,Stepping
1780509955.1285763,21991.114124732,5.648967266082764,-53.483558654785156,89.83553314208984,-6.242773532867432,-57.819358825683594,87.96440124511719,-7.852290630340576,-54.66302490234375,83.19373321533203,7.349170684814453,-51.007041931152344,85.18287658691406,Go,Stepping
1780509955.1485333,21991.134175431,4.462754726409912,-53.62916946411133,89.33140563964844,-7.413356781005859,-58.33250045776367,88.08480834960938,-8.831609725952148,-54.737613677978516,82.68315887451172,6.347025394439697,-51.53218460083008,85.41979217529297,Go,Stepping
1780509955.1685896,21991.154347807,3.2904763221740723,-53.75545120239258,88.80577087402344,-10.418807029724121,-62.85615158081055,93.6445083618164,-11.397040367126465,-58.004032135009766,86.62379455566406,5.351012229919434,-52.04983901977539,85.64555358886719,Go,Stepping
1780509955.188683,21991.17406165,2.114471673965454,-53.868186950683594,88.25772857666016,-14.307302474975586,-73.90511322021484,108.44003295898438,-14.884706497192383,-67.57177734375,100.27864837646484,4.350444793701172,-52.56965637207031,85.8689193725586,Go,Stepping
1780509955.2085965,21991.195172266,0.9491244554519653,-53.9676513671875,87.69623565673828,-14.358075141906738,-80.52971649169922,117.69473266601562,-15.216535568237305,-73.92867279052734,109.89833068847656,3.3506598472595215,-53.089874267578125,86.09186553955078,Go,Stepping
1780509955.228605,21991.214799278,-0.20691481232643127,-54.05539321899414,87.12345123291016,-9.315385818481445,-82.0209732055664,122.11044311523438,-11.459601402282715,-77.21056365966797,116.5977783203125,2.3531441688537598,-53.61049270629883,86.31520080566406,Go,Stepping
1780509955.248592,21991.234502478,-1.3567224740982056,-54.13331985473633,86.54090118408203,-1.375196933746338,-80.36815643310547,123.79291534423828,-5.130496501922607,-78.82686614990234,122.0055160522461,1.3561235666275024,-54.1334342956543,86.54112243652344,Go,Stepping
1780509955.2686162,21991.254159772,-2.502371311187744,-54.20238494873047,85.948974609375,7.212677478790283,-76.65303039550781,123.09033966064453,2.3369786739349365,-78.90780639648438,125.82920837402344,0.35680392384529114,-54.66011047363281,86.77061462402344,Go,Stepping
1780509955.288725,21991.274971149,-3.6491053104400635,-54.262935638427734,85.3453140258789,14.273414611816406,-70.38583374023438,118.15679931640625,9.229241371154785,-75.72718048095703,125.27706146240234,-0.6483122706413269,-55.191856384277344,87.00373077392578,Go,Stepping
1780509955.3086119,21991.294599119,-4.769130229949951,-54.31431579589844,84.74488067626953,16.24913787841797,-61.66696548461914,106.75146484375,11.678788185119629,-67.80046081542969,115.93334197998047,-1.6435874700546265,-55.71855163574219,87.23536682128906,Go,Stepping
1780509955.3285832,21991.315334894,-5.902651786804199,-54.3554801940918,84.12284088134766,12.823983192443848,-51.83624267578125,89.4636001586914,8.87671947479248,-56.83579635620117,97.57563781738281,-2.6526858806610107,-56.251373291015625,87.46726989746094,Go,Stepping
1780509955.3485205,21991.335188992,-7.037282943725586,-54.38433837890625,83.48265075683594,9.867464065551758,-49.75710678100586,84.29911804199219,6.231781959533691,-53.41444396972656,90.26807403564453,-3.6704599857330322,-56.78468322753906,87.694580078125,Go,Stepping
1780509955.3685286,21991.355191988,-8.14795970916748,-54.40191650390625,82.8399658203125,8.71914005279541,-50.3503532409668,84.63470458984375,5.197709083557129,-53.54489517211914,89.82362365722656,-4.684998989105225,-57.31045913696289,87.91342163085938,Go,Stepping
1780509955.3885243,21991.37453418,-9.262747764587402,-54.40177536010742,82.1691665649414,7.586948394775391,-50.94011688232422,84.95649719238281,4.170944690704346,-53.656455993652344,89.34453582763672,-5.702416896820068,-57.829681396484375,88.11920166015625,Go,Stepping
1780509955.4085855,21991.394901303,-10.490042686462402,-55.1309928894043,82.69093322753906,6.458003520965576,-51.52272033691406,85.26180267333984,3.1515300273895264,-53.7564697265625,88.84992980957031,-6.805908679962158,-59.14402770996094,89.58190155029297,Go,Stepping
1780509955.4285786,21991.414110798,-14.870720863342285,-62.32923889160156,92.33700561523438,5.327381134033203,-52.10373306274414,85.55767822265625,2.1366796493530273,-53.84820556640625,88.34343719482422,-10.661253929138184,-68.19969940185547,101.63835144042969,Go,Stepping
1780509955.448676,21991.434404588,-17.393768310546875,-70.56700897216797,104.25907897949219,4.2013702392578125,-52.68014907836914,85.84391784667969,1.136242389678955,-53.93240737915039,87.83248138427734,-12.754476547241211,-77.55815887451172,114.19872283935547,Go,Stepping
1780509955.4688168,21991.454776567,-15.34045696258545,-75.38035583496094,112.51284790039062,3.0559420585632324,-53.26645278930664,86.12993621826172,0.1258973628282547,-54.01472854614258,87.31107330322266,-10.406351089477539,-81.35533905029297,120.51651763916016,Go,Stepping
1780509955.4885979,21991.474426111,-9.40562629699707,-78.00065612792969,119.00428009033203,1.9262446165084839,-53.843109130859375,86.40524291992188,-0.8600546717643738,-54.093666076660156,86.79898834228516,-4.506961345672607,-81.13079071044922,123.15184020996094,Go,Stepping
1780509955.5086856,21991.495245141,-1.3507336378097534,-79.13387298583984,124.26454162597656,0.7815940976142883,-54.425209045410156,86.67576599121094,-1.8547852039337158,-54.17330551147461,86.28234100341797,2.857691764831543,-78.81547546386719,123.8312759399414,Go,Stepping
1780509955.5287626,21991.515234435,7.367537498474121,-77.73993682861328,126.60956573486328,-0.378827303647995,-55.01112747192383,86.9393081665039,-2.8534305095672607,-54.25481033325195,85.76578521728516,10.029583930969238,-74.42728424072266,121.75116729736328,Go,Stepping
1780509955.5485961,21991.534180714,13.11414909362793,-71.98905944824219,122.10186767578125,-1.5087329149246216,-55.576534271240234,87.18281555175781,-3.827465534210205,-54.33564758300781,85.26553344726562,14.272794723510742,-67.34927368164062,114.41728210449219,Go,Stepping
1780509955.5685835,21991.554174448,12.493595123291016,-61.85789108276367,107.36536407470703,-2.6640570163726807,-56.1454963684082,87.414794921875,-4.805907249450684,-54.42015075683594,84.7672119140625,13.277196884155273,-57.60577392578125,99.49394226074219,Go,Stepping
1780509955.5885358,21991.574489399,7.915487289428711,-53.161338806152344,90.72990417480469,-3.820484161376953,-56.704864501953125,87.62626647949219,-5.788597583770752,-54.505374908447266,84.26941680908203,9.215656280517578,-50.034942626953125,84.7474365234375,Go,Stepping
1780509955.608545,21991.594887203,6.733487129211426,-53.34993362426758,90.29350280761719,-4.975671768188477,-57.250823974609375,87.81333923339844,-6.770915508270264,-54.589805603027344,83.77239227294922,8.241703987121582,-50.55255889892578,84.9932632446289,Go,Stepping
1780509955.628531,21991.614942404,5.554722785949707,-53.5078125,89.81493377685547,-6.133455276489258,-57.78239440917969,87.9727783203125,-7.754919528961182,-54.67142868041992,83.27146911621094,7.264747142791748,-51.06444549560547,85.2248764038086,Go,Stepping
1780509955.6485178,21991.634910645,4.3883748054504395,-53.64558029174805,89.31129455566406,-7.300079345703125,-58.29817581176758,88.0997085571289,-8.736912727355957,-54.74811935424805,82.76377868652344,6.284058094024658,-51.57341766357422,85.44775390625,Go,Stepping
1780509955.6685846,21991.655054995,3.214731454849243,-53.769405364990234,88.78174591064453,-10.222635269165039,-62.80085754394531,93.67411804199219,-11.250208854675293,-58.02165603637695,86.74974822998047,5.292159080505371,-52.08726119995117,85.66893768310547,Go,Stepping
1780509955.6885853,21991.67493588,2.060697078704834,-53.87662887573242,88.23847961425781,-14.039331436157227,-73.81826782226562,108.4599838256836,-14.691137313842773,-67.57814025878906,100.40414428710938,4.308905601501465,-52.595245361328125,85.8839340209961,Go,Stepping
1780509955.708588,21991.694418523,0.9148187041282654,-53.97191619873047,87.68205261230469,-14.117570877075195,-80.46885681152344,117.73533630371094,-15.042346954345703,-73.9543228149414,110.03246307373047,3.3230206966400146,-53.1059684753418,86.10045623779297,Go,Stepping
1780509955.7285926,21991.714269065,-0.22292718291282654,-54.056888580322266,87.1160659790039,-9.154552459716797,-81.9651870727539,122.11760711669922,-11.341058731079102,-77.21804809570312,116.67146301269531,2.340226173400879,-53.61771011352539,86.31867218017578,Go,Stepping
1780509955.7485993,21991.734168696,-1.3561795949935913,-54.133277893066406,86.54118347167969,-1.3129446506500244,-80.3387222290039,123.78544616699219,-5.080223083496094,-78.82440185546875,122.0280532836914,1.3565984964370728,-54.1331901550293,86.541015625,Go,Stepping
1780509955.7685966,21991.755422121,-2.479459047317505,-54.20161437988281,85.96171569824219,7.107887268066406,-76.71430206298828,123.12003326416016,2.245818614959717,-78.92207336425781,125.80101776123047,0.3757416009902954,-54.65047073364258,86.76705169677734,Go,Stepping
1780509955.7888803,21991.775108724,-3.599452018737793,-54.263031005859375,85.37600708007812,14.020910263061523,-70.54364776611328,118.25293731689453,8.983352661132812,-75.7755355834961,125.2125473022461,-0.6051364541053772,-55.17140579223633,86.99786376953125,Go,Stepping
1780509955.8086734,21991.794254682,-4.657132625579834,-54.317203521728516,84.81902313232422,15.79838752746582,-61.99720001220703,107.0162353515625,11.211487770080566,-67.94368743896484,115.8749771118164,-1.539961576461792,-55.67186737060547,87.22443389892578,Go,Stepping
1780509955.8285923,21991.813866083,-5.733390808105469,-54.36481475830078,84.24317932128906,12.417848587036133,-52.14958953857422,89.74840545654297,8.468538284301758,-56.967586517333984,97.53433990478516,-2.492318630218506,-56.183006286621094,87.45643615722656,Go,Stepping
1780509955.8485265,21991.834140912,-6.773122787475586,-54.40668487548828,83.68418884277344,9.4779052734375,-50.031959533691406,84.52787780761719,5.839796543121338,-53.518062591552734,90.19047546386719,-3.409421682357788,-56.68009948730469,87.68683624267578,Go,Stepping
1780509955.8685236,21991.85394942,-7.8193817138671875,-54.43936538696289,83.10809326171875,8.364662170410156,-50.592140197753906,84.82439422607422,4.828564167022705,-53.632564544677734,89.7352523803711,-4.343605041503906,-57.182777404785156,87.91638946533203,Go,Stepping
1780509955.8885474,21991.874558529,-8.875720977783203,-54.45836639404297,82.5060043334961,7.27949857711792,-51.142086029052734,85.1061019897461,3.8497815132141113,-53.7243766784668,89.25411224365234,-5.292415618896484,-57.68669891357422,88.13900756835938,Go,Stepping
1780509955.9085283,21991.894164932,-9.898881912231445,-54.46672821044922,81.90945434570312,6.18328332901001,-51.696372985839844,85.38296508789062,2.867743968963623,-53.80931091308594,88.75791931152344,-6.214327335357666,-58.173828125,88.35160827636719,Go,Stepping
1780509955.9286802,21991.91489508,-14.159173011779785,-62.489749908447266,93.0045394897461,5.105740547180176,-52.238059997558594,85.64501953125,1.9098213911056519,-53.88460159301758,88.26017761230469,-9.869379043579102,-67.97901916503906,101.75648498535156,Go,Stepping
1780509955.9485943,21991.935274097,-16.53129005432129,-70.75270080566406,104.98785400390625,4.034866809844971,-52.77690505981445,85.9021987915039,0.9684743285179138,-53.95526123046875,87.76399230957031,-11.765595436096191,-77.2772216796875,114.32332611083984,Go,Stepping
1780509955.9685967,21991.95496381,-14.606196403503418,-75.4769515991211,113.011474609375,2.9615840911865234,-53.31922912597656,86.15908813476562,0.03056751750409603,-54.02549743652344,87.26861572265625,-9.570466995239258,-81.05807495117188,120.53968048095703,Go,Stepping
1780509955.9886727,21991.975279238,-8.953930854797363,-78.02459716796875,119.25555419921875,1.8896275758743286,-53.86252975463867,86.41456604003906,-0.8975251913070679,-54.09675979614258,86.78047943115234,-4.008291244506836,-80.923583984375,123.12824249267578,Go,Stepping
1780509956.0085833,21991.996257429,-1.423956036567688,-79.13725280761719,124.234130859375,0.8207371830940247,-54.405494689941406,86.6675033569336,-1.8161041736602783,-54.170989990234375,86.30303192138672,2.787822723388672,-78.85017395019531,123.84156799316406,Go,Stepping
1780509956.0286052,21992.014277038,6.646370887756348,-77.91712951660156,126.48155975341797,-0.25224897265434265,-54.95042037963867,86.91767883300781,-2.731323480606079,-54.250022888183594,85.83553314208984,9.389013290405273,-74.85563659667969,121.99884033203125,Go,Stepping
1780509956.0486772,21992.034124034,12.161985397338867,-72.29597473144531,122.008544921875,-1.3268542289733887,-55.49461364746094,87.16177368164062,-3.646601676940918,-54.3343391418457,85.37759399414062,13.414015769958496,-67.95043182373047,114.83104705810547,Go,Stepping
1780509956.0686085,21992.057804513,11.586590766906738,-62.191551208496094,107.3359146118164,-2.401125192642212,-56.03468322753906,87.39596557617188,-4.558578014373779,-54.42364501953125,84.9308853149414,12.476234436035156,-58.20482635498047,99.9778060913086,Go,Stepping
1780509956.0885496,21992.075059894,7.305384159088135,-53.34456253051758,90.64332580566406,-3.4770777225494385,-56.569602966308594,87.61758422851562,-5.470645904541016,-54.5175895690918,84.49308013916016,8.661896705627441,-50.42708206176758,85.060791015625,Go,Stepping
1780509956.1085489,21992.096939194,6.227455139160156,-53.4871940612793,90.19789123535156,-4.579224586486816,-57.1057014465332,87.82249450683594,-6.403012752532959,-54.61349868774414,84.04666137695312,7.776567459106445,-50.870460510253906,85.2359619140625,Go,Stepping
1780509956.128544,21992.116600261,5.124571323394775,-53.61253356933594,89.71349334716797,-5.668307304382324,-57.62468719482422,88.00537872314453,-7.316756725311279,-54.711647033691406,83.61631774902344,6.859001159667969,-51.33149719238281,85.41925048828125,Go,Stepping
1780509956.1485312,21992.134543359,4.029126167297363,-53.72309875488281,89.21016693115234,-6.757750988006592,-58.12917709350586,88.16282653808594,-8.223943710327148,-54.808570861816406,83.18865203857422,5.939815521240234,-51.79178237915039,85.59837341308594,Go,Stepping
1780509956.1686144,21992.154672906,2.9411091804504395,-53.821224212646484,88.69151306152344,-9.533590316772461,-62.621944427490234,93.8116683959961,-10.57985782623291,-58.14332962036133,87.35546112060547,5.015361785888672,-52.25530242919922,85.7784423828125,Go,Stepping
1780509956.1886137,21992.174846565,1.8594107627868652,-53.90911865234375,88.16265869140625,-13.130614280700684,-73.61293029785156,108.66764068603516,-13.825858116149902,-67.75184631347656,101.14336395263672,4.101226806640625,-52.71632385253906,85.95759582519531,Go,Stepping
1780509956.2086003,21992.195504702,0.7832455039024353,-53.989444732666016,87.62642669677734,-13.195940971374512,-80.2281265258789,117.88642883300781,-14.176308631896973,-74.10118103027344,110.68004608154297,3.1856906414031982,-53.182861328125,86.1436538696289,Go,Stepping
1780509956.2285998,21992.214818683,-0.2884267270565033,-54.06365203857422,87.08531188964844,-8.504220962524414,-81.73703002929688,122.14755249023438,-10.725886344909668,-77.27299499511719,117.04666900634766,2.272510290145874,-53.654109954833984,86.33718872070312,Go,Stepping
1780509956.248614,21992.234831295,-1.356701135635376,-54.1333122253418,86.5409164428711,-1.1199007034301758,-80.24813079833984,123.76531219482422,-4.8855485916137695,-78.82093811035156,122.11685943603516,1.356148600578308,-54.133426666259766,86.54112243652344,Go,Stepping
1780509956.2686095,21992.254313436,-2.461233377456665,-54.20073318481445,85.97207641601562,7.030311107635498,-76.76099395751953,123.14143371582031,2.153642177581787,-78.9344711303711,125.77300262451172,0.3963252902030945,-54.64046096801758,86.76304626464844,Go,Stepping
1780509956.2886097,21992.275326718,-3.6215784549713135,-54.26276397705078,85.3613510131836,14.139397621154785,-70.50562286376953,118.2593002319336,9.122821807861328,-75.78595733642578,125.29483795166016,-0.629149317741394,-55.18198776245117,87.00052642822266,Go,Stepping
1780509956.308609,21992.295594075,-4.785524845123291,-54.31423568725586,84.73361206054688,16.318641662597656,-61.61931610107422,106.72193145751953,11.787406921386719,-67.77427673339844,115.9549331665039,-1.667077660560608,-55.72853469848633,87.23802947998047,Go,Stepping
1780509956.328594,21992.315293189,-6.03225564956665,-54.349124908447266,84.02871704101562,13.137552261352539,-51.59016799926758,89.25082397460938,9.259641647338867,-56.71723175048828,97.61997985839844,-2.802048683166504,-56.31291580200195,87.47737121582031,Go,Stepping
1780509956.3485506,21992.335252095,-7.2718000411987305,-54.364627838134766,83.29940032958984,10.213774681091309,-49.503684997558594,84.09066009521484,6.636345863342285,-53.30598068237305,90.34192657470703,-3.939401149749756,-56.88856506347656,87.70087432861328,Go,Stepping
1780509956.368559,21992.354324891,-8.484527587890625,-54.361122131347656,82.55851745605469,9.083049774169922,-50.096187591552734,84.43389129638672,5.601576328277588,-53.446407318115234,89.91429901123047,-5.057736873626709,-57.445396423339844,87.90555572509766,Go,Stepping
1780509956.388563,21992.374198339,-9.772432327270508,-54.32109069824219,81.7120590209961,7.992129802703857,-50.667667388916016,84.75223541259766,4.615538120269775,-53.55943298339844,89.46363830566406,-6.269930362701416,-58.019927978515625,88.0820541381836,Go,Stepping
1780509956.4086165,21992.39427416,-11.139740943908691,-55.00632858276367,82.07491302490234,6.830443382263184,-51.282676696777344,85.09297180175781,3.5588130950927734,-53.67840576171875,88.97645568847656,-7.5414509773254395,-59.37249755859375,89.50562286376953,Go,Stepping
1780509956.4286158,21992.414418443,-15.818374633789062,-62.085121154785156,91.38916778564453,5.627303123474121,-51.91844177246094,85.43681335449219,2.4661343097686768,-53.794185638427734,88.46038818359375,-11.800354957580566,-68.47956848144531,101.41987609863281,Go,Stepping
1780509956.4486039,21992.43564862,-18.440902709960938,-70.28392791748047,103.2713394165039,4.413223743438721,-52.55504608154297,85.76933288574219,1.3700041770935059,-53.90076446533203,87.92616271972656,-14.088164329528809,-77.86225128173828,113.93958282470703,Go,Stepping
1780509956.468612,21992.455034808,-16.30387306213379,-75.179443359375,111.7390365600586,3.1936066150665283,-53.18926239013672,86.0887222290039,0.27640238404273987,-53.998783111572266,87.37873840332031,-11.625560760498047,-81.69478607177734,120.37025451660156,Go,Stepping
1780509956.4886131,21992.474950517,-9.931570053100586,-77.96980285644531,118.70464324951172,1.969131350517273,-53.82017135620117,86.39430236816406,-0.8138474822044373,-54.089935302734375,86.82168579101562,-5.1219048500061035,-81.3795166015625,123.17511749267578,Go,Stepping
1780509956.5086164,21992.494626094,-1.3135946989059448,-79.12821960449219,124.27584838867188,0.7414193153381348,-54.445579528808594,86.6839599609375,-1.898537278175354,-54.17556381225586,86.25885009765625,2.901793956756592,-78.79037475585938,123.81993103027344,Go,Stepping
1780509956.5285687,21992.515178433,7.931174278259277,-77.63343048095703,126.7582015991211,-0.4863775372505188,-55.06217575073242,86.95486450195312,-2.9726336002349854,-54.25693893432617,85.69550323486328,10.61406421661377,-74.08296203613281,121.57411193847656,Go,Stepping
1780509956.5486193,21992.534722987,14.260016441345215,-71.59355163574219,122.18111419677734,-1.7289483547210693,-55.67488479614258,87.20657348632812,-4.04982328414917,-54.33574295043945,85.12586975097656,15.315413475036621,-66.5982666015625,113.87704467773438,Go,Stepping
1780509956.568632,21992.555090367,13.52708911895752,-61.46626663208008,107.38932800292969,-2.962796211242676,-56.270389556884766,87.43197631835938,-5.108780384063721,-54.411888122558594,84.5635757446289,14.256476402282715,-56.873435974121094,98.88712310791016,Go,Stepping
1780509956.5885735,21992.574741898,8.577884674072266,-52.94917678833008,90.80818176269531,-4.191574573516846,-56.84915542602539,87.62914276123047,-6.163744926452637,-54.48478317260742,84.00039672851562,9.8706636428833,-49.56473922729492,84.35603332519531,Go,Stepping
1780509956.608561,21992.594291939,7.308283805847168,-53.184871673583984,90.39048767089844,-5.42653226852417,-57.412349700927734,87.79493713378906,-7.2124128341674805,-54.55422592163086,83.43550872802734,8.798871040344238,-50.16640853881836,84.68793487548828,Go,Stepping
1780509956.628548,21992.614659418,6.03292989730835,-53.38578796386719,89.91909790039062,-6.650930881500244,-57.95184326171875,87.92621612548828,-8.245511054992676,-54.619380950927734,82.87435913085938,7.718794345855713,-50.76079559326172,84.99795532226562,Go,Stepping
1780509956.648552,21992.633907971,4.77089786529541,-53.55946731567383,89.41352081298828,-7.874138832092285,-58.46905517578125,88.01936340332031,-9.282150268554688,-54.67460250854492,82.29732513427734,6.652154922485352,-51.33686828613281,85.28079223632812,Go,Stepping
1780509956.6686964,21992.65436614,3.5288915634155273,-53.70851135253906,88.8812255859375,-11.015263557434082,-62.9964485168457,93.5035400390625,-11.979615211486816,-57.88088607788086,86.07088470458984,5.59367036819458,-51.900997161865234,85.54600524902344,Go,Stepping
1780509956.688707,21992.674965584,2.2929465770721436,-53.83906555175781,88.3232421875,-15.09000301361084,-74.0423812866211,108.20732116699219,-15.594472885131836,-67.3924560546875,99.60989379882812,4.526324272155762,-52.46593475341797,85.80520629882812,Go,Stepping
1780509956.7086043,21992.694373727,1.0633193254470825,-53.95249557495117,87.7436752319336,-15.147151947021484,-80.71385192871094,117.5397720336914,-15.911138534545898,-73.79438781738281,109.34819793701172,3.462900400161743,-53.026329040527344,86.05606079101562,Go,Stepping
1780509956.728608,21992.71494543,-0.15052101016044617,-54.04964065551758,87.14970397949219,-9.87155818939209,-82.20716857910156,122.07520294189453,-11.962889671325684,-77.15911865234375,116.27944946289062,2.4092092514038086,-53.580177307128906,86.29977416992188,Go,Stepping
1780509956.7486084,21992.734918677,-1.355934500694275,-54.13326644897461,86.54130554199219,-1.538612723350525,-80.44355010986328,123.80891418457031,-5.2869873046875,-78.82923126220703,121.93268585205078,1.3568124771118164,-54.13307571411133,86.54096984863281,Go,Stepping
1780509956.7686691,21992.755200154,-2.555027961730957,-54.204505920410156,85.91922760009766,7.4446306228637695,-76.51486206054688,123.02430725097656,2.581024646759033,-78.87261199951172,125.90264129638672,0.30396315455436707,-54.68613815307617,86.78070068359375,Go,Stepping
1780509956.7886171,21992.77524937,-3.735823631286621,-54.263607025146484,85.29088592529297,14.712580680847168,-70.10285949707031,117.98804473876953,9.766186714172363,-75.61907196044922,125.40312194824219,-0.7427750825881958,-55.235164642333984,87.01715850830078,Go,Stepping
1780509956.808611,21992.794861453,-4.900419235229492,-54.31112289428711,84.65692901611328,16.773651123046875,-61.27189254760742,106.43187713623047,12.280264854431152,-67.6111831665039,115.99512481689453,-1.7775026559829712,-55.77766418457031,87.24932098388672,Go,Stepping
1780509956.828619,21992.814152929,-6.066524028778076,-54.34640884399414,84.00434875488281,13.22341251373291,-51.53239822387695,89.19642639160156,9.320743560791016,-56.70232009887695,97.6326675415039,-2.824601411819458,-56.32279586791992,87.4781494140625,Go,Stepping
1780509956.8485484,21992.835150153,-7.233948707580566,-54.367218017578125,83.32962799072266,10.15908432006836,-49.547550201416016,84.12541198730469,6.55345344543457,-53.32749938964844,90.32575988769531,-3.883657455444336,-56.86760330200195,87.69929504394531,Go,Stepping
1780509956.868597,21992.854782003,-8.393324851989746,-54.371150970458984,82.63606262207031,8.98670482635498,-50.166648864746094,84.48759460449219,5.469233512878418,-53.47816467285156,89.88522338867188,-4.933685302734375,-57.401729583740234,87.9078140258789,Go,Stepping
1780509956.8885503,21992.875896638,-9.557904243469238,-54.354278564453125,81.90731811523438,7.823273658752441,-50.78445816040039,84.83821868896484,4.405117988586426,-53.604949951171875,89.40821075439453,-5.999353885650635,-57.931331634521484,88.09999084472656,Go,Stepping
1780509956.908602,21992.895422506,-10.713129997253418,-54.31555938720703,81.14928436279297,6.65238094329834,-51.399410247802734,85.17435455322266,3.3486077785491943,-53.718666076660156,88.91226959228516,-7.074862957000732,-58.4500617980957,88.2704849243164,Go,Stepping
1780509956.928741,21992.915294432,-15.373859405517578,-62.24128723144531,91.90838623046875,5.477023124694824,-52.012115478515625,85.4969482421875,2.2897446155548096,-53.82264709472656,88.39794921875,-11.218131065368652,-68.38116455078125,101.59589385986328,Go,Stepping
1780509956.9486132,21992.937098957,-17.903390884399414,-70.42556762695312,103.77481079101562,4.305300712585449,-52.61924743652344,85.80757904052734,1.2474024295806885,-53.91744613647461,87.87748718261719,-13.383874893188477,-77.69979858398438,114.07220458984375,Go,Stepping
1780509956.968838,21992.954368217,-15.830785751342773,-75.26481628417969,112.1010971069336,3.1288740634918213,-53.22599792480469,86.10850524902344,0.20330572128295898,-54.00669860839844,87.34639739990234,-11.012709617614746,-81.51177978515625,120.42654418945312,Go,Stepping
1780509956.9886339,21992.974028835,-9.65965461730957,-77.9865493774414,118.86092376708984,1.9467960596084595,-53.83213424682617,86.39999389648438,-0.8380925059318542,-54.09189224243164,86.80978393554688,-4.800783157348633,-81.25076293945312,123.16423797607422,Go,Stepping
1780509957.0086079,21992.994937316,-1.347269892692566,-79.13065338134766,124.26271057128906,0.7633662819862366,-54.434478759765625,86.67942810058594,-1.8753561973571777,-54.174312591552734,86.27128601074219,2.866989850997925,-78.80829620361328,123.82611846923828,Go,Stepping
1780509957.028616,21993.01457645,7.6250457763671875,-77.7016830444336,126.69221496582031,-0.43008992075920105,-55.03540802001953,86.94624328613281,-2.9134182929992676,-54.25551223754883,85.73016357421875,10.316720962524414,-74.26998901367188,121.67781066894531,Go,Stepping
1780509957.0487018,21993.036557889,13.769113540649414,-71.77383422851562,122.15991973876953,-1.6338518857955933,-55.632354736328125,87.19654846191406,-3.951249837875366,-54.33595275878906,85.18785858154297,14.857646942138672,-66.93663024902344,114.12850952148438,Go,Stepping
1780509957.068618,21993.054419537,13.0894193649292,-61.64101028442383,107.39366149902344,-2.834871292114258,-56.21727752685547,87.42489624023438,-4.9822306632995605,-54.4153938293457,84.64918518066406,13.85205078125,-57.18616485595703,99.15337371826172,Go,Stepping
1780509957.0886154,21993.074470339,8.409173965454102,-53.79057693481445,92.09293365478516,-4.039712429046631,-56.790531158447266,87.62843322753906,-6.0128960609436035,-54.49324417114258,84.10923767089844,9.71064281463623,-50.445613861083984,85.73798370361328,Go,Stepping
1780509957.108561,21993.094190499,7.0955939292907715,-53.24635314941406,90.35639953613281,-5.259891033172607,-57.35363006591797,87.80260467529297,-7.05808687210083,-54.56658935546875,83.55461883544922,8.603949546813965,-50.303165435791016,84.79618835449219,Go,Stepping
1780509957.1285574,21993.114154118,5.869657039642334,-53.428077697753906,89.88449096679688,-6.475650310516357,-57.89529037475586,87.94348907470703,-8.079191207885742,-54.637908935546875,83.01044464111328,7.563775062561035,-50.864994049072266,85.07643127441406,Go,Stepping
1780509957.1485615,21993.134239009,4.648364067077637,-53.587486267089844,89.38130187988281,-7.691778182983398,-58.41571044921875,88.04666137695312,-9.10696792602539,-54.699398040771484,82.4488296508789,6.532997131347656,-51.41367721557617,85.33545684814453,Go,Stepping
1780509957.1686363,21993.155206574,3.4312169551849365,-53.727630615234375,88.85053253173828,-10.777984619140625,-62.9499626159668,93.57423400878906,-11.75984001159668,-57.93607711791992,86.29670715332031,5.49949836730957,-51.959266662597656,85.58464813232422,Go,Stepping
1780509957.18863,21993.174858832,2.2194392681121826,-53.85091781616211,88.29672241210938,-14.758681297302246,-73.97502136230469,108.29088592529297,-15.323463439941406,-67.44971466064453,99.8532485961914,4.4607720375061035,-52.50526428222656,85.82906341552734,Go,Stepping
1780509957.2086165,21993.195256857,1.0186197757720947,-53.9581298828125,87.72529602050781,-14.840264320373535,-80.64494323730469,117.60249328613281,-15.679574012756348,-73.8376693725586,109.53707885742188,3.425153970718384,-53.04813766479492,86.0679702758789,Go,Stepping
1780509957.2286181,21993.215071445,-0.17295938730239868,-54.0516242980957,87.13941192626953,-9.651309967041016,-82.13536834716797,122.08952331542969,-11.813843727111816,-77.1706771850586,116.37714385986328,2.3924641609191895,-53.58958435058594,86.3042221069336,Go,Stepping
1780509957.2486475,21993.234171719,-1.357637882232666,-54.13337707519531,86.54043579101562,-1.4770935773849487,-80.41740417480469,123.80449676513672,-5.248675346374512,-78.82853698730469,121.95323944091797,1.3553203344345093,-54.13385772705078,86.54130554199219,Go,Stepping
1780509957.2686143,21993.254287375,-2.536546230316162,-54.20418167114258,85.9293441772461,7.355928421020508,-76.56583404541016,123.05027770996094,2.525834560394287,-78.8832778930664,125.88529205322266,0.3142940402030945,-54.68050003051758,86.77886199951172,Go,Stepping
1780509957.2886143,21993.274109965,-3.7038378715515137,-54.266178131103516,85.30892181396484,14.552433967590332,-70.19864654541016,118.0692138671875,9.652341842651367,-75.638427734375,125.38707733154297,-0.7226858735084534,-55.22724914550781,87.01327514648438,Go,Stepping
1780509957.3086228,21993.294610113,-4.865569591522217,-54.315608978271484,84.6778793334961,16.633174896240234,-61.35535430908203,106.51976776123047,12.208452224731445,-67.61963653564453,115.98529815673828,-1.7620567083358765,-55.77231216430664,87.24663543701172,Go,Stepping
1780509957.3286102,21993.314716239,-6.029758453369141,-54.35279083251953,84.02767944335938,13.134480476379395,-51.58595657348633,89.26311492919922,9.290164947509766,-56.70435333251953,97.631591796875,-2.8128859996795654,-56.31946563720703,87.4759521484375,Go,Stepping
1780509957.3485682,21993.334085836,-7.162522315979004,-54.37779235839844,83.38200378417969,10.052203178405762,-49.615379333496094,84.19246673583984,6.483679294586182,-53.34202575683594,90.31256103515625,-3.8382303714752197,-56.850975036621094,87.69718170166016,Go,Stepping
1780509957.3685982,21993.354062817,-8.295844078063965,-54.3883056640625,82.71327209472656,8.880080223083496,-50.23212432861328,84.54875183105469,5.410374164581299,-53.490821838378906,89.87183380126953,-4.880458354949951,-57.382362365722656,87.90843963623047,Go,Stepping
1780509957.3886092,21993.374612217,-9.429839134216309,-54.380393981933594,82.01670837402344,7.719869136810303,-50.84645080566406,84.89210510253906,4.345065593719482,-53.61716842651367,89.39169311523438,-5.924591541290283,-57.905609130859375,88.1044692993164,Go,Stepping
1780509957.4087112,21993.394791336,-10.653164863586426,-55.10487747192383,82.53557586669922,6.553854942321777,-51.45859909057617,85.22015380859375,3.2732465267181396,-53.73265075683594,88.88835906982422,-7.021883964538574,-59.213314056396484,89.56106567382812,Go,Stepping
1780509957.428618,21993.41497429,-15.071008682250977,-62.239322662353516,92.05992126464844,5.400829792022705,-52.05689239501953,85.52989196777344,2.2321484088897705,-53.83282470703125,88.37834167480469,-10.961658477783203,-68.23165130615234,101.51551055908203,Go,Stepping
1780509957.4486284,21993.434956843,-17.597511291503906,-70.5090560913086,104.04935455322266,4.244426250457764,-52.653568267822266,85.82967376708984,1.1945568323135376,-53.92461013793945,87.85617065429688,-13.078725814819336,-77.6250991821289,114.12510681152344,Go,Stepping
1780509957.4686198,21993.455798033,-15.541871070861816,-75.3224868774414,112.31936645507812,3.088979482650757,-53.2476921081543,86.12090301513672,0.1668844223022461,-54.01069259643555,87.33007049560547,-10.71037769317627,-81.42072296142578,120.45501708984375,Go,Stepping
1780509957.4886255,21993.474076085,-9.48970890045166,-77.99664306640625,118.9551773071289,1.9333815574645996,-53.83919143676758,86.40347290039062,-0.851722002029419,-54.09297180175781,86.80310821533203,-4.614584922790527,-81.17430877685547,123.15531921386719,Go,Stepping
1780509957.5088475,21993.494172106,-1.3629543781280518,-79.13247680664062,124.25753021240234,0.7782891988754272,-54.42701721191406,86.67632293701172,-1.859974980354309,-54.17352294921875,86.27952575683594,2.8501827716827393,-78.81759643554688,123.8301010131836,Go,Stepping
1780509957.5286145,21993.514367388,7.3177571296691895,-77.77006530761719,126.6279296875,-0.3741968870162964,-55.0088996887207,86.93734741210938,-2.8559677600860596,-54.254024505615234,85.76349639892578,10.02509880065918,-74.45447540283203,121.78092193603516,Go,Stepping
1780509957.5486612,21993.534161498,13.204068183898926,-71.96216583251953,122.11656188964844,-1.5255271196365356,-55.584373474121094,87.1844482421875,-3.8478031158447266,-54.33559799194336,85.25274658203125,14.370722770690918,-67.28494262695312,114.37520599365234,Go,Stepping
1780509957.5687273,21993.554516863,12.550678253173828,-61.777374267578125,107.28185272216797,-2.6903908252716064,-56.157527923583984,87.41676330566406,-4.839617729187012,-54.419532775878906,84.74556732177734,13.357009887695312,-57.489410400390625,99.35414123535156,Go,Stepping
1780509957.588564,21993.574053511,7.936924934387207,-53.15217971801758,90.73321533203125,-3.831632375717163,-56.71028137207031,87.62551879882812,-5.820225715637207,-54.50267028808594,84.24757385253906,9.272100448608398,-49.996864318847656,84.71397399902344,Go,Stepping
1780509957.6085918,21993.593944941,6.7416462898254395,-53.335445404052734,90.2956771850586,-4.985509395599365,-57.26076889038086,87.80760192871094,-6.790504455566406,-54.5935173034668,83.75308990478516,8.262751579284668,-50.52809524536133,84.98225402832031,Go,Stepping
1780509957.6285655,21993.614458307,5.559319019317627,-53.49834060668945,89.8170166015625,-6.139310359954834,-57.790225982666016,87.96605682373047,-7.76017427444458,-54.67681884765625,83.26141357421875,7.268899917602539,-51.05354309082031,85.22367095947266,Go,Stepping
1780509957.6485798,21993.635178614,4.366021156311035,-53.64529037475586,89.30587768554688,-7.268338203430176,-58.29328155517578,88.09769439697266,-8.711143493652344,-54.756134033203125,82.78091430664062,6.265601634979248,-51.58053970336914,85.45651245117188,Go,Stepping
1780509957.6686313,21993.655462728,3.2039506435394287,-53.768775939941406,88.77873229980469,-10.198838233947754,-62.8046875,93.6821517944336,-11.210915565490723,-58.040367126464844,86.78801727294922,5.274738788604736,-52.09443664550781,85.6766586303711,Go,Stepping
1780509957.6887848,21993.674832496,2.052968978881836,-53.875877380371094,88.23531341552734,-14.045990943908691,-73.87486267089844,108.52581024169922,-14.665070533752441,-67.64099884033203,100.49686431884766,4.294302463531494,-52.60100173950195,85.88917541503906,Go,Stepping
1780509957.7086275,21993.694531178,0.9061139822006226,-53.97200012207031,87.67875671386719,-14.057414054870605,-80.46015167236328,117.742919921875,-14.999916076660156,-73.9663314819336,110.0631103515625,3.3161699771881104,-53.1090202331543,86.10287475585938,Go,Stepping
1780509957.728632,21993.714786424,-0.22714096307754517,-54.056861877441406,87.11428833007812,-9.113242149353027,-81.9547119140625,122.11812591552734,-11.318007469177246,-77.22208404541016,116.68505859375,2.3376352787017822,-53.61884307861328,86.31947326660156,Go,Stepping
1780509957.7487173,21993.734954992,-1.356393814086914,-54.13329315185547,86.54107666015625,-1.3121801614761353,-80.33973693847656,123.78518676757812,-5.0855584144592285,-78.82514953613281,122.02572631835938,1.3564091920852661,-54.1332893371582,86.54106140136719,Go,Stepping
1780509957.7686303,21993.754949718,-2.4786829948425293,-54.20203399658203,85.9619140625,7.104568958282471,-76.71427917480469,123.12158966064453,2.2605440616607666,-78.9201431274414,125.80545806884766,0.3725008964538574,-54.65205764770508,86.76766204833984,Go,Stepping
1780509957.788622,21993.774125572,-3.5948681831359863,-54.263484954833984,85.37713623046875,14.005072593688965,-70.59490203857422,118.32514190673828,9.036945343017578,-75.81103515625,125.28108978271484,-0.613976001739502,-55.17451477050781,86.99835968017578,Go,Stepping
1780509957.8088589,21993.794502775,-4.707847595214844,-54.317222595214844,84.78448486328125,16.00872039794922,-61.84650421142578,106.91366577148438,11.502054214477539,-67.86573791503906,115.92609405517578,-1.6034294366836548,-55.69984817504883,87.23131561279297,Go,Stepping
1780509957.8285859,21993.814875503,-5.811461925506592,-54.36166000366211,84.18602752685547,12.63748836517334,-52.026145935058594,89.68208312988281,8.736080169677734,-56.931339263916016,97.64158630371094,-2.5860235691070557,-56.22180938720703,87.46246337890625,Go,Stepping
1780509957.8485692,21993.835209531,-6.916162967681885,-54.39656066894531,83.57428741455078,9.688249588012695,-49.87971115112305,84.4063949584961,6.086951732635498,-53.45350646972656,90.23970031738281,-3.5743701457977295,-56.7454833984375,87.69248962402344,Go,Stepping
1780509957.8685577,21993.856833339,-8.007377624511719,-54.4201774597168,82.95376586914062,8.568411827087402,-50.45027160644531,84.71708679199219,5.070283889770508,-53.576133728027344,89.79364013671875,-4.56632137298584,-57.26531982421875,87.91532897949219,Go,Stepping
1780509957.8885727,21993.875962747,-9.079323768615723,-54.437469482421875,82.3207778930664,7.440596103668213,-51.02635955810547,85.0303726196289,4.044679641723633,-53.67617416381836,89.31014251708984,-5.5419816970825195,-57.779483795166016,88.1213150024414,Go,Stepping
1780509957.9086285,21993.895051769,-10.2716646194458,-55.1800651550293,82.88518524169922,6.335338115692139,-51.59326934814453,85.31814575195312,3.049921989440918,-53.77141189575195,88.81804656982422,-6.618730545043945,-59.08884048461914,89.59466552734375,Go,Stepping
1780509957.9286573,21993.914647274,-14.562085151672363,-62.42683792114258,92.64146423339844,5.2281813621521,-52.15862274169922,85.59846496582031,2.057926654815674,-53.85833740234375,88.31507110595703,-10.394552230834961,-68.1455078125,101.6946792602539,Go,Stepping
1780509957.948615,21993.934503726,-16.97466468811035,-70.66357421875,104.59672546386719,4.12170934677124,-52.72383499145508,85.87310791015625,1.0700366497039795,-53.94048309326172,87.80596923828125,-12.35593032836914,-77.44257354736328,114.23555755615234,Go,Stepping
1780509957.968671,21993.953901252,-15.036174774169922,-75.41651916503906,112.69386291503906,3.0197787284851074,-53.285438537597656,86.14216613769531,0.098897285759449,-54.0177001953125,87.29964447021484,-10.143216133117676,-81.2470703125,120.49984741210938,Go,Stepping
1780509957.9886272,21993.975055323,-9.212593078613281,-78.0147476196289,119.10811614990234,1.9111108779907227,-53.850746154785156,86.40929412841797,-0.8731110692024231,-54.094642639160156,86.79261016845703,-4.327419757843018,-81.05667114257812,123.14149475097656,Go,Stepping
1780509958.0086744,21993.994608555,-1.3723915815353394,-79.13531494140625,124.25678253173828,0.7979024052619934,-54.41733169555664,86.67219543457031,-1.8410223722457886,-54.172542572021484,86.28972625732422,2.83953857421875,-78.8251724243164,123.8349609375,Go,Stepping
1780509958.0286279,21994.014236437,6.965258598327637,-77.84285736083984,126.55361938476562,-0.31017130613327026,-54.97909927368164,86.9266128540039,-2.79952335357666,-54.25208282470703,85.7962646484375,9.737521171569824,-74.63748168945312,121.88037109375,Go,Stepping
1780509958.0486221,21994.03450886,12.678881645202637,-72.13416290283203,122.0777359008789,-1.4246379137039185,-55.53995132446289,87.17233276367188,-3.756918430328369,-54.33491897583008,85.30928039550781,13.942702293395996,-67.59302520751953,114.59303283691406,Go,Stepping
1780509958.0686383,21994.055068597,12.110481262207031,-61.996192932128906,107.35997772216797,-2.55253005027771,-56.1002197265625,87.40616607666016,-4.720163822174072,-54.420806884765625,84.82450103759766,13.001357078552246,-57.81830596923828,99.66670227050781,Go,Stepping
1780509958.0885696,21994.074981438,7.666418552398682,-53.233787536621094,90.697265625,-3.6794650554656982,-56.651222229003906,87.62210845947266,-5.680105686187744,-54.50884246826172,84.3465805053711,9.028051376342773,-50.17010498046875,84.85466003417969,Go,Stepping
1780509958.1085842,21994.095426026,6.517448902130127,-53.40655517578125,90.25434875488281,-4.807312488555908,-57.19116973876953,87.81690979003906,-6.634754657745361,-54.59834289550781,83.87515258789062,8.068589210510254,-50.67213439941406,85.08423614501953,Go,Stepping
1780509958.1285775,21994.114152995,5.363841533660889,-53.552330017089844,89.77140808105469,-5.927757263183594,-57.715091705322266,87.98682403564453,-7.592200756072998,-54.68541717529297,83.40160369873047,7.113442897796631,-51.1656608581543,85.29759979248047,Go,Stepping
1780509958.1485815,21994.134247005,4.201810359954834,-53.6834831237793,89.25997924804688,-7.021399021148682,-58.214561462402344,88.13148498535156,-8.526447296142578,-54.77083969116211,82.94237518310547,6.141241550445557,-51.666202545166016,85.50991821289062,Go,Stepping
1780509958.1686318,21994.154765374,3.0656869411468506,-53.79550552368164,88.73373413085938,-9.850305557250977,-62.71194839477539,93.7529067993164,-10.970685958862305,-58.07234573364258,87.01481628417969,5.17545223236084,-52.16011047363281,85.71469116210938,Go,Stepping
1780509958.1886823,21994.174698358,1.9343291521072388,-53.8951530456543,88.1917495727539,-13.474186897277832,-73.70148468017578,108.59561157226562,-14.277328491210938,-67.66016387939453,100.77533721923828,4.208291053771973,-52.655601501464844,85.91911315917969,Go,Stepping
1780509958.2086282,21994.194440163,0.8188002705574036,-53.98313522338867,87.64217376708984,-13.448980331420898,-80.30220794677734,117.84623718261719,-14.575240135192871,-74.0245590209961,110.39390563964844,3.2484142780303955,-53.14920425415039,86.12336730957031,Go,Stepping
1780509958.2286406,21994.214827049,-0.272199422121048,-54.06110382080078,87.09333038330078,-8.668907165527344,-81.80049133300781,122.14005279541016,-11.011152267456055,-77.23927307128906,116.88043975830078,2.303553342819214,-53.638221740722656,86.32833862304688,Go,Stepping
1780509958.248721,21994.237148626,-1.3615283966064453,-54.133628845214844,86.53844451904297,-1.115436315536499,-80.25408172607422,123.770751953125,-4.9400553703308105,-78.82337188720703,122.10102081298828,1.3519010543823242,-54.13565444946289,86.5420913696289,Go,Stepping
1780509958.2686336,21994.255378175,-2.424208641052246,-54.20145797729492,85.99169921875,6.870058059692383,-76.84545135498047,123.18893432617188,2.0755789279937744,-78.94572448730469,125.7488784790039,0.4135614037513733,-54.63191604614258,86.75969696044922,Go,Stepping
1780509958.2886324,21994.275310072,-3.494905471801758,-54.26524353027344,85.4364242553711,13.49968147277832,-70.92768859863281,118.5610122680664,8.59938907623291,-75.91761016845703,125.20408630371094,-0.5367934703826904,-55.138511657714844,86.98633575439453,Go,Stepping
1780509958.3086424,21994.295811322,-4.576478004455566,-54.3234748840332,84.86865234375,15.484817504882812,-62.221405029296875,107.24142456054688,11.08354663848877,-67.999267578125,115.88848876953125,-1.5097793340682983,-55.65748596191406,87.22090148925781,Go,Stepping
1780509958.328644,21994.314539906,-5.655050754547119,-54.37504577636719,84.29422760009766,12.223250389099121,-52.265235900878906,89.87533569335938,8.454922676086426,-56.96543884277344,97.52447509765625,-2.488879442214966,-56.17964172363281,87.45687866210938,Go,Stepping
1780509958.3485858,21994.334310183,-6.715749263763428,-54.4190673828125,83.72183990478516,9.390570640563965,-50.07280349731445,84.58177947998047,5.899295806884766,-53.50273132324219,90.20219421386719,-3.450477361679077,-56.6937141418457,87.68940734863281,Go,Stepping
1780509958.3685858,21994.353782778,-7.756074905395508,-54.45420837402344,83.15225219726562,8.299159049987793,-50.622703552246094,84.86341094970703,4.885327339172363,-53.62129592895508,89.74823760986328,-4.393543243408203,-57.19737243652344,87.91749572753906,Go,Stepping
1780509958.388625,21994.374224523,-8.806084632873535,-54.476871490478516,82.55847930908203,7.223847389221191,-51.167789459228516,85.13629913330078,3.8949100971221924,-53.717193603515625,89.26578521728516,-5.350564002990723,-57.70244216918945,88.13872528076172,Go,Stepping
1780509958.4087996,21994.394331845,-9.984326362609863,-55.23067855834961,83.14697265625,6.151798248291016,-51.70716094970703,85.3980484008789,2.9183058738708496,-53.80162048339844,88.77243041992188,-6.4128737449646,-59.011390686035156,89.61890411376953,Go,Stepping
1780509958.428843,21994.415033117,-14.096659660339355,-62.525447845458984,93.06684112548828,5.084348678588867,-52.24528503417969,85.65535736083984,1.9510812759399414,-53.88019561767578,88.27438354492188,-10.01828384399414,-68.02046966552734,101.75143432617188,Go,Stepping
1780509958.4486341,21994.434316226,-16.449050903320312,-70.81285858154297,105.041015625,4.017935276031494,-52.7778434753418,85.91096496582031,0.9854227304458618,-53.94821548461914,87.77213287353516,-11.867792129516602,-77.3316650390625,114.30200958251953,Go,Stepping
1780509958.4686263,21994.455200138,-14.567852020263672,-75.51456451416016,113.02375793457031,2.956179141998291,-53.31755065917969,86.16251373291016,0.04438777640461922,-54.021644592285156,87.27568054199219,-9.68728256225586,-81.11467742919922,120.52445983886719,Go,Stepping
1780509958.4886334,21994.47523656,-8.954532623291016,-78.03608703613281,119.24626922607422,1.8904236555099487,-53.86098861694336,86.4148941040039,-0.8912730813026428,-54.09577178955078,86.78380584716797,-4.083637714385986,-80.95947265625,123.12689208984375,Go,Stepping
1780509958.5086381,21994.495101873,-1.4197322130203247,-79.1361083984375,124.23680114746094,0.8204076886177063,-54.406593322753906,86.66710662841797,-1.8215736150741577,-54.17163848876953,86.29994201660156,2.7985942363739014,-78.84447479248047,123.84030151367188,Go,Stepping
1780509958.5286796,21994.515325608,6.65139102935791,-77.90025329589844,126.48706817626953,-0.25316575169563293,-54.95341873168945,86.91637420654297,-2.7488136291503906,-54.2512321472168,85.82501220703125,9.478507041931152,-74.79559326171875,121.96984100341797,Go,Stepping
1780509958.5486364,21994.534624713,12.194488525390625,-72.27638244628906,122.03093719482422,-1.3322041034698486,-55.5001220703125,87.16021728515625,-3.6722147464752197,-54.33530807495117,85.36089324951172,13.539872169494629,-67.8676528930664,114.7870864868164,Go,Stepping
1780509958.5686908,21994.554596673,11.630171775817871,-62.156131744384766,107.33244323730469,-2.414614200592041,-56.043701171875,87.39480590820312,-4.594924449920654,-54.42372131347656,84.90636444091797,12.591900825500488,-58.11131286621094,99.90229797363281,Go,Stepping
1780509958.5885944,21994.57455127,7.347400188446045,-53.32388687133789,90.65079498291016,-3.501586675643921,-56.582820892333984,87.61580657958984,-5.517204761505127,-54.516624450683594,84.45970916748047,8.741828918457031,-50.367977142333984,85.01554107666016,Go,Stepping
1780509958.6085906,21994.595301463,6.243741989135742,-53.47731018066406,90.20189666748047,-4.592211723327637,-57.11344528198242,87.81962585449219,-6.437958240509033,-54.61185073852539,84.02014923095703,7.820464134216309,-50.83901596069336,85.21305847167969,Go,Stepping
1780509958.6285863,21994.615382591,5.142956256866455,-53.60430145263672,89.71878051757812,-5.6882829666137695,-57.634368896484375,88.0016098022461,-7.35969352722168,-54.707984924316406,83.58213806152344,6.898636817932129,-51.30458450317383,85.40032196044922,Go,Stepping
1780509958.648646,21994.634785696,4.045254707336426,-53.716285705566406,89.21469116210938,-6.793607711791992,-58.144004821777344,88.15745544433594,-8.28292465209961,-54.8026008605957,83.1407699584961,5.973021507263184,-51.76966094970703,85.58306121826172,Go,Stepping
1780509958.6687841,21994.655339654,2.9599668979644775,-53.81572723388672,88.69801330566406,-9.596269607543945,-62.66151428222656,93.82965850830078,-10.669654846191406,-58.14818572998047,87.31002044677734,5.046964645385742,-52.2357177734375,85.76564025878906,Go,Stepping
1780509958.6886466,21994.674749792,1.8748548030853271,-53.905704498291016,88.16888427734375,-13.198944091796875,-73.6298828125,108.64766693115234,-13.916773796081543,-67.73277282714844,101.06377410888672,4.12324857711792,-52.70330047607422,85.94991302490234,Go,Stepping
1780509958.7086504,21994.695271717,0.7923250198364258,-53.98760223388672,87.63045501708984,-13.26269245147705,-80.25128936767578,117.87770080566406,-14.265836715698242,-74.0888671875,110.61763000488281,3.1994473934173584,-53.175045013427734,86.13932800292969,Go,Stepping
1780509958.7286565,21994.7155449,-0.287567138671875,-54.06321716308594,87.08583068847656,-8.515811920166016,-81.74459838867188,122.14768981933594,-10.767558097839355,-77.26945495605469,117.02397918701172,2.276810884475708,-53.6518669128418,86.33595275878906,Go,Stepping
1780509958.7486439,21994.735373786,-1.3564958572387695,-54.133296966552734,86.541015625,-1.124966025352478,-80.25086212158203,123.76534271240234,-4.897727012634277,-78.82075500488281,122.11116027832031,1.3563222885131836,-54.133331298828125,86.54108428955078,Go,Stepping
1780509958.7686393,21994.75456212,-2.4215636253356934,-54.19923400878906,85.99430084228516,6.858148574829102,-76.8616943359375,123.18924713134766,1.9802157878875732,-78.95831298828125,125.71955108642578,0.43451014161109924,-54.62158203125,86.75568389892578,Go,Stepping
1780509958.7886424,21994.774147468,-3.4800937175750732,-54.261314392089844,85.44762420654297,13.425094604492188,-71.00439453125,118.5900650024414,8.330588340759277,-75.98716735839844,125.15560150146484,-0.48928505182266235,-55.11609649658203,86.97917938232422,Go,Stepping
1780509958.8086565,21994.794718882,-4.535447597503662,-54.31925964355469,84.898681640625,15.32215404510498,-62.37469482421875,107.33372497558594,10.669361114501953,-68.13168334960938,115.84625244140625,-1.4166769981384277,-55.616641998291016,87.21001434326172,Go,Stepping
1780509958.8286507,21994.81485107,-5.590858459472656,-54.37164306640625,84.34375762939453,12.069920539855957,-52.40838623046875,89.97234344482422,8.091897964477539,-57.07594680786133,97.47883605957031,-2.3462750911712646,-56.12116622924805,87.44527435302734,Go,Stepping
1780509958.8485808,21994.836563965,-6.64494514465332,-54.416648864746094,83.78081512451172,9.286953926086426,-50.16364288330078,84.63465118408203,5.639169692993164,-53.56951904296875,90.15058898925781,-3.2768068313598633,-56.62706756591797,87.68174743652344,Go,Stepping
1780509958.8685987,21994.85469827,-7.675654888153076,-54.46487808227539,83.212646484375,8.208399772644043,-50.68000030517578,84.90736389160156,4.669275760650635,-53.651885986328125,89.69751739501953,-4.197275638580322,-57.13787841796875,87.90587615966797,Go,Stepping
1780509958.8886924,21994.874733378,-8.717597961425781,-54.496826171875,82.62261199951172,7.146049499511719,-51.20789337158203,85.17170715332031,3.7175981998443604,-53.73076629638672,89.2176513671875,-5.132720947265625,-57.64754104614258,88.12787628173828,Go,Stepping
1780509958.9087594,21994.89420732,-9.84606647491455,-55.273685455322266,83.25521087646484,6.0884013175964355,-51.733055114746094,85.42793273925781,2.7814009189605713,-53.80317306518555,88.7330551147461,-6.139392852783203,-58.955196380615234,89.61422729492188,Go,Stepping
1780509958.9287007,21994.914644215,-13.961531639099121,-62.57325744628906,93.1675796508789,5.043360233306885,-52.261329650878906,85.67284393310547,1.8599538803100586,-53.879554748535156,88.2446060180664,-9.697854042053223,-67.96976470947266,101.76345825195312,Go,Stepping
1780509958.9486713,21994.935077253,-16.330232620239258,-70.84709167480469,105.15363311767578,3.993462562561035,-52.79189682006836,85.91899871826172,0.934462308883667,-53.95166015625,87.7520980834961,-11.577751159667969,-77.27570343017578,114.34288024902344,Go,Stepping
1780509958.9687014,21994.955518813,-14.484119415283203,-75.5224380493164,113.08715057373047,2.9448599815368652,-53.32468032836914,86.16549682617188,0.017714066430926323,-54.02354049682617,87.26398468017578,-9.46412467956543,-81.04859161376953,120.53501892089844,Go,Stepping
1780509958.9886441,21994.97483218,-8.90706729888916,-78.03754425048828,119.27207946777344,1.886723518371582,-53.86299133300781,86.41581726074219,-0.89932781457901,-54.09596633911133,86.78003692626953,-3.974543571472168,-80.91893768310547,123.11808013916016,Go,Stepping
1780509959.0087092,21994.994505315,-1.4259552955627441,-79.13533020019531,124.23505401611328,0.8253653645515442,-54.405067443847656,86.6655502319336,-1.812108039855957,-54.17258071899414,86.30424499511719,2.7861220836639404,-78.84904479980469,123.8435287475586,Go,Stepping
1780509959.0286517,21995.014517075,6.5684309005737305,-77.90047454833984,126.4737777709961,-0.23815511167049408,-54.949031829833984,86.91212463378906,-2.719532012939453,-54.254661560058594,85.8392333984375,9.328435897827148,-74.86438751220703,122.0280532836914,Go,Stepping
1780509959.0487044,21995.035374984,12.053256034851074,-72.28315734863281,122.02653503417969,-1.3051387071609497,-55.49375534057617,87.15271759033203,-3.6237170696258545,-54.34309768676758,85.38516235351562,13.309624671936035,-67.98115539550781,114.91043090820312,Go,Stepping
1780509959.0688846,21995.055186757,11.507974624633789,-62.168704986572266,107.34037017822266,-2.3786253929138184,-56.03584671020508,87.38580322265625,-4.52915620803833,-54.43540573120117,84.94126892089844,12.379874229431152,-58.22554397583008,100.04304504394531,Go,Stepping
1780509959.088604,21995.074441879,7.277503490447998,-53.32789611816406,90.64002227783203,-3.462855815887451,-56.57316207885742,87.60901641845703,-5.437641620635986,-54.529991149902344,84.50668334960938,8.601973533630371,-50.44000244140625,85.0943603515625,Go,Stepping
1780509959.1085773,21995.094242762,6.18859338760376,-53.480995178222656,90.19111633300781,-4.547815799713135,-57.102237701416016,87.81407928466797,-6.344103813171387,-54.62846374511719,84.07948303222656,7.703064441680908,-50.899356842041016,85.27538299560547,Go,Stepping
1780509959.128572,21995.114596914,5.098345756530762,-53.60688400268555,89.70835876464844,-5.637993335723877,-57.6224479675293,87.99736785888672,-7.250643253326416,-54.72929763793945,83.65513610839844,6.799333572387695,-51.35441589355469,85.44962310791016,Go,Stepping
1780509959.1486163,21995.135301693,4.014047622680664,-53.71961975097656,89.20638275146484,-6.737893104553223,-58.1294059753418,88.1569595336914,-8.160468101501465,-54.82661819458008,83.22917938232422,5.895510673522949,-51.809391021728516,85.61905670166016,Go,Stepping
1780509959.1686785,21995.155137456,2.9317753314971924,-53.81867218017578,88.68922424316406,-9.508390426635742,-62.622520446777344,93.8069839477539,-10.518258094787598,-58.164127349853516,87.3974609375,4.9906134605407715,-52.26417541503906,85.78953552246094,Go,Stepping
1780509959.1888192,21995.175046524,1.8490303754806519,-53.907684326171875,88.15869903564453,-13.119625091552734,-73.66637420654297,108.72906494140625,-13.759700775146484,-67.82452392578125,101.25804138183594,4.07831335067749,-52.72513961791992,85.96615600585938,Go,Stepping
1780509959.2087595,21995.195476248,0.7816267609596252,-53.98828887939453,87.62619018554688,-13.183351516723633,-80.2326889038086,117.88215637207031,-14.140759468078613,-74.1165542602539,110.69893646240234,3.1802146434783936,-53.18412780761719,86.14600372314453,Go,Stepping
1780509959.2286856,21995.21405808,-0.2904820144176483,-54.06236267089844,87.08495330810547,-8.482687950134277,-81.74311828613281,122.14093017578125,-10.676642417907715,-77.29312896728516,117.06767272949219,2.2672061920166016,-53.65510559082031,86.33941650390625,Go,Stepping
1780509959.2486389,21995.235846449,-1.3560895919799805,-54.13327407836914,86.54122161865234,-1.1180906295776367,-80.25057983398438,123.76261901855469,-4.874555587768555,-78.824951171875,122.11893463134766,1.3566700220108032,-54.133148193359375,86.54100799560547,Go,Stepping
1780509959.2686617,21995.254524943,-2.419560432434082,-54.199737548828125,85.99507904052734,6.849722385406494,-76.86368560791016,123.19251251220703,1.944098711013794,-78.95683288574219,125.71039581298828,0.44252485036849976,-54.61891174316406,86.75343322753906,Go,Stepping
1780509959.2887208,21995.27555108,-3.4795079231262207,-54.26193618774414,85.44743347167969,13.42235279083252,-71.00312042236328,118.59270477294922,8.246715545654297,-75.99351501464844,125.14410400390625,-0.4744535982608795,-55.11140060424805,86.97547912597656,Go,Stepping
1780509959.3086867,21995.295512837,-4.537652015686035,-54.31978225708008,84.89655303955078,15.331503868103027,-62.366546630859375,107.32841491699219,10.57516098022461,-68.14503479003906,115.83942413330078,-1.3954733610153198,-55.61039733886719,87.20540618896484,Go,Stepping
1780509959.328678,21995.315201919,-5.594202995300293,-54.371639251708984,84.34089660644531,12.077204704284668,-52.40211486816406,89.96361541748047,8.027210235595703,-57.08425521850586,97.4686050415039,-2.321294069290161,-56.113914489746094,87.44099426269531,Go,Stepping
1780509959.3486476,21995.334181381,-6.655674934387207,-54.41550064086914,83.77294921875,9.297937393188477,-50.157291412353516,84.62602996826172,5.590692043304443,-53.5753173828125,90.14073944091797,-3.247493028640747,-56.61943817138672,87.67811584472656,Go,Stepping
1780509959.3685918,21995.354381359,-7.705177307128906,-54.451133728027344,83.19953155517578,8.240777015686035,-50.676090240478516,84.88748168945312,4.6531572341918945,-53.667903900146484,89.69293975830078,-4.181992053985596,-57.1258659362793,87.91305541992188,Go,Stepping
1780509959.3886456,21995.374305495,-8.763786315917969,-54.4729118347168,82.60284423828125,7.185566425323486,-51.20418930053711,85.14910888671875,3.7109391689300537,-53.74885177612305,89.2142105102539,-5.120814323425293,-57.63056945800781,88.14268493652344,Go,Stepping
1780509959.4087644,21995.39455002,-9.907465934753418,-55.231956481933594,83.22274780273438,6.128989219665527,-51.73099136352539,85.40560150146484,2.7853736877441406,-53.821746826171875,88.73145294189453,-6.137592792510986,-58.92771530151367,89.63153076171875,Go,Stepping
1780509959.4286883,21995.415025431,-14.053118705749512,-62.51530075073242,93.10932159423828,5.072026252746582,-52.25880432128906,85.65766143798828,1.857183575630188,-53.891075134277344,88.24111938476562,-9.688002586364746,-67.93657684326172,101.7840576171875,Go,Stepping
1780509959.4486752,21995.435659797,-16.437856674194336,-70.77188873291016,105.07317352294922,4.016278266906738,-52.78848648071289,85.90812683105469,0.93146812915802,-53.95877456665039,87.7491683959961,-11.552114486694336,-77.22692108154297,114.3510513305664,Go,Stepping
1780509959.4686735,21995.455650425,-14.542523384094238,-75.49494171142578,113.0525894165039,2.953014373779297,-53.3227424621582,86.16204833984375,0.010603510774672031,-54.02503967285156,87.26056671142578,-9.40311336517334,-81.02147674560547,120.53990936279297,Go,Stepping
1780509959.488678,21995.476141495,-8.92923641204834,-78.03414916992188,119.26103973388672,1.8884974718093872,-53.86225128173828,86.41527557373047,-0.9025998711585999,-54.0958251953125,86.77861022949219,-3.9306857585906982,-80.90531921386719,123.11347961425781,Go,Stepping
1780509959.5086694,21995.497974606,-1.4224966764450073,-79.13680267333984,124.23545837402344,0.8219588994979858,-54.40542984008789,86.66697692871094,-1.8102993965148926,-54.17172622680664,86.30559539794922,2.7825677394866943,-78.85182189941406,123.8436050415039,Go,Stepping
1780509959.5286598,21995.515814625,6.630110263824463,-77.91380310058594,126.4807357788086,-0.24940705299377441,-54.95021438598633,86.91641235351562,-2.715468406677246,-54.25212478637695,85.84307861328125,9.307387351989746,-74.8920669555664,122.03134155273438,Go,Stepping
1780509959.548737,21995.535064651,12.170090675354004,-72.26627349853516,121.98853302001953,-1.3297486305236816,-55.49746322631836,87.16122436523438,-3.623469114303589,-54.338584899902344,85.38932037353516,13.297680854797363,-67.98970794677734,114.86878204345703,Go,Stepping
1780509959.5686653,21995.554747686,11.585555076599121,-62.18518829345703,107.33734130859375,-2.4008336067199707,-56.03583526611328,87.39461517333984,-4.529384613037109,-54.42854690551758,84.94683074951172,12.381047248840332,-58.25586700439453,100.03681945800781,Go,Stepping
1780509959.5886583,21995.574764083,7.405026912689209,-54.09168243408203,91.95079040527344,-3.483799934387207,-56.57301712036133,87.61651611328125,-5.434858798980713,-54.52433776855469,84.51380920410156,8.690699577331543,-51.15571975708008,86.32148742675781,Go,Stepping
1780509959.608615,21995.597553872,6.217325210571289,-53.48802947998047,90.19483947753906,-4.571950912475586,-57.1035270690918,87.8211898803711,-6.3410563468933105,-54.624046325683594,84.08723449707031,7.697589874267578,-50.91336441040039,85.27799224853516,Go,Stepping
1780509959.6286123,21995.615216457,5.118783473968506,-53.613651275634766,89.71131896972656,-5.662709712982178,-57.6227912902832,88.0047836303711,-7.250750541687012,-54.72393035888672,83.66217041015625,6.797488212585449,-51.36435317993164,85.44961547851562,Go,Stepping
1780509959.6486125,21995.634786433,4.031674385070801,-53.723201751708984,89.2098617553711,-6.765383720397949,-58.13117599487305,88.16197204589844,-8.15216064453125,-54.824546813964844,83.24116516113281,5.889379024505615,-51.81757354736328,85.62126159667969,Go,Stepping
1780509959.6686578,21995.654338222,2.94408917427063,-53.821006774902344,88.6921615600586,-9.53931999206543,-62.622249603271484,93.80747985839844,-10.506402015686035,-58.1621208190918,87.41057586669922,4.985844612121582,-52.26955032348633,85.79105377197266,Go,Stepping
1780509959.688669,21995.674405838,1.8606150150299072,-53.90928268432617,88.16279602050781,-13.13805866241455,-73.61869049072266,108.67072296142578,-13.744648933410645,-67.77962493896484,101.2095718383789,4.081485271453857,-52.72566223144531,85.96519470214844,Go,Stepping
1780509959.7086701,21995.694820736,0.7835636138916016,-53.98955154418945,87.62638854980469,-13.20029067993164,-80.2326889038086,117.88858795166016,-14.113493919372559,-74.12139892578125,110.725341796875,3.1754605770111084,-53.18749237060547,86.14720153808594,Go,Stepping
1780509959.72866,21995.716940776,-0.288955956697464,-54.063812255859375,87.0849609375,-8.500431060791016,-81.73688507080078,122.14872741699219,-10.672778129577637,-77.28385925292969,117.0770263671875,2.2665510177612305,-53.65679931640625,86.3390121459961,Go,Stepping
1780509959.748707,21995.739426309,-1.359344244003296,-54.13348388671875,86.53955841064453,-1.1017158031463623,-80.24272918701172,123.76709747314453,-4.859010219573975,-78.8243637084961,122.13229370117188,1.3538837432861328,-54.134620666503906,86.54163360595703,Go,Stepping
1780509959.7686653,21995.754576625,-2.4233007431030273,-54.198974609375,85.99351501464844,6.866833686828613,-76.85802459716797,123.1864242553711,1.9609425067901611,-78.95899200439453,125.71418762207031,0.4389926493167877,-54.619754791259766,86.754638671875,Go,Stepping
1780509959.788683,21995.774191096,-3.4899415969848633,-54.26067352294922,85.44223022460938,13.474159240722656,-70.96920776367188,118.55728149414062,8.295960426330566,-75.98314666748047,125.14173889160156,-0.48322540521621704,-55.11431121826172,86.97786712646484,Go,Stepping
1780509959.8086824,21995.794164839,-4.555041790008545,-54.31766128540039,84.88664245605469,15.39851188659668,-62.321022033691406,107.27851104736328,10.649209976196289,-68.12787628173828,115.83818054199219,-1.412537932395935,-55.6162223815918,87.20882415771484,Go,Stepping
1780509959.8287137,21995.815287729,-5.612847328186035,-54.36906814575195,84.32937622070312,12.119771003723145,-52.371524810791016,89.92706298828125,8.070709228515625,-57.073211669921875,97.46650695800781,-2.3391480445861816,-56.11984634399414,87.4438705444336,Go,Stepping
1780509959.848604,21995.834423755,-6.668852806091309,-54.413299560546875,83.76398468017578,9.321163177490234,-50.14380645751953,84.61375427246094,5.630013942718506,-53.57005310058594,90.14913177490234,-3.2714107036590576,-56.62664031982422,87.68067932128906,Go,Stepping
1780509959.8685987,21995.854785627,-7.734331130981445,-54.44682312011719,83.17778015136719,8.271648406982422,-50.65724182128906,84.87116241455078,4.694184303283691,-53.661903381347656,89.70292663574219,-4.220388889312744,-57.13827133178711,87.91532897949219,Go,Stepping
1780509959.888601,21995.875423554,-8.805425643920898,-54.466365814208984,82.56751251220703,7.223584175109863,-51.180362701416016,85.1316909790039,3.7636473178863525,-53.74079895019531,89.22990417480469,-5.182515621185303,-57.64980697631836,88.14205169677734,Go,Stepping
1780509959.9086592,21995.894554737,-9.966760635375977,-55.22106170654297,83.17027282714844,6.161131381988525,-51.71149826049805,85.39157104492188,2.8236968517303467,-53.81614303588867,88.74378204345703,-6.209636211395264,-58.94990158081055,89.62808227539062,Go,Stepping
1780509959.928655,21995.914867211,-14.138988494873047,-62.49726867675781,93.03338623046875,5.0983805656433105,-52.24326705932617,85.64736938476562,1.889542818069458,-53.88705062866211,88.25289154052734,-9.801871299743652,-67.96755981445312,101.77262878417969,Go,Stepping
1780509959.948672,21995.934297854,-16.486797332763672,-70.7928237915039,105.02277374267578,4.024840354919434,-52.77732467651367,85.90707397460938,0.9498545527458191,-53.95121765136719,87.7581787109375,-11.663700103759766,-77.2876205444336,114.32957458496094,Go,Stepping
1780509959.9686577,21995.954458968,-14.578628540039062,-75.51350402832031,113.01663208007812,2.9575579166412354,-53.316776275634766,86.16197204589844,0.023069903254508972,-54.02116775512695,87.26708984375,-9.509700775146484,-81.07685089111328,120.52622985839844,Go,Stepping
1780509959.9886537,21995.974541676,-8.93693733215332,-78.05525207519531,119.24855041503906,1.8888188600540161,-53.860321044921875,86.41595458984375,-0.8993521332740784,-54.09414291381836,86.78081512451172,-3.9775493144989014,-80.94366455078125,123.10933685302734,Go,Stepping
1780509960.008672,21995.994411546,-1.455784559249878,-79.11243438720703,124.23284912109375,0.8469617366790771,-54.4120979309082,86.65168762207031,-1.7888544797897339,-54.18926239013672,86.30726623535156,2.7541439533233643,-78.84052276611328,123.85868835449219,Go,Stepping
1780509960.028667,21996.015123362,5.651015758514404,-77.38594055175781,126.4527587890625,-0.0715237706899643,-54.98140335083008,86.81629943847656,-2.550426959991455,-54.3603515625,85.86821746826172,8.459846496582031,-74.74547576904297,122.4976577758789,Go,Stepping
1780509960.0487242,21996.035896636,9.764249801635742,-71.26637268066406,122.10979461669922,-0.8690601587295532,-55.55303192138672,86.91781616210938,-3.1884777545928955,-54.5924186706543,85.47120666503906,11.217509269714355,-67.85452270507812,116.21109771728516,Go,Stepping
1780509960.06867,21996.0553785,9.326061248779297,-61.256736755371094,107.48094177246094,-1.7526127099990845,-56.11798858642578,87.05377197265625,-3.9085516929626465,-54.787601470947266,85.06453704833984,10.338682174682617,-58.149864196777344,101.48110961914062,Go,Stepping
1780509960.0886106,21996.075528581,5.794671058654785,-52.54496383666992,90.42338562011719,-2.637404680252075,-56.679656982421875,87.17794799804688,-4.626893997192383,-54.98860168457031,84.66741943359375,7.168183326721191,-50.2352409362793,85.8451919555664,Go,Stepping
1780509960.1086156,21996.094826777,3.9469165802001953,-52.45964050292969,89.77202606201172,-2.795414924621582,-57.21162796020508,86.99767303466797,-4.633531093597412,-55.48443603515625,84.5047378540039,5.5299973487854,-50.77742004394531,86.38182830810547,Go,Stepping
1780509960.1286125,21996.11451506,2.6196515560150146,-52.5703125,89.20037841796875,-2.949141263961792,-57.7166633605957,86.8445816040039,-4.635571002960205,-55.9614143371582,84.38126373291016,4.384175777435303,-51.319007873535156,86.64665222167969,Go,Stepping
1780509960.1486187,21996.134421191,1.452627182006836,-52.791847229003906,88.61722564697266,-2.8668477535247803,-58.11465835571289,86.71390533447266,-4.408234596252441,-56.44166564941406,84.45379638671875,3.3889319896698,-51.93008041381836,86.82012939453125,Go,Stepping
1780509960.1686788,21996.154539975,0.2653452157974243,-53.09772872924805,87.97639465332031,-2.699805974960327,-62.65314865112305,92.65766143798828,-3.9966936111450195,-60.99201202392578,90.65455627441406,2.3669116497039795,-52.6528205871582,86.9726333618164,Go,Stepping
1780509960.1886675,21996.17506701,-0.5877533555030823,-53.49028396606445,87.39461517333984,-1.8275951147079468,-72.70925903320312,107.66651153564453,-3.127018451690674,-71.35127258300781,106.46601104736328,1.6700035333633423,-53.33889389038086,86.95970916748047,Go,Stepping
1780509960.2086723,21996.195168062,-0.9107867479324341,-53.72428894042969,87.04161834716797,-1.1878516674041748,-78.70294189453125,116.75334167480469,-2.9193527698516846,-77.48096466064453,115.83587646484375,1.498541235923767,-53.6504020690918,86.7992935180664,Go,Stepping
1780509960.228673,21996.214548957,-1.201378583908081,-53.96984100341797,86.72393035888672,0.5515204071998596,-79.53999328613281,120.96625518798828,-2.087456464767456,-78.95266723632812,120.66190338134766,1.359541893005371,-53.96189498901367,86.65235137939453,Go,Stepping
1780509960.248741,21996.23797973,-1.3568930625915527,-54.13385772705078,86.54055786132812,1.7478816509246826,-79.27881622314453,123.20389556884766,-2.059722900390625,-79.12863159179688,123.14761352539062,1.3564958572387695,-54.13384246826172,86.54075622558594,Go,Stepping
1780509960.2686646,21996.255109041,-1.4749457836151123,-54.284183502197266,86.44658660888672,2.69694447517395,-78.57897186279297,124.35661315917969,-2.3206677436828613,-78.78575134277344,124.4243392944336,1.390376329421997,-54.27666473388672,86.49151611328125,Go,Stepping
1780509960.2887316,21996.275134613,-1.5554580688476562,-54.40568923950195,86.46977233886719,3.185995101928711,-76.10675811767578,122.25370788574219,-2.685023307800293,-76.52639770507812,122.3072509765625,1.4652777910232544,-54.373294830322266,86.53082275390625,Go,Stepping
1780509960.3086922,21996.295353767,-1.633467674255371,-54.54676818847656,86.57292938232422,3.017713785171509,-69.04685974121094,112.62767028808594,-2.620107412338257,-69.5036392211914,112.63548278808594,1.5445940494537354,-54.48835372924805,86.64814758300781,Go,Stepping
1780509960.3287256,21996.314477818,-1.7161345481872559,-54.728267669677734,86.7314682006836,2.3665027618408203,-57.783470153808594,94.58235931396484,-2.117105484008789,-58.119205474853516,94.56629180908203,1.620104193687439,-54.64642333984375,86.82476043701172,Go,Stepping
1780509960.3486104,21996.335036226,-1.7812646627426147,-54.88190841674805,87.01718139648438,2.006190299987793,-54.46734619140625,88.26396942138672,-1.9066336154937744,-54.67510986328125,88.18214416503906,1.7175830602645874,-54.76729965209961,87.11383056640625,Go,Stepping
1780509960.3686104,21996.355448524,-1.8565365076065063,-55.08042907714844,87.3356704711914,1.9012936353683472,-54.421241760253906,87.8770980834961,-1.8450500965118408,-54.60139465332031,87.80580139160156,1.8064541816711426,-54.93681716918945,87.44190216064453,Go,Stepping
1780509960.3886163,21996.375911356,-1.9385020732879639,-55.318634033203125,87.6715087890625,1.8100272417068481,-54.322261810302734,87.52352142333984,-1.7717105150222778,-54.47465133666992,87.46321868896484,1.8911795616149902,-55.148590087890625,87.79203796386719,Go,Stepping
1780509960.4086092,21996.394923591,-2.0134246349334717,-55.524845123291016,88.09187316894531,1.7178581953048706,-54.27265167236328,87.20654296875,-1.7011154890060425,-54.39466094970703,87.15287017822266,1.9850698709487915,-55.32437515258789,88.22029113769531,Go,Stepping
1780509960.4287162,21996.414935469,-2.5254967212677,-63.62214660644531,100.96882629394531,1.6370137929916382,-54.197242736816406,86.94082641601562,-1.6285103559494019,-54.2930793762207,86.8979263305664,2.4976558685302734,-63.29963684082031,101.1222915649414,Go,Stepping
1780509960.4488869,21996.434661023,-2.9689722061157227,-72.0701675415039,113.50384521484375,1.5545735359191895,-54.135066986083984,86.73924255371094,-1.5496902465820312,-54.20338439941406,86.70853424072266,2.94256854057312,-71.68901824951172,113.6670150756836,Go,Stepping
1780509960.4686742,21996.455115124,-2.9668760299682617,-76.2207260131836,119.49524688720703,1.473507046699524,-54.11240005493164,86.60306549072266,-1.471944808959961,-54.153038024902344,86.58423614501953,2.9553186893463135,-75.89535522460938,119.62376403808594,Go,Stepping
1780509960.4886713,21996.475408538,-2.6067845821380615,-78.05696868896484,122.22929382324219,1.3950119018554688,-54.11691665649414,86.54251098632812,-1.3946739435195923,-54.13041305541992,86.53617858886719,2.6026978492736816,-77.88323211669922,122.2954330444336,Go,Stepping
1780509960.5087438,21996.495427191,-2.103652238845825,-79.18270874023438,123.98103332519531,1.317592978477478,-54.160560607910156,86.55901336669922,-1.3178691864013672,-54.14688491821289,86.56546783447266,2.1040260791778564,-79.20182800292969,123.9738998413086,Go,Stepping
1780509960.528668,21996.514449408,-1.5342875719070435,-79.02942657470703,124.05036163330078,1.242652177810669,-54.2427864074707,86.65283966064453,-1.2430839538574219,-54.2024040222168,86.67208862304688,1.5366417169570923,-79.24622344970703,123.97077178955078,Go,Stepping
1780509960.5487185,21996.534469165,-0.9674074053764343,-74.9403305053711,118.88180541992188,1.1665698289871216,-54.367496490478516,86.82231140136719,-1.1670373678207397,-54.299598693847656,86.85480499267578,0.9700711965560913,-75.29743957519531,118.74871826171875,Go,Stepping
1780509960.568667,21996.554405753,-0.6802589297294617,-64.94813537597656,104.44479370117188,1.0933250188827515,-54.53155517578125,87.05828094482422,-1.0938469171524048,-54.43675994873047,87.1037368774414,0.6823954582214355,-65.28630828857422,104.307373046875,Go,Stepping
1780509960.5886536,21996.574399222,-0.7533808946609497,-55.33735656738281,88.87504577636719,1.0160737037658691,-54.72934341430664,87.36144256591797,-1.0164111852645874,-54.6058235168457,87.4207763671875,0.7542016506195068,-55.559608459472656,88.76764678955078,Go,Stepping
1780509960.6086123,21996.594319819,-0.8273314833641052,-55.103294372558594,88.43111419677734,0.9404880404472351,-54.95790481567383,87.71342468261719,-0.9407493472099304,-54.80583572387695,87.78632354736328,0.8277891874313354,-55.29766845703125,88.33810424804688,Go,Stepping
1780509960.6285644,21996.615028729,-0.9042255878448486,-54.87630081176758,88.00800323486328,0.8676818013191223,-55.21101379394531,88.10324096679688,-0.8679254055023193,-55.03104019165039,88.18926239013672,0.9045342206954956,-55.04170227050781,87.92893981933594,Go,Stepping
1780509960.6486294,21996.634654194,-0.9776516556739807,-54.67086410522461,87.61746978759766,0.7898522019386292,-55.481388092041016,88.52941131591797,-0.7899779081344604,-55.27140426635742,88.62947082519531,0.9777990579605103,-54.80862808227539,87.55155181884766,Go,Stepping
1780509960.6687164,21996.654480857,-1.0518379211425781,-54.489013671875,87.27384948730469,0.6536238789558411,-58.70090103149414,93.74983978271484,-0.6537171006202698,-58.415016174316406,93.87774658203125,1.0519113540649414,-54.59913635253906,87.22113800048828,Go,Stepping
1780509960.6886804,21996.674260792,-1.1284986734390259,-54.33948516845703,86.98719787597656,0.6499678492546082,-68.51864624023438,108.92304229736328,-0.6500504016876221,-68.13102722167969,109.0766830444336,1.1285415887832642,-54.42136764526367,86.94795227050781,Go,Stepping
1780509960.708667,21996.69453353,-1.203170895576477,-54.228572845458984,86.7657699584961,0.8585522174835205,-74.80854797363281,117.86129760742188,-0.8585522174835205,-74.414306640625,118.00962829589844,1.2031892538070679,-54.28325271606445,86.73953247070312,Go,Stepping
1780509960.728736,21996.715084864,-1.279057502746582,-54.158626556396484,86.61552429199219,1.305179238319397,-77.49710083007812,121.55197143554688,-1.305179238319397,-77.22332763671875,121.6531982421875,1.2790604829788208,-54.18603515625,86.60234832763672,Go,Stepping
1780509960.7486804,21996.73436549,-1.3562977313995361,-54.133296966552734,86.5411148071289,1.8967456817626953,-78.75511932373047,123.33735656738281,-1.8967502117156982,-78.67086791992188,123.36825561523438,1.3562977313995361,-54.133331298828125,86.54109954833984,Go,Stepping
1780509960.7687354,21996.754443648,-1.4346892833709717,-54.15330505371094,86.54360961914062,2.517625570297241,-79.2795181274414,124.17725372314453,-2.517620801925659,-79.401611328125,124.13262176513672,1.434686303138733,-54.125946044921875,86.55677032470703,Go,Stepping
1780509960.7886856,21996.774573332,-1.5124653577804565,-54.21797561645508,86.62232208251953,2.945413112640381,-77.38935852050781,121.91728973388672,-2.9453940391540527,-77.68805694580078,121.80717468261719,1.5124653577804565,-54.1638069152832,86.64835357666016,Go,Stepping
1780509960.8086662,21996.794349225,-1.5922560691833496,-54.3254508972168,86.77255249023438,2.8318076133728027,-70.31709289550781,112.29679107666016,-2.8317792415618896,-70.67707824707031,112.15750122070312,1.5922534465789795,-54.244110107421875,86.81159210205078,Go,Stepping
1780509960.8287678,21996.814748109,-1.6731297969818115,-54.47214889526367,86.98936462402344,2.250977039337158,-58.63260269165039,94.27030944824219,-2.2509572505950928,-58.90711212158203,94.14834594726562,1.6731302738189697,-54.36357116699219,87.04134368896484,Go,Stepping
1780509960.8486226,21996.834356479,-1.7527574300765991,-54.65254211425781,87.26310729980469,1.9624520540237427,-55.009246826171875,88.22842407226562,-1.9624401330947876,-55.21042251586914,88.13325500488281,1.7527610063552856,-54.51744079589844,87.32759094238281,Go,Stepping
1780509960.8686638,21996.854981233,-1.8359867334365845,-54.86130905151367,87.58270263671875,1.8783607482910156,-54.797691345214844,87.84583282470703,-1.878350019454956,-54.97237014770508,87.7629165649414,1.83599054813385,-54.69865036010742,87.66006469726562,Go,Stepping
1780509960.8888521,21996.875192991,-1.919538140296936,-55.091224670410156,87.93778991699219,1.7944729328155518,-54.604774475097656,87.4929428100586,-1.7944692373275757,-54.752262115478516,87.42269134521484,1.9195425510406494,-54.90109634399414,88.02787780761719,Go,Stepping
1780509960.9086325,21996.894048551,-2.0150070190429688,-55.33396911621094,88.30984497070312,1.7180417776107788,-54.4339599609375,87.1791763305664,-1.7180383205413818,-54.55655288696289,87.1205825805664,2.0150115489959717,-55.112342834472656,88.4144287109375,Go,Stepping
1780509960.9286704,21996.914736687,-2.52286958694458,-63.30027389526367,101.07746124267578,1.636705756187439,-54.29673767089844,86.91971588134766,-1.636705756187439,-54.392417907714844,86.87388610839844,2.522876739501953,-62.963871002197266,101.21826934814453,Go,Stepping
1780509960.9486878,21996.934756664,-2.984950542449951,-71.7349624633789,113.61617279052734,1.5575010776519775,-54.195884704589844,86.72140502929688,-1.5575010776519775,-54.265045166015625,86.6882095336914,2.984954833984375,-71.33354187011719,113.77032470703125,Go,Stepping
1780509960.9687476,21996.954411127,-2.997190237045288,-76.0218505859375,119.56880187988281,1.4770619869232178,-54.136932373046875,86.59261322021484,-1.4770619869232178,-54.17874526977539,86.57251739501953,2.997194528579712,-75.67943572998047,119.69635009765625,Go,Stepping
1780509960.988689,21996.974562635,-2.6233572959899902,-77.9666976928711,122.25297546386719,1.3963338136672974,-54.123191833496094,86.53923797607422,-1.3963338136672974,-54.13713455200195,86.53253173828125,2.6233572959899902,-77.7851333618164,122.3198471069336,Go,Stepping
1780509961.008683,21996.994402477,-2.104421377182007,-79.18690490722656,123.97212219238281,1.3165098428726196,-54.154972076416016,86.56224060058594,-1.3165098428726196,-54.14092254638672,86.5689926147461,2.104421377182007,-79.2058334350586,123.9652099609375,Go,Stepping
1780509961.0286899,21997.014390149,-1.5023709535598755,-79.10364532470703,124.03817749023438,1.2367076873779297,-54.23276901245117,86.66209411621094,-1.2367076873779297,-54.19028091430664,86.68250274658203,1.5023709535598755,-79.33218383789062,123.95455932617188,Go,Stepping
1780509961.0487268,21997.034745842,-0.9198637008666992,-75.0602035522461,118.89839172363281,1.1574102640151978,-54.35480499267578,86.83584594726562,-1.1574102640151978,-54.28358459472656,86.8699722290039,0.919867992401123,-75.434814453125,118.75833892822266,Go,Stepping
1780509961.068745,21997.055467904,-0.6229430437088013,-65.00720977783203,104.40179443359375,1.0768382549285889,-54.51900863647461,87.07927703857422,-1.076838493347168,-54.41815948486328,87.12750244140625,0.6229430437088013,-65.36599731445312,104.25531005859375,Go,Stepping
1780509961.0887394,21997.075116606,-0.7263597846031189,-55.669151306152344,89.3587875366211,0.9996758699417114,-54.717796325683594,87.3812484741211,-0.9996761083602905,-54.58808517456055,87.44305419921875,0.7263628244400024,-55.90510177612305,89.2486572265625,Go,Stepping
1780509961.1088762,21997.095340204,-0.8003228902816772,-55.13544845581055,88.43804931640625,0.9190521836280823,-54.949832916259766,87.73670959472656,-0.9190521836280823,-54.78961181640625,87.8127212524414,0.8003228902816772,-55.340274810791016,88.34151458740234,Go,Stepping
1780509961.1286733,21997.114405538,-0.8796390891075134,-54.9003791809082,88.01358032226562,0.8401936888694763,-55.20515823364258,88.13086700439453,-0.8401936888694763,-55.014678955078125,88.22083282470703,0.8796390891075134,-55.07499694824219,87.93092346191406,Go,Stepping
1780509961.1486313,21997.134203728,-0.9579600095748901,-54.68586349487305,87.62342071533203,0.7598478198051453,-55.478397369384766,88.55333709716797,-0.7598478198051453,-55.25681686401367,88.65753173828125,0.9579600095748901,-54.830894470214844,87.55447387695312,Go,Stepping
1780509961.168734,21997.154760737,-1.036808967590332,-54.49897003173828,87.27902221679688,0.6157084107398987,-58.683494567871094,93.750244140625,-0.6157084107398987,-58.38351821899414,93.88409423828125,1.036808967590332,-54.61454391479492,87.223876953125,Go,Stepping
1780509961.1886883,21997.174335179,-1.1185786724090576,-54.34579849243164,86.98991394042969,0.6041049361228943,-68.51902770996094,108.9551010131836,-0.6041049361228943,-68.11380767822266,109.11519622802734,1.1185786724090576,-54.431243896484375,86.94901275634766,Go,Stepping
1780509961.2086833,21997.194483594,-1.1967917680740356,-54.231590270996094,86.76760864257812,0.8135659694671631,-74.81169891357422,117.88350677490234,-0.8135659694671631,-74.40036010742188,118.0379409790039,1.1967917680740356,-54.28853225708008,86.74028015136719,Go,Stepping
1780509961.2289243,21997.215582504,-1.2761539220809937,-54.15993881225586,86.61653900146484,1.2771538496017456,-77.49465942382812,121.55768585205078,-1.2771538496017456,-77.2104721069336,121.66263580322266,1.2761539220809937,-54.18837356567383,86.60287475585938,Go,Stepping
1780509961.248682,21997.236876267,-1.3563873767852783,-54.13329315185547,86.54107666015625,1.8884044885635376,-78.7569808959961,123.34201049804688,-1.8884044885635376,-78.669677734375,123.37401580810547,1.3563873767852783,-54.133296966552734,86.54107666015625,Go,Stepping
1780509961.268691,21997.25511412,-1.4378349781036377,-54.15243148803711,86.54244995117188,2.5313494205474854,-79.27703094482422,124.17301940917969,-2.5313494205474854,-79.4039535522461,124.12659454345703,1.4378349781036377,-54.12396240234375,86.55613708496094,Go,Stepping
1780509961.2887363,21997.275625598,-1.5203182697296143,-54.21662521362305,86.61952209472656,2.9886314868927,-77.37455749511719,121.90023040771484,-2.9886314868927,-77.68824768066406,121.78450012207031,1.5203182697296143,-54.159698486328125,86.64686584472656,Go,Stepping
1780509961.308693,21997.294634126,-1.6043235063552856,-54.323646545410156,86.76827239990234,2.884221315383911,-70.29015350341797,112.26215362548828,-2.884221315383911,-70.66820526123047,112.1156997680664,1.6043235063552856,-54.23806381225586,86.80931091308594,Go,Stepping
1780509961.3286946,21997.316027232,-1.6895931959152222,-54.4698600769043,86.98255920410156,2.2937302589416504,-58.62877655029297,94.27107238769531,-2.2937302589416504,-58.91762161254883,94.14266204833984,1.6895931959152222,-54.35551071166992,87.0372543334961,Go,Stepping
1780509961.3487165,21997.334512477,-1.777964472770691,-54.650970458984375,87.25428771972656,1.9994539022445679,-54.99604797363281,88.21489715576172,-1.9994539022445679,-55.20977020263672,88.11392974853516,1.777964472770691,-54.507057189941406,87.32292938232422,Go,Stepping
1780509961.3686357,21997.354809946,-1.8554528951644897,-54.85911178588867,87.5753173828125,1.899358868598938,-54.791412353515625,87.839111328125,-1.899358868598938,-54.97317886352539,87.75289916992188,1.8554528951644897,-54.689674377441406,87.65584564208984,Go,Stepping
1780509961.3886251,21997.37511119,-1.9470043182373047,-55.08864212036133,87.92659759521484,1.8158406019210815,-54.5975227355957,87.48605346679688,-1.8158406019210815,-54.7523307800293,87.412353515625,1.9470043182373047,-54.88892364501953,88.02113342285156,Go,Stepping
1780509961.408688,21997.394224683,-2.045271635055542,-55.612674713134766,88.76789093017578,1.7300597429275513,-54.429893493652344,87.17521667480469,-1.7300597429275513,-54.55659484863281,87.11468505859375,2.045271635055542,-55.38237762451172,88.87593078613281,Go,Stepping
1780509961.4286814,21997.41447389,-2.5545761585235596,-63.30747604370117,101.0813980102539,1.6456091403961182,-54.29360580444336,86.91667938232422,-1.6456091403961182,-54.39234161376953,86.86937713623047,2.5545761585235596,-62.96009063720703,101.22676086425781,Go,Stepping
1780509961.4486907,21997.434656982,-3.004434108734131,-71.74237060546875,113.6235580444336,1.5606824159622192,-54.194740295410156,86.7200927734375,-1.5606824159622192,-54.26498794555664,86.68636322021484,3.004434108734131,-71.33439636230469,113.78020477294922,Go,Stepping
1780509961.468685,21997.455093513,-2.9990220069885254,-76.01419067382812,119.55982971191406,1.477413296699524,-54.13709259033203,86.59273529052734,-1.477413296699524,-54.17902374267578,86.57257843017578,2.9990220069885254,-75.67109680175781,119.68763732910156,Go,Stepping
1780509961.4886894,21997.475353687,-2.628754138946533,-77.9675521850586,122.2533950805664,1.3966963291168213,-54.12305450439453,86.53907012939453,-1.3966963291168213,-54.13712692260742,86.53230285644531,2.628754138946533,-77.78414154052734,122.32093811035156,Go,Stepping
1780509961.5086875,21997.494531582,-2.1041364669799805,-79.1880111694336,123.97354888916016,1.316712498664856,-54.15489196777344,86.56224822998047,-1.316712498664856,-54.14091873168945,86.56896209716797,2.1041364669799805,-79.20704650878906,123.96658325195312,Go,Stepping
1780509961.5286865,21997.51426303,-1.5116113424301147,-79.1021499633789,124.03305053710938,1.2384544610977173,-54.23208999633789,86.66175079345703,-1.2384544610977173,-54.19021224975586,86.6818618774414,1.5116113424301147,-79.32742309570312,123.95062255859375,Go,Stepping
1780509961.5486908,21997.534129193,-0.9470603466033936,-75.0534439086914,118.87992095947266,1.1626352071762085,-54.352752685546875,86.83460998535156,-1.1626352071762085,-54.283382415771484,86.86786651611328,0.9470603466033936,-75.41820526123047,118.74353790283203,Go,Stepping
1780509961.5687344,21997.555024609,-0.6604021191596985,-65.03422546386719,104.429443359375,1.0876706838607788,-54.51433563232422,87.0758285522461,-1.0876706838607788,-54.41733932495117,87.12218475341797,0.6604021191596985,-65.3796615600586,104.2884292602539,Go,Stepping
1780509961.5886881,21997.574399826,-0.7498999834060669,-55.66876983642578,89.34867858886719,1.0125794410705566,-54.712772369384766,87.37803649902344,-1.0125794410705566,-54.587669372558594,87.4376220703125,0.7498999834060669,-55.89619827270508,89.24250793457031,Go,Stepping
1780509961.6086373,21997.595520518,-0.8260729312896729,-55.13515853881836,88.42736053466797,0.9392809867858887,-54.94172286987305,87.73119354248047,-0.9392809867858887,-54.78876495361328,87.80376434326172,0.8260729312896729,-55.330745697021484,88.33516693115234,Go,Stepping
1780509961.6286376,21997.614768231,-0.8997058868408203,-54.899845123291016,88.00477600097656,0.8618980646133423,-55.19681167602539,88.12557220458984,-0.8618980646133423,-55.014198303222656,88.21183776855469,0.8997058868408203,-55.067264556884766,87.92550659179688,Go,Stepping
1780509961.648825,21997.634845566,-0.9731075763702393,-54.68345260620117,87.61341857910156,0.7808097004890442,-55.47283172607422,88.55241394042969,-0.7808066606521606,-55.25887680053711,88.65302276611328,0.9731075763702393,-54.823055267333984,87.54705047607422,Go,Stepping
1780509961.668747,21997.654636463,-1.0559500455856323,-54.49822998046875,87.2703628540039,0.6642023324966431,-58.67005920410156,93.74695587158203,-0.6642023324966431,-58.38776779174805,93.87291717529297,1.0559500455856323,-54.60700988769531,87.21846008300781,Go,Stepping
1780509961.6887486,21997.67555863,-1.1282473802566528,-54.34502029418945,86.9848403930664,0.6475805640220642,-68.53202056884766,108.98957824707031,-0.6475805640220642,-68.14288330078125,109.14328002929688,1.1282473802566528,-54.42702102661133,86.94558715820312,Go,Stepping
1780509961.7090468,21997.695634299,-1.204063057899475,-54.23065185546875,86.76321411132812,0.863147497177124,-74.82315826416016,117.91484069824219,-0.863147497177124,-74.42984771728516,118.06246185302734,1.204063057899475,-54.28501892089844,86.73712158203125,Go,Stepping
1780509961.728694,21997.715107697,-1.2805655002593994,-54.15974044799805,86.61450958251953,1.3202005624771118,-77.4780044555664,121.54932403564453,-1.3202005624771118,-77.20962524414062,121.64844512939453,1.2805655002593994,-54.18661880493164,86.60160064697266,Go,Stepping
1780509961.748699,21997.734470827,-1.3564618825912476,-54.13329315185547,86.54103088378906,1.9014708995819092,-78.75288391113281,123.34069061279297,-1.9014708995819092,-78.6702880859375,123.37097930908203,1.3564618825912476,-54.13327407836914,86.54105377197266,Go,Stepping
1780509961.7687426,21997.754617736,-1.4338316917419434,-54.15275192260742,86.54452514648438,2.5141701698303223,-79.28406524658203,124.17691040039062,-2.5141701698303223,-79.40492248535156,124.13270568847656,1.4338316917419434,-54.12569808959961,86.55752563476562,Go,Stepping
1780509961.7886963,21997.774403792,-1.5119543075561523,-54.217079162597656,86.62345886230469,2.942284345626831,-77.39198303222656,121.90939331054688,-2.942284345626831,-77.68963623046875,121.79957580566406,1.5119543075561523,-54.16307830810547,86.6493911743164,Go,Stepping
1780509961.8087015,21997.795397052,-1.5915220975875854,-54.32435607910156,86.7743148803711,2.8272526264190674,-70.3091049194336,112.27152252197266,-2.8272526264190674,-70.66765594482422,112.13265228271484,1.5915220975875854,-54.243263244628906,86.81320190429688,Go,Stepping
1780509961.8289335,21997.815157606,-1.6718930006027222,-54.47083282470703,86.99085998535156,2.248321771621704,-58.6448860168457,94.28132629394531,-2.248321771621704,-58.918399810791016,94.15974426269531,1.6718930006027222,-54.3626708984375,87.04261016845703,Go,Stepping
1780509961.8486292,21997.834388502,-1.752663016319275,-54.65148162841797,87.26464080810547,1.9621243476867676,-55.01188659667969,88.22781372070312,-1.9621243476867676,-55.21302032470703,88.13279724121094,1.752663016319275,-54.516387939453125,87.3290786743164,Go,Stepping
1780509961.8686385,21997.854310936,-1.8352892398834229,-54.86031723022461,87.58485412597656,1.87738037109375,-54.79991912841797,87.84536743164062,-1.87738037109375,-54.97429275512695,87.7626724243164,1.8352892398834229,-54.6978759765625,87.66205596923828,Go,Stepping
1780509961.8887582,21997.874634623,-1.9263876676559448,-55.09138488769531,87.9388656616211,1.7987207174301147,-54.602909088134766,87.48880767822266,-1.7987207174301147,-54.751895904541016,87.4178695678711,1.9263876676559448,-54.89883041381836,88.03001403808594,Go,Stepping
1780509961.9086993,21997.895487434,-2.018704414367676,-55.614288330078125,88.78041076660156,1.715226650238037,-54.43572235107422,87.17949676513672,-1.715226650238037,-54.557334899902344,87.12140655517578,2.018704414367676,-55.39320755004883,88.8841323852539,Go,Stepping
1780509961.928711,21997.915298516,-2.5155153274536133,-63.32130432128906,101.11663055419922,1.6340421438217163,-54.298038482666016,86.9198226928711,-1.6340421438217163,-54.39280319213867,86.87442779541016,2.5155153274536133,-62.9876708984375,101.25619506835938,Go,Stepping
1780509961.948701,21997.934477689,-2.95938777923584,-71.7449951171875,113.64134979248047,1.5528533458709717,-54.1978645324707,86.72240447998047,-1.5528533458709717,-54.265403747558594,86.68997955322266,2.95938777923584,-71.35261535644531,113.7919921875,Go,Stepping
1780509961.9687421,21997.954756703,-2.9808156490325928,-76.01690673828125,119.5687484741211,1.4751594066619873,-54.1379508972168,86.59333801269531,-1.4751594066619873,-54.179100036621094,86.57355499267578,2.9808156490325928,-75.68002319335938,119.6942138671875,Go,Stepping
1780509961.988706,21997.974699475,-2.619650363922119,-77.96888732910156,122.25772094726562,1.3959765434265137,-54.12333297729492,86.53926849365234,-1.3959765434265137,-54.137149810791016,86.5326156616211,2.619650363922119,-77.78862762451172,122.32412719726562,Go,Stepping
1780509962.0087006,21997.994859016,-2.104400634765625,-79.1884765625,123.97406768798828,1.317091464996338,-54.154762268066406,86.56216430664062,-1.317091464996338,-54.14091110229492,86.56881713867188,2.104400634765625,-79.20742797851562,123.96713256835938,Go,Stepping
1780509962.0287087,21998.014566988,-1.5149797201156616,-79.10113525390625,124.03079223632812,1.2390981912612915,-54.23187255859375,86.66163635253906,-1.2390981912612915,-54.190223693847656,86.68163299560547,1.5149797201156616,-79.32521057128906,123.94880676269531,Go,Stepping
1780509962.0487626,21998.034693892,-0.9443727731704712,-75.04949951171875,118.8753890991211,1.1621291637420654,-54.35302734375,86.83487701416016,-1.1621291637420654,-54.28347396850586,86.86820220947266,0.9443727731704712,-75.41515350341797,118.73866271972656,Go,Stepping
1780509962.0687141,21998.055013656,-0.6555529236793518,-65.0248794555664,104.416748046875,1.0862445831298828,-54.515010833740234,87.076416015625,-1.0862445831298828,-54.417503356933594,87.12301635742188,0.6555529236793518,-65.37196350097656,104.2750473022461,Go,Stepping
1780509962.088644,21998.074969259,-0.7353736758232117,-55.383235931396484,88.87747955322266,1.0060840845108032,-54.715553283691406,87.38021087646484,-1.0060840845108032,-54.588138580322266,87.44090270996094,0.7353736758232117,-55.61362838745117,88.7693862915039,Go,Stepping
1780509962.108667,21998.095099068,-0.8100201487541199,-55.135498046875,88.43406677246094,0.9266818761825562,-54.946693420410156,87.73466491699219,-0.9266818761825562,-54.78922653198242,87.80937957763672,0.8100201487541199,-55.33683395385742,88.33917999267578,Go,Stepping
1780509962.1286426,21998.115291076,-0.8872705698013306,-54.90031814575195,88.0103530883789,0.8485021591186523,-55.20183563232422,88.12876892089844,-0.8485021591186523,-55.014366149902344,88.21732330322266,0.8872705698013306,-55.072208404541016,87.9289779663086,Go,Stepping
1780509962.1486351,21998.134692772,-1.1219557523727417,-54.23408508300781,88.02609252929688,1.0083613395690918,-56.44313430786133,88.42032623291016,-0.5335559248924255,-56.3306884765625,88.69673919677734,0.8083043694496155,-54.44660568237305,88.07398986816406,Go,Stepping
1780509962.1687143,21998.156528111,-1.5561662912368774,-53.768070220947266,87.71598815917969,1.928427815437317,-60.297332763671875,92.299560546875,0.6932873725891113,-60.56120681762695,93.31177520751953,0.5252988338470459,-54.10055160522461,88.02873229980469,Go,Stepping
1780509962.1887043,21998.175187828,-1.7159929275512695,-53.621700286865234,87.27447509765625,3.329831123352051,-70.97061157226562,106.59225463867188,2.1566195487976074,-71.72528076171875,108.35427856445312,0.5222706198692322,-53.96114730834961,87.66301727294922,Go,Stepping
1780509962.2087038,21998.196664789,-1.7716591358184814,-53.620643615722656,86.89205169677734,4.809142589569092,-77.38809967041016,114.98853302001953,3.2599287033081055,-78.7412109375,117.35261535644531,0.6218404173851013,-53.92636489868164,87.28520965576172,Go,Stepping
1780509962.2287636,21998.215762984,-1.470229148864746,-53.89164733886719,86.67855834960938,3.1682634353637695,-79.30262756347656,120.06303405761719,0.6262826323509216,-79.86933135986328,121.2139663696289,1.0829497575759888,-54.00502014160156,86.8082275390625,Go,Stepping
1780509962.2486987,21998.234730446,-1.3564494848251343,-54.133148193359375,86.5411148071289,2.3722634315490723,-79.31175231933594,122.95038604736328,-1.407967448234558,-79.44263458251953,123.25340270996094,1.356263279914856,-54.133201599121094,86.54116821289062,Go,Stepping
1780509962.2687047,21998.254157434,-1.351049542427063,-54.35297775268555,86.50789642333984,2.1433310508728027,-78.5906982421875,124.55460357666016,-2.909383535385132,-78.544677734375,124.288818359375,1.5229741334915161,-54.286376953125,86.45692443847656,Go,Stepping
1780509962.2887087,21998.274447233,-1.4045624732971191,-54.55879211425781,86.5767593383789,2.345104694366455,-75.89519500732422,122.63227081298828,-3.6018362045288086,-75.93267059326172,122.14855194091797,1.6323872804641724,-54.45207977294922,86.5189437866211,Go,Stepping
1780509962.308714,21998.294732858,-1.461174726486206,-54.80519104003906,86.7350845336914,2.2474794387817383,-68.63796997070312,113.08006286621094,-3.4710018634796143,-68.75625610351562,112.55496978759766,1.7394154071807861,-54.66059112548828,86.67355346679688,Go,Stepping
1780509962.3286955,21998.315462133,-1.5846576690673828,-54.954959869384766,86.9625244140625,2.0240840911865234,-57.6842041015625,94.7848129272461,-2.5264389514923096,-57.86284637451172,94.48495483398438,1.7837989330291748,-54.80238342285156,86.94801330566406,Go,Stepping
1780509962.348645,21998.334708784,-1.683940052986145,-55.15476989746094,87.24948120117188,1.8611462116241455,-54.598289489746094,88.82254028320312,-2.10600209236145,-54.73581314086914,88.60636901855469,1.8483279943466187,-54.98472213745117,87.26395416259766,Go,Stepping
1780509962.368654,21998.354304393,-1.7698639631271362,-55.41388702392578,87.57997131347656,1.8078917264938354,-54.47321701049805,88.30300903320312,-1.9796582460403442,-54.606651306152344,88.1406478881836,1.9304872751235962,-55.21932601928711,87.61261749267578,Go,Stepping
1780509962.3886535,21998.374738978,-1.8748390674591064,-55.61818313598633,87.93498992919922,1.760032296180725,-54.37485122680664,87.79488372802734,-1.8550221920013428,-54.500762939453125,87.67958068847656,1.9988733530044556,-55.40638732910156,87.99958038330078,Go,Stepping
1780509962.4086528,21998.394450333,-1.9913358688354492,-55.77338409423828,88.3026351928711,1.704978346824646,-54.290306091308594,87.34846496582031,-1.7460849285125732,-54.40397262573242,87.26981353759766,2.067657232284546,-55.54337692260742,88.40184020996094,Go,Stepping
1780509962.4287112,21998.415250007,-2.4939348697662354,-63.78273391723633,100.89904022216797,1.6290104389190674,-54.19032669067383,87.02842712402344,-1.654935359954834,-54.281219482421875,86.97090148925781,2.5859436988830566,-63.424617767333984,101.01643371582031,Go,Stepping
1780509962.4487097,21998.435392799,-2.9569251537323,-72.15019989013672,113.47504425048828,1.5529237985610962,-54.137752532958984,86.77249908447266,-1.5627270936965942,-54.20453643798828,86.73519134521484,3.0159895420074463,-71.73957824707031,113.615478515625,Go,Stepping
1780509962.4687152,21998.45466183,-2.9721851348876953,-76.29485321044922,119.46158599853516,1.4743013381958008,-54.107357025146484,86.61490631103516,-1.478166937828064,-54.1479606628418,86.59345245361328,3.0053560733795166,-75.95023345947266,119.58062744140625,Go,Stepping
1780509962.4887056,21998.474774295,-2.6151115894317627,-78.10136413574219,122.20756530761719,1.3956942558288574,-54.113590240478516,86.5447769165039,-1.396742582321167,-54.12725067138672,86.53768157958984,2.6293132305145264,-77.91761016845703,122.27075958251953,Go,Stepping
1780509962.508706,21998.49445826,-2.1045098304748535,-79.17753601074219,123.9767074584961,1.3168556690216064,-54.162445068359375,86.5589828491211,-1.3162975311279297,-54.14854431152344,86.5659408569336,2.10372257232666,-79.19676208496094,123.96996307373047,Go,Stepping
1780509962.5287836,21998.514766561,-1.5058777332305908,-78.998779296875,124.06256866455078,1.2375644445419312,-54.25231170654297,86.65635681152344,-1.2364554405212402,-54.2101936340332,86.67718505859375,1.4999178647994995,-79.22891998291016,123.98128509521484,Go,Stepping
1780509962.548806,21998.535043265,-0.9358001947402954,-74.87886810302734,118.89189910888672,1.1606378555297852,-54.38493728637695,86.82930755615234,-1.1591299772262573,-54.31501388549805,86.86378479003906,0.9282875657081604,-75.25157928466797,118.75728607177734,Go,Stepping
1780509962.5687845,21998.554627085,-0.6447866559028625,-64.88941192626953,104.4015884399414,1.0831644535064697,-54.54951477050781,87.07330322265625,-1.0820225477218628,-54.451171875,87.12136840820312,0.6413018703460693,-65.24242401123047,104.26056671142578,Go,Stepping
1780509962.5887108,21998.57423349,-0.74075847864151,-55.61679458618164,89.37638854980469,1.0076969861984253,-54.75001907348633,87.37625885009766,-1.0067189931869507,-54.623558044433594,87.43777465820312,0.7392775416374207,-55.848567962646484,89.26972961425781,Go,Stepping
1780509962.6086588,21998.594661731,-0.8149352073669434,-55.106685638427734,88.47106170654297,0.9305946230888367,-54.98512268066406,87.73178100585938,-0.9296116828918457,-54.82959747314453,87.80720520019531,0.8138478994369507,-55.30607986450195,88.37604522705078,Go,Stepping
1780509962.6286635,21998.61445019,-0.8965659141540527,-54.88166809082031,88.02976989746094,0.8585048913955688,-55.23320388793945,88.12568664550781,-0.8578539490699768,-55.05004119873047,88.21405792236328,0.8960959315299988,-55.05002212524414,87.94931030273438,Go,Stepping
1780509962.6486928,21998.634578456,-0.9747927784919739,-54.672611236572266,87.63117218017578,0.785283625125885,-55.50172805786133,88.54676055908203,-0.7847756147384644,-55.290130615234375,88.64815521240234,0.974535346031189,-54.811580657958984,87.56480407714844,Go,Stepping
1780509962.6687145,21998.65466406,-1.0509178638458252,-54.488868713378906,87.2828598022461,0.6514296531677246,-58.70453643798828,93.7329330444336,-0.6508562564849854,-58.41800308227539,93.86164093017578,1.0507473945617676,-54.59944152832031,87.23002624511719,Go,Stepping
1780509962.6887178,21998.674552438,-1.1274198293685913,-54.3392448425293,86.99140930175781,0.6444721221923828,-68.54471588134766,108.94232940673828,-0.6439104080200195,-68.15499877929688,109.09716796875,1.1273384094238281,-54.42156219482422,86.95198822021484,Go,Stepping
1780509962.7087302,21998.694835707,-1.2017796039581299,-54.228118896484375,86.76756286621094,0.8482666015625,-74.82933044433594,117.87442779541016,-0.847910463809967,-74.43122100830078,118.0244369506836,1.2017511129379272,-54.283302307128906,86.7410888671875,Go,Stepping
1780509962.7287157,21998.721470372,-1.2784777879714966,-54.15833282470703,86.61641693115234,1.2998545169830322,-77.50148010253906,121.54711151123047,-1.2996656894683838,-77.22582244873047,121.64915466308594,1.2784655094146729,-54.18593978881836,86.60313415527344,Go,Stepping
1780509962.7487643,21998.737219819,-1.3564183712005615,-54.13329315185547,86.54105377197266,1.897574543952942,-78.75731658935547,123.33930969238281,-1.89754056930542,-78.67332458496094,123.3701400756836,1.3564183712005615,-54.13328552246094,86.54105377197266,Go,Stepping
1780509962.768709,21998.756499828,-1.434301495552063,-54.15359115600586,86.54369354248047,2.515521764755249,-79.27925109863281,124.17810821533203,-2.5155463218688965,-79.40060424804688,124.13374328613281,1.4343080520629883,-54.12636184692383,86.55677795410156,Go,Stepping
1780509962.7887194,21998.774492521,-1.513197422027588,-54.21891784667969,86.62239074707031,2.949131488800049,-77.3796615600586,121.91120910644531,-2.949164628982544,-77.67977142333984,121.80059814453125,1.5132038593292236,-54.16450119018555,86.6485366821289,Go,Stepping
1780509962.808763,21998.800438387,-1.5937488079071045,-54.326622009277344,86.77276611328125,2.837395668029785,-70.29961395263672,112.27802276611328,-2.83739972114563,-70.66171264648438,112.13792419433594,1.5937579870224,-54.2447624206543,86.81205749511719,Go,Stepping
1780509962.8287652,21998.816038166,-1.6763449907302856,-54.473289489746094,86.98843383789062,2.2598328590393066,-58.63656234741211,94.2837905883789,-2.259826421737671,-58.914039611816406,94.16056823730469,1.676355004310608,-54.36359405517578,87.04095458984375,Go,Stepping
1780509962.8486562,21998.846058583,-1.7624614238739014,-54.653785705566406,87.25988006591797,1.9769731760025024,-55.00358581542969,88.22675323486328,-1.976963996887207,-55.20966720581055,88.12919616699219,1.7624714374542236,-54.51530456542969,87.32599639892578,Go,Stepping
1780509962.8686564,21998.856085089,-1.8490519523620605,-54.86213302612305,87.57841491699219,1.8923027515411377,-54.79243087768555,87.84295654296875,-1.8922977447509766,-54.97182846069336,87.75777435302734,1.849058985710144,-54.694950103759766,87.65797424316406,Go,Stepping
1780509962.8886676,21998.876643665,-1.9352519512176514,-55.09184646606445,87.93224334716797,1.806585669517517,-54.60006332397461,87.49006652832031,-1.8065818548202515,-54.75167465209961,87.41785430908203,1.9352599382400513,-54.89628219604492,88.02493286132812,Go,Stepping
1780509962.9088533,21998.894567895,-2.0372467041015625,-55.61549758911133,88.77130126953125,1.7244192361831665,-54.430442810058594,87.1764144897461,-1.7244187593460083,-54.555213928222656,87.11678314208984,2.0372557640075684,-55.38798141479492,88.87805938720703,Go,Stepping
1780509962.9287856,21998.914118908,-2.539003610610962,-63.32413864135742,101.10862731933594,1.640781283378601,-54.29483413696289,86.91828155517578,-1.6407809257507324,-54.39190673828125,86.87175750732422,2.5390143394470215,-62.98234939575195,101.25165557861328,Go,Stepping
1780509962.9487865,21998.935264728,-2.9950315952301025,-71.7628402709961,113.65194702148438,1.5586910247802734,-54.19490432739258,86.72039794921875,-1.5586880445480347,-54.264469146728516,86.68699645996094,2.99504017829895,-71.35833740234375,113.80726623535156,Go,Stepping
1780509962.9689708,21998.955446009,-2.9937095642089844,-76.01716613769531,119.5626220703125,1.4767426252365112,-54.13715362548828,86.59300231933594,-1.4767426252365112,-54.178855895996094,86.57296752929688,2.9937186241149902,-75.67591094970703,119.68976593017578,Go,Stepping
1780509962.988786,21998.977265055,-2.6244451999664307,-77.96868133544922,122.25506591796875,1.3963583707809448,-54.123138427734375,86.53919219970703,-1.3963583707809448,-54.1370964050293,86.53247833251953,2.624450206756592,-77.7867660522461,122.32207489013672,Go,Stepping
1780509963.0087235,21998.994460729,-2.1043853759765625,-79.1881103515625,123.97368621826172,1.3169575929641724,-54.15484619140625,86.56217193603516,-1.3169575929641724,-54.14094924926758,86.56884765625,2.1043853759765625,-79.2070541381836,123.96674346923828,Go,Stepping
1780509963.0285387,21999.014217793,-1.5126913785934448,-79.10334014892578,124.03514862060547,1.2386115789413452,-54.232051849365234,86.66153717041016,-1.2386115789413452,-54.19023132324219,86.6816177368164,1.5126913785934448,-79.32825469970703,123.95285034179688,Go,Stepping
1780509963.0487208,21999.034366055,-0.9267621636390686,-75.05326080322266,118.88702392578125,1.1587468385696411,-54.354434967041016,86.83567810058594,-1.1587468385696411,-54.28369140625,86.86959075927734,0.9267621636390686,-75.42527770996094,118.7479476928711,Go,Stepping
1780509963.0687234,21999.054586885,-0.6452645659446716,-65.0268325805664,104.42439270019531,1.083310604095459,-54.51630401611328,87.07714080810547,-1.083310604095459,-54.41774368286133,87.12425994873047,0.6452645659446716,-65.37772369384766,104.28115844726562,Go,Stepping
1780509963.0886867,21999.075065139,-0.7377333045005798,-55.6688117980957,89.35405731201172,1.0061864852905273,-54.71522521972656,87.37934112548828,-1.0061864852905273,-54.58783721923828,87.44001007080078,0.7377364039421082,-55.90064239501953,89.245849609375,Go,Stepping
1780509963.1086733,21999.094472981,-0.8170385956764221,-55.13482666015625,88.4306869506836,0.9319856762886047,-54.945106506347656,87.73371887207031,-0.9319856762886047,-54.78951644897461,87.80752563476562,0.8170384764671326,-55.33366012573242,88.33695983886719,Go,Stepping
1780509963.1286664,21999.114644512,-0.8945596814155579,-54.89955139160156,88.00654602050781,0.8560745120048523,-55.1995849609375,88.12763214111328,-0.8560715317726135,-55.01485824584961,88.21491241455078,0.8945596814155579,-55.06882095336914,87.92640686035156,Go,Stepping
1780509963.1486607,21999.134343075,-0.9721432328224182,-54.68492126464844,87.61647033691406,0.7808164358139038,-55.47110366821289,88.54920196533203,-0.7808164358139038,-55.25712585449219,88.64981842041016,0.9721432328224182,-54.824886322021484,87.54993438720703,Go,Stepping
1780509963.168728,21999.154627626,-1.0480703115463257,-54.49822235107422,87.27348327636719,0.6436776518821716,-58.69184494018555,93.77423858642578,-0.6436776518821716,-58.40201187133789,93.90353393554688,1.0480703115463257,-54.60978698730469,87.22025299072266,Go,Stepping
1780509963.188728,21999.175145654,-1.121930480003357,-54.345333099365234,86.98785400390625,0.6187391877174377,-68.5365219116211,108.98592376708984,-0.6187391877174377,-68.1366958618164,109.14385986328125,1.121930480003357,-54.4295768737793,86.94752502441406,Go,Stepping
1780509963.2087238,21999.195489428,-1.1992158889770508,-54.231285095214844,86.76616668701172,0.8300905823707581,-74.81509399414062,117.89324951171875,-0.8300905823707581,-74.40977478027344,118.04539489746094,1.1992158889770508,-54.28736877441406,86.7392578125,Go,Stepping
1780509963.2287335,21999.214572176,-1.2783875465393066,-54.15974044799805,86.6153564453125,1.298514723777771,-77.49024963378906,121.55839538574219,-1.298514723777771,-77.21380615234375,121.66048431396484,1.2783875465393066,-54.18738555908203,86.60206604003906,Go,Stepping
1780509963.2487326,21999.234308817,-1.3565673828125,-54.13328552246094,86.54098510742188,1.8978773355484009,-78.7560043334961,123.34351348876953,-1.8978773355484009,-78.67206573486328,123.3742904663086,1.3565673828125,-54.13322448730469,86.541015625,Go,Stepping
1780509963.2687232,21999.254504407,-1.4349420070648193,-54.15266036987305,86.54393005371094,2.518904447555542,-79.28211212158203,124.17584228515625,-2.518904447555542,-79.4046401977539,124.13102722167969,1.4349420070648193,-54.125213623046875,86.55712890625,Go,Stepping
1780509963.2887228,21999.274602836,-1.5134263038635254,-54.2171630859375,86.62303161621094,2.950038194656372,-77.38189697265625,121.89872741699219,-2.950038194656372,-77.68234252929688,121.78787231445312,1.5134263038635254,-54.162654876708984,86.64922332763672,Go,Stepping
1780509963.3087308,21999.306678278,-1.5944851636886597,-54.32448959350586,86.77340698242188,2.838703155517578,-70.28280639648438,112.2376480102539,-2.838703155517578,-70.64557647705078,112.09710693359375,1.5944851636886597,-54.24235916137695,86.81279754638672,Go,Stepping
1780509963.3287477,21999.314606289,-1.6748777627944946,-54.47085189819336,86.98974609375,2.2551913261413574,-58.631591796875,94.26228332519531,-2.2551913261413574,-58.90748596191406,94.1396255493164,1.6748777627944946,-54.36164093017578,87.04198455810547,Go,Stepping
1780509963.3486774,21999.334878535,-1.7564656734466553,-54.65178298950195,87.26370239257812,1.9673585891723633,-55.009193420410156,88.22525787353516,-1.9673585891723633,-55.212100982666016,88.12940979003906,1.7564656734466553,-54.51536178588867,87.3287582397461,Go,Stepping
1780509963.3687067,21999.354664566,-1.6992976665496826,-55.58449172973633,87.62701416015625,1.729750156402588,-54.404422760009766,88.4541015625,-2.039912223815918,-54.513214111328125,88.25711822509766,1.9852954149246216,-55.35749816894531,87.59949493408203,Go,Stepping
1780509963.3887038,21999.374858164,-1.7127028703689575,-55.89382553100586,88.24983978271484,1.6330175399780273,-54.4819450378418,88.08505249023438,-1.9696167707443237,-54.54879379272461,87.87686920166016,2.1469502449035645,-55.61646270751953,88.19815063476562,Go,Stepping
1780509963.408755,21999.395096972,-1.8713070154190063,-55.788692474365234,88.76966094970703,1.6395436525344849,-54.61450958251953,87.64262390136719,-1.7969223260879517,-54.69733810424805,87.52079010009766,2.1570048332214355,-55.50366973876953,88.76359558105469,Go,Stepping
1780509963.4287255,21999.415629377,-2.5527424812316895,-63.29657745361328,101.13362121582031,1.6483887434005737,-54.461673736572266,87.17598724365234,-1.6245911121368408,-54.561431884765625,87.13948059082031,2.47141432762146,-62.98248291015625,101.30118560791016,Go,Stepping
1780509963.4487169,21999.434923394,-3.17301344871521,-71.57897186279297,113.6337890625,1.5916799306869507,-54.29417419433594,86.83732604980469,-1.5187649726867676,-54.378456115722656,86.83243560791016,2.7536087036132812,-71.2801742553711,113.92027282714844,Go,Stepping
1780509963.468746,21999.454788504,-3.2011168003082275,-75.80181884765625,119.56947326660156,1.5026503801345825,-54.18434143066406,86.62731170654297,-1.4492552280426025,-54.237548828125,86.62765502929688,2.7635984420776367,-75.56426239013672,119.82906341552734,Go,Stepping
1780509963.4888785,21999.474784007,-2.698909282684326,-77.87866973876953,122.27794647216797,1.4017280340194702,-54.131534576416016,86.5395736694336,-1.3897866010665894,-54.147926330566406,86.53746795654297,2.541018486022949,-77.7342758178711,122.390625,Go,Stepping
1780509963.5087602,21999.494432286,-2.0960216522216797,-79.20025634765625,123.9757080078125,1.3118585348129272,-54.153472900390625,86.57276153564453,-1.321876049041748,-54.137306213378906,86.57572174072266,2.110110282897949,-79.21653747558594,123.96460723876953,Go,Stepping
1780509963.5288424,21999.514695533,-1.4576034545898438,-79.18144989013672,124.01154327392578,1.229058027267456,-54.245059967041016,86.71348571777344,-1.2454489469528198,-54.19895553588867,86.72777557373047,1.5461602210998535,-79.39031219482422,123.90330505371094,Go,Stepping
1780509963.5487444,21999.536601079,-0.8775178790092468,-75.1495590209961,118.83856201171875,1.1502161026000977,-54.39204025268555,86.94147491455078,-1.1683300733566284,-54.317054748535156,86.96869659423828,0.971579909324646,-75.50194549560547,118.6724624633789,Go,Stepping
1780509963.5687482,21999.554453012,-0.5954449772834778,-65.10002899169922,104.36798095703125,1.0703340768814087,-54.58875274658203,87.25157928466797,-1.091009497642517,-54.48392868041992,87.2916030883789,0.6671375632286072,-65.4407958984375,104.20018005371094,Go,Stepping
1780509963.5886822,21999.574709947,-0.7138922214508057,-55.65803909301758,89.24681091308594,0.9941707849502563,-54.804927825927734,87.57942962646484,-1.0084587335586548,-54.67162322998047,87.63558197021484,0.7393612861633301,-55.88993453979492,89.13111877441406,Go,Stepping
1780509963.608681,21999.594913979,-0.7965958714485168,-55.33736801147461,88.70771026611328,0.9162840843200684,-55.04981994628906,87.95659637451172,-0.9278227090835571,-54.886878967285156,88.0276107788086,0.8112166523933411,-55.539886474609375,88.60762786865234,Go,Stepping
1780509963.6286767,21999.615167829,-0.8771011829376221,-55.05208206176758,88.21531677246094,0.8372861742973328,-55.321617126464844,88.38127136230469,-0.848391592502594,-55.12811279296875,88.46630096435547,0.8872266411781311,-55.2249870300293,88.12989044189453,Go,Stepping
1780509963.648678,21999.635434083,-0.9572099447250366,-54.772220611572266,87.73638916015625,0.7582992315292358,-55.581687927246094,88.77286529541016,-0.7651771903038025,-55.357696533203125,88.87347412109375,0.9616703987121582,-54.916507720947266,87.66629791259766,Go,Stepping
1780509963.6687322,21999.655104843,-1.036848545074463,-54.54861831665039,87.34160614013672,0.6140312552452087,-58.664371490478516,93.77040100097656,-0.6201013326644897,-58.36337661743164,93.90169525146484,1.0391865968704224,-54.66362380981445,87.28585052490234,Go,Stepping
1780509963.688812,21999.674814629,-1.1155685186386108,-54.37347412109375,87.02359008789062,0.5878633856773376,-68.51775360107422,109.0047378540039,-0.594535768032074,-68.10588836669922,109.16439819335938,1.116986870765686,-54.459598541259766,86.98178100585938,Go,Stepping
1780509963.708764,21999.695294093,-1.1957387924194336,-54.24191665649414,86.77859497070312,0.8050432801246643,-74.79668426513672,117.89923858642578,-0.8086992502212524,-74.38172149658203,118.05337524414062,1.1962393522262573,-54.29909133911133,86.75094604492188,Go,Stepping
1780509963.7287464,21999.714626462,-1.2755663394927979,-54.1627311706543,86.61870574951172,1.2711255550384521,-77.48450469970703,121.56361389160156,-1.272794485092163,-77.19794464111328,121.668701171875,1.2757313251495361,-54.191322326660156,86.60490417480469,Go,Stepping
1780509963.748787,21999.735201072,-1.3566821813583374,-54.13327407836914,86.54093933105469,1.8882739543914795,-78.758056640625,123.34891510009766,-1.8886879682540894,-78.67060089111328,123.3808364868164,1.3566821813583374,-54.133182525634766,86.54098510742188,Go,Stepping
1780509963.7687013,21999.75560987,-1.4379451274871826,-54.1525764465332,86.54446411132812,2.5317442417144775,-79.28057861328125,124.17157745361328,-2.531423568725586,-79.40765380859375,124.12521362304688,1.4378737211227417,-54.124107360839844,86.55818939208984,Go,Stepping
1780509963.7887123,21999.774845771,-1.5211663246154785,-54.218387603759766,86.6250991821289,2.99285626411438,-77.3787841796875,121.89454650878906,-2.9923489093780518,-77.69393157958984,121.77838134765625,1.5210731029510498,-54.16122055053711,86.6526107788086,Go,Stepping
1780509963.8087256,21999.794485075,-1.6053493022918701,-54.3279914855957,86.7791519165039,2.8875010013580322,-70.28913116455078,112.24696350097656,-2.8870177268981934,-70.6683349609375,112.10012817382812,1.6052342653274536,-54.242130279541016,86.82035827636719,Go,Stepping
1780509963.8287404,21999.814563808,-1.6911466121673584,-54.475929260253906,86.99603271484375,2.295494318008423,-58.60946273803711,94.231201171875,-2.295311212539673,-58.89903259277344,94.1024169921875,1.6910651922225952,-54.36109924316406,87.05094146728516,Go,Stepping
1780509963.8486671,21999.834775462,-1.7763680219650269,-54.65748977661133,87.2697525024414,1.9980006217956543,-55.016380310058594,88.24235534667969,-1.9979122877120972,-55.22956466674805,88.14188385009766,1.7762987613677979,-54.51418685913086,87.33805084228516,Go,Stepping
1780509963.8686655,21999.855105573,-1.8648329973220825,-54.8675651550293,87.5902099609375,1.9094158411026,-54.801334381103516,87.85482788085938,-1.9093514680862427,-54.986541748046875,87.76708984375,1.8647633790969849,-54.69490051269531,87.67219543457031,Go,Stepping
1780509963.8886545,21999.875342089,-1.950561761856079,-55.09658432006836,87.94219970703125,1.818527340888977,-54.6046142578125,87.49604797363281,-1.81850266456604,-54.76028060913086,87.42198944091797,1.9505170583724976,-54.89568328857422,88.0372085571289,Go,Stepping
1780509963.9087179,21999.896568471,-2.0492446422576904,-55.61088943481445,88.76677703857422,1.7322593927383423,-54.43382263183594,87.18074035644531,-1.7322438955307007,-54.56126403808594,87.11990356445312,2.0492098331451416,-55.37921142578125,88.87544250488281,Go,Stepping
1780509963.9287374,21999.914688925,-2.5538809299468994,-63.322940826416016,101.11016082763672,1.6450289487838745,-54.29649353027344,86.92000579833984,-1.6450196504592896,-54.395023345947266,86.87281799316406,2.553838014602661,-62.97597122192383,101.25528717041016,Go,Stepping
1780509963.9487257,21999.934332346,-3.000089645385742,-71.7384262084961,113.62258911132812,1.5599946975708008,-54.196258544921875,86.7217025756836,-1.5599919557571411,-54.266273498535156,86.68811798095703,3.0000603199005127,-71.33192443847656,113.77865600585938,Go,Stepping
1780509963.9687645,21999.95414828,-3.001793384552002,-76.02002716064453,119.56898498535156,1.4776133298873901,-54.13724136352539,86.59274291992188,-1.4776133298873901,-54.17924118041992,86.57255554199219,3.001775026321411,-75.67606353759766,119.69709777832031,Go,Stepping
1780509963.9887125,21999.974123,-2.625953435897827,-77.96711730957031,122.25462341308594,1.396483063697815,-54.12321472167969,86.5391616821289,-1.396483063697815,-54.13721466064453,86.53242492675781,2.625944137573242,-77.78468322753906,122.32181549072266,Go,Stepping
1780509964.008697,21999.995822171,-2.1038265228271484,-79.18806457519531,123.97362518310547,1.3164860010147095,-54.15497970581055,86.56237030029297,-1.3164860010147095,-54.14091491699219,86.56912994384766,2.1038265228271484,-79.20721435546875,123.96663665771484,Go,Stepping
1780509964.0287132,22000.014825291,-1.5025228261947632,-79.10236358642578,124.03521728515625,1.236789584159851,-54.23283386230469,86.66254425048828,-1.236789584159851,-54.190372467041016,86.68293762207031,1.5025273561477661,-79.33081817626953,123.95160675048828,Go,Stepping
1780509964.048711,22000.035475229,-0.9213539958000183,-75.05465698242188,118.88838958740234,1.1577132940292358,-54.354923248291016,86.83663940429688,-1.1577132940292358,-54.283809661865234,86.87071990966797,0.9213539958000183,-75.42862701416016,118.7485580444336,Go,Stepping
1780509964.0687263,22000.058333868,-0.6277096271514893,-65.02802276611328,104.43048095703125,1.0782955884933472,-54.51850128173828,87.07951354980469,-1.0782955884933472,-54.41815948486328,87.1274642944336,0.6277096271514893,-65.3852767944336,104.2846450805664,Go,Stepping
1780509964.0886996,22000.075186078,-0.7212517261505127,-55.38479232788086,88.88505554199219,0.9980895519256592,-54.7193603515625,87.38377380371094,-0.9980893135070801,-54.58906555175781,87.4458236694336,0.7212488055229187,-55.620323181152344,88.77457427978516,Go,Stepping
1780509964.1086802,22000.095432294,-0.8020517826080322,-55.13740921020508,88.43995666503906,0.9207519888877869,-54.94915771484375,87.73677825927734,-0.9207519888877869,-54.789527893066406,87.8125,0.8020520210266113,-55.341644287109375,88.34371948242188,Go,Stepping
1780509964.128664,22000.114453184,-0.8793757557868958,-54.90163040161133,88.01532745361328,0.8401917219161987,-55.205257415771484,88.13152313232422,-0.8401917219161987,-55.01478576660156,88.22149658203125,0.8793757557868958,-55.07633972167969,87.93260955810547,Go,Stepping
1780509964.1486647,22000.134287289,-0.9580110311508179,-54.68673324584961,87.62455749511719,0.7602618336677551,-55.478302001953125,88.55379486083984,-0.7602648735046387,-55.25686264038086,88.65791320800781,0.9580108523368835,-54.831764221191406,87.5556411743164,Go,Stepping
1780509964.1688123,22000.154543224,-1.035804033279419,-54.498931884765625,87.27911376953125,0.6123174428939819,-58.706993103027344,93.78755187988281,-0.6123174428939819,-58.40559387207031,93.9219741821289,1.035804271697998,-54.6148681640625,87.22380828857422,Go,Stepping
1780509964.1887195,22000.175839943,-1.1167927980422974,-54.346229553222656,86.99119567871094,0.5963237285614014,-68.50849151611328,108.93744659423828,-0.5963237285614014,-68.10053253173828,109.0986328125,1.1167927980422974,-54.43231201171875,86.94999694824219,Go,Stepping
1780509964.2086892,22000.195204426,-1.1953980922698975,-54.23197555541992,86.76871490478516,0.8043747544288635,-74.80289459228516,117.86907958984375,-0.8043789863586426,-74.38829803466797,118.02473449707031,1.1953980922698975,-54.2894172668457,86.74116516113281,Go,Stepping
1780509964.228733,22000.216478497,-1.275289535522461,-54.16007614135742,86.6170654296875,1.2690882682800293,-77.49445343017578,121.5551986694336,-1.2690882682800293,-77.20734405517578,121.6612319946289,1.275289535522461,-54.18880844116211,86.60325622558594,Go,Stepping
1780509964.2487369,22000.234456493,-1.3563096523284912,-54.133296966552734,86.54109954833984,1.8860269784927368,-78.7567138671875,123.34103393554688,-1.8860269784927368,-78.6685791015625,123.37336730957031,1.3563096523284912,-54.13332748413086,86.54109191894531,Go,Stepping
1780509964.2687516,22000.254554149,-1.438262939453125,-54.15239715576172,86.54225158691406,2.533205270767212,-79.27630615234375,124.1725845336914,-2.533205270767212,-79.40388488769531,124.12591552734375,1.438262939453125,-54.123783111572266,86.55601501464844,Go,Stepping
1780509964.288729,22000.275518268,-1.5207009315490723,-54.21648025512695,86.6191635131836,2.9910500049591064,-77.37899017333984,121.9064712524414,-2.9910500049591064,-77.69342041015625,121.79046630859375,1.5207009315490723,-54.159420013427734,86.64659118652344,Go,Stepping
1780509964.3087308,22000.295073379,-1.6064393520355225,-54.32334899902344,86.76701354980469,2.894822120666504,-70.30167388916016,112.28176879882812,-2.894822120666504,-70.68321990966797,112.13399505615234,1.6064393520355225,-54.237030029296875,86.80840301513672,Go,Stepping
1780509964.3287156,22000.315453466,-1.6918824911117554,-54.46946334838867,86.98107147216797,2.300997495651245,-58.64487075805664,94.29949188232422,-2.300997495651245,-58.936031341552734,94.17009735107422,1.6918824911117554,-54.35432052612305,87.03616333007812,Go,Stepping
1780509964.3486688,22000.334684084,-1.7786730527877808,-54.64982223510742,87.25212860107422,2.0018022060394287,-54.99672317504883,88.21678161621094,-2.0018022060394287,-55.211204528808594,88.11544799804688,1.7786730527877808,-54.50566101074219,87.3208999633789,Go,Stepping
1780509964.36857,22000.354282019,-1.866342306137085,-54.85715103149414,87.56797790527344,1.9123148918151855,-54.787696838378906,87.837646484375,-1.9123148918151855,-54.973915100097656,87.74931335449219,1.866342306137085,-54.68389892578125,87.65032196044922,Go,Stepping
1780509964.388666,22000.37422453,-1.9605704545974731,-55.087520599365234,87.91970825195312,1.8267052173614502,-54.59359359741211,87.48343658447266,-1.8267052173614502,-54.752098083496094,87.40795135498047,1.9605704545974731,-54.88310241699219,88.01649475097656,Go,Stepping
1780509964.4086604,22000.394512191,-2.047762632369995,-55.330841064453125,88.29537200927734,1.7364338636398315,-54.42776107788086,87.17396545410156,-1.7364338636398315,-54.55663299560547,87.11239624023438,2.047762632369995,-55.09786605834961,88.40522003173828,Go,Stepping
1780509964.4287095,22000.414681366,-2.5660293102264404,-63.28927993774414,101.04887390136719,1.6493557691574097,-54.29240036010742,86.9160385131836,-1.6493557691574097,-54.392425537109375,86.86812591552734,2.5660293102264404,-62.93773651123047,101.19600677490234,Go,Stepping
1780509964.448739,22000.434780014,-3.022963762283325,-71.7281723022461,113.59748840332031,1.5641764402389526,-54.19358444213867,86.71945190429688,-1.5641764402389526,-54.265045166015625,86.68515014648438,3.022963762283325,-71.31358337402344,113.75669860839844,Go,Stepping
1780509964.4687316,22000.454910344,-3.01489520072937,-76.00960540771484,119.54903411865234,1.4794230461120605,-54.13638687133789,86.5923080444336,-1.4794230461120605,-54.179012298583984,86.57181549072266,3.01489520072937,-75.66099548339844,119.67890167236328,Go,Stepping
1780509964.4887223,22000.474948183,-2.629345178604126,-77.96501159667969,122.24994659423828,1.3968181610107422,-54.12305450439453,86.53910827636719,-1.3968181610107422,-54.13716506958008,86.53231811523438,2.629345178604126,-77.78137969970703,122.31758117675781,Go,Stepping
1780509964.5087223,22000.495647894,-2.1044318675994873,-79.1865463256836,123.97159576416016,1.316357970237732,-54.15499496459961,86.56228637695312,-1.316357970237732,-54.14089584350586,86.56906127929688,2.1044318675994873,-79.20545959472656,123.96468353271484,Go,Stepping
1780509964.5287259,22000.515187271,-1.5006026029586792,-79.10438537597656,124.03900146484375,1.236375093460083,-54.23283004760742,86.6622085571289,-1.236375093460083,-54.190223693847656,86.68266296386719,1.5006026029586792,-79.33354187011719,123.95516204833984,Go,Stepping
1780509964.548723,22000.535559109,-0.9295357465744019,-75.06588745117188,118.90218353271484,1.1592538356781006,-54.3538932800293,86.83524322509766,-1.1592538356781006,-54.283329010009766,86.86907196044922,0.9295357465744019,-75.4371109008789,118.7634048461914,Go,Stepping
1780509964.5687387,22000.55444881,-0.6455762982368469,-65.05084991455078,104.46027374267578,1.083496332168579,-54.51577377319336,87.0766372680664,-1.083496332168579,-54.41728591918945,87.12371063232422,0.6455762982368469,-65.4018783569336,104.31700897216797,Go,Stepping
1780509964.58873,22000.574629598,-0.7408066987991333,-55.669010162353516,89.35257720947266,1.0077879428863525,-54.71446228027344,87.3790283203125,-1.0077879428863525,-54.587642669677734,87.4394302368164,0.7408066987991333,-55.89973449707031,89.24488067626953,Go,Stepping
1780509964.608681,22000.595176574,-0.8157379627227783,-55.135433197021484,88.4317855834961,0.9312030076980591,-54.94485855102539,87.73333740234375,-0.9312030076980591,-54.789005279541016,87.80728149414062,0.8157379627227783,-55.33473205566406,88.33785247802734,Go,Stepping
1780509964.628681,22000.61798007,-0.8946021795272827,-54.90007400512695,88.00711822509766,0.8564240336418152,-55.19882583618164,88.12679290771484,-0.8564240336418152,-55.014217376708984,88.21400451660156,0.8946021795272827,-55.06932830810547,87.92698669433594,Go,Stepping
1780509964.6486897,22000.63753678,-0.9720386862754822,-54.68537139892578,87.61707305908203,0.7810224890708923,-55.470359802246094,88.5483627319336,-0.7810224890708923,-55.256465911865234,88.64895629882812,0.9720386862754822,-54.825382232666016,87.55050659179688,Go,Stepping
1780509964.6687214,22000.6610864,-1.047987699508667,-54.498600006103516,87.27401733398438,0.6440635919570923,-58.67425537109375,93.74626159667969,-0.6440635919570923,-58.384708404541016,93.87545776367188,1.047987699508667,-54.61019515991211,87.22077178955078,Go,Stepping
1780509964.6887267,22000.674924182,-1.1261396408081055,-54.345516204833984,86.98648071289062,0.638749361038208,-68.50739288330078,108.95026397705078,-0.638749361038208,-68.11515045166016,109.1052474975586,1.1261396408081055,-54.42827224731445,86.94686889648438,Go,Stepping
1780509964.708766,22000.694901199,-1.202473759651184,-54.231197357177734,86.76473236083984,0.8530131578445435,-74.80448150634766,117.8864974975586,-0.8530173897743225,-74.40772247314453,118.03545379638672,1.202473759651184,-54.286128997802734,86.73838806152344,Go,Stepping
1780509964.7287474,22000.717102105,-1.2795442342758179,-54.15980529785156,86.61499786376953,1.3103011846542358,-77.48119354248047,121.55046081542969,-1.3103011846542358,-77.20919799804688,121.6509017944336,1.2795442342758179,-54.187042236328125,86.60191345214844,Go,Stepping
1780509964.7488327,22000.735781954,-1.3567721843719482,-54.13327407836914,86.54090118408203,1.9016046524047852,-78.75778198242188,123.34687042236328,-1.9016046524047852,-78.67514038085938,123.3771743774414,1.3567721843719482,-54.13314437866211,86.54095458984375,Go,Stepping
1780509964.7687466,22000.756943351,-1.4335442781448364,-54.152652740478516,86.54446411132812,2.5123326778411865,-79.28479766845703,124.17729187011719,-2.5123326778411865,-79.40501403808594,124.13333892822266,1.4335442781448364,-54.125694274902344,86.55741882324219,Go,Stepping
1780509964.7887318,22000.776820304,-1.5137296915054321,-54.21696472167969,86.62260437011719,2.952148675918579,-77.38871002197266,121.90801239013672,-2.952148675918579,-77.6897964477539,121.79693603515625,1.5137296915054321,-54.162349700927734,86.64884185791016,Go,Stepping
1780509964.808722,22000.794382736,-1.5961438417434692,-54.324066162109375,86.77207946777344,2.848004102706909,-70.30469512939453,112.27169799804688,-2.848004102706909,-70.67037200927734,112.13005828857422,1.5961438417434692,-54.24135208129883,86.81175231933594,Go,Stepping
1780509964.8287306,22000.814653935,-1.679791808128357,-54.47040939331055,86.9871826171875,2.2685070037841797,-58.636783599853516,94.2752685546875,-2.2685070037841797,-58.91715621948242,94.15064239501953,1.679791808128357,-54.35948944091797,87.04025268554688,Go,Stepping
1780509964.8486297,22000.836158352,-1.7615960836410522,-54.6506462097168,87.25990295410156,1.9760162830352783,-55.00687026977539,88.22444152832031,-1.9760162830352783,-55.21267318725586,88.1272201538086,1.7615960836410522,-54.51243209838867,87.32581329345703,Go,Stepping
1780509964.8686862,22000.855278096,-1.8516799211502075,-54.85944366455078,87.57726287841797,1.8951472043991089,-54.792789459228516,87.83998107910156,-1.8951472043991089,-54.97323226928711,87.75439453125,1.8516799211502075,-54.6912841796875,87.65716552734375,Go,Stepping
1780509964.888677,22000.87516424,-1.93488609790802,-55.08933639526367,87.93229675292969,1.806355357170105,-54.601341247558594,87.48892211914062,-1.806355357170105,-54.75288391113281,87.41677856445312,1.93488609790802,-54.89384460449219,88.02484893798828,Go,Stepping
1780509964.9087398,22000.895185362,-2.0249526500701904,-55.613895416259766,88.77747344970703,1.718790054321289,-54.43439865112305,87.17857360839844,-1.718790054321289,-54.557220458984375,87.11991119384766,2.0249526500701904,-55.390655517578125,88.88218688964844,Go,Stepping
1780509964.9287317,22000.914524374,-2.5295498371124268,-63.31079864501953,101.09525299072266,1.638330340385437,-54.29647445678711,86.91879272460938,-1.638330340385437,-54.392723083496094,86.87268829345703,2.5295498371124268,-62.97215270996094,101.2369384765625,Go,Stepping
1780509964.9487388,22000.935045679,-2.976123809814453,-71.74164581298828,113.63135528564453,1.5558089017868042,-54.19672775268555,86.72159576416016,-1.5558089017868042,-54.26529312133789,86.68869018554688,2.976123809814453,-71.34343719482422,113.78424072265625,Go,Stepping
1780509964.96873,22000.954748457,-2.984161138534546,-76.01461791992188,119.56471252441406,1.475606918334961,-54.13782501220703,86.5932846069336,-1.475606918334961,-54.179134368896484,86.57344055175781,2.984161138534546,-75.67658996582031,119.69062805175781,Go,Stepping
1780509964.9887414,22000.975096375,-2.6150779724121094,-77.96833801269531,122.2583236694336,1.3956509828567505,-54.12347412109375,86.53937530517578,-1.3956509828567505,-54.137176513671875,86.53277587890625,2.6150779724121094,-77.78965759277344,122.32412719726562,Go,Stepping
1780509965.0087879,22000.994413232,-2.103550672531128,-79.1897964477539,123.97599029541016,1.3169677257537842,-54.15483856201172,86.56224822998047,-1.3169677257537842,-54.14094924926758,86.56892395019531,2.103550672531128,-79.20906829833984,123.96892547607422,Go,Stepping
1780509965.028745,22001.014453908,-1.522875428199768,-79.10082244873047,124.02815246582031,1.2405580282211304,-54.231292724609375,86.66122436523438,-1.2405580282211304,-54.19015884399414,86.68097686767578,1.522875428199768,-79.32211303710938,123.9471664428711,Go,Stepping
1780509965.0487468,22001.034801026,-0.9513113498687744,-75.05335998535156,118.87847137451172,1.1634503602981567,-54.35243606567383,86.83439636230469,-1.1634503602981567,-54.283355712890625,86.86750793457031,0.9513113498687744,-75.41658020019531,118.74267578125,Go,Stepping
1780509965.068739,22001.05498826,-0.6605033278465271,-65.02717590332031,104.41854095458984,1.0876723527908325,-54.51443099975586,87.07598876953125,-1.0876723527908325,-54.417423248291016,87.12234497070312,0.6605033278465271,-65.37248229980469,104.27757263183594,Go,Stepping
1780509965.088671,22001.0746476,-0.7460048794746399,-55.38320541381836,88.87336730957031,1.0121053457260132,-54.7130241394043,87.37828063964844,-1.0121053457260132,-54.58774948120117,87.43795013427734,0.7460048794746399,-55.60979080200195,88.76705932617188,Go,Stepping
1780509965.1086824,22001.094467934,-0.8244172930717468,-55.13515853881836,88.42798614501953,0.9379580616950989,-54.94227981567383,87.73162078857422,-0.9379580616950989,-54.78884506225586,87.80440521240234,0.8244172930717468,-55.33133316040039,88.33551788330078,Go,Stepping
1780509965.1291826,22001.115184173,-0.8934673070907593,-54.895694732666016,88.00019073486328,0.8520041704177856,-55.205223083496094,88.13578796386719,-0.8520041704177856,-55.019039154052734,88.22373962402344,0.8934673070907593,-55.0653076171875,87.91988372802734,Go,Stepping
1780509965.1487365,22001.135425006,-0.9855398535728455,-54.684783935546875,87.6109390258789,0.8013469576835632,-55.46262741088867,88.54322814941406,-0.8013469576835632,-55.255985260009766,88.64039611816406,0.9855398535728455,-54.820003509521484,87.5466537475586,Go,Stepping
1780509965.1687684,22001.155234125,-1.0521389245986938,-54.4984016418457,87.2720718383789,0.6544868350028992,-58.673667907714844,93.74935150146484,-0.6544868350028992,-58.38802719116211,93.8768081665039,1.0521389245986938,-54.60850524902344,87.21954345703125,Go,Stepping
1780509965.1889699,22001.17568312,-1.127792477607727,-54.34540939331055,86.98566436767578,0.646224319934845,-68.50784301757812,108.95355224609375,-0.646224319934845,-68.11840057373047,109.10742950439453,1.127792477607727,-54.427574157714844,86.94633483886719,Go,Stepping
1780509965.2088447,22001.195316049,-1.2036067247390747,-54.23087692260742,86.7637710571289,0.8603646159172058,-74.81455993652344,117.90239715576172,-0.8603646159172058,-74.42036437988281,118.05036163330078,1.2036067247390747,-54.28540802001953,86.73760986328125,Go,Stepping
1780509965.2288733,22001.21488054,-1.280319094657898,-54.15952682495117,86.61424255371094,1.3167613744735718,-77.48872375488281,121.56208038330078,-1.3167613744735718,-77.21894836425781,121.6617202758789,1.280319094657898,-54.18648910522461,86.60128784179688,Go,Stepping
1780509965.2487657,22001.234565087,-1.3564307689666748,-54.13329315185547,86.54105377197266,1.9019523859024048,-78.7522201538086,123.33998107910156,-1.9019523859024048,-78.66980743408203,123.37020874023438,1.3564307689666748,-54.13328552246094,86.54105377197266,Go,Stepping
1780509965.268766,22001.254733928,-1.4334944486618042,-54.15264892578125,86.54447174072266,2.51206111907959,-79.284912109375,124.17736053466797,-2.51206111907959,-79.405029296875,124.1334228515625,1.4334944486618042,-54.125701904296875,86.55741882324219,Go,Stepping
1780509965.2887626,22001.27519953,-1.5114891529083252,-54.21712112426758,86.62371063232422,2.9396555423736572,-77.39228820800781,121.90904235839844,-2.9396555423736572,-77.68904876708984,121.79956817626953,1.5114891529083252,-54.16328430175781,86.64956665039062,Go,Stepping
1780509965.3087587,22001.295512644,-1.5905628204345703,-54.324462890625,86.77484893798828,2.8227031230926514,-70.30699920654297,112.26710510253906,-2.8227031230926514,-70.66403198242188,112.12881469726562,1.5905628204345703,-54.24370193481445,86.81358337402344,Go,Stepping
1780509965.328746,22001.31447631,-1.6743855476379395,-54.47072982788086,86.98975372314453,2.254528760910034,-58.6402473449707,94.27606964111328,-2.254528760910034,-58.91596221923828,94.15351867675781,1.6743855476379395,-54.361690521240234,87.04192352294922,Go,Stepping
1780509965.3486898,22001.33571236,-1.7581168413162231,-54.65129089355469,87.26227569580078,1.9702564477920532,-55.00849914550781,88.22512817382812,-1.9702564477920532,-55.212406158447266,88.12881469726562,1.7581168413162231,-54.51428985595703,87.32762145996094,Go,Stepping
1780509965.3686974,22001.35464809,-1.8411818742752075,-54.8601188659668,87.58232879638672,1.8836804628372192,-54.797306060791016,87.84329986572266,-1.8836804628372192,-54.97380828857422,87.75957489013672,1.8411818742752075,-54.69562530517578,87.6604995727539,Go,Stepping
1780509965.388712,22001.375496327,-1.921676754951477,-55.08963394165039,87.93771362304688,1.7962982654571533,-54.60573959350586,87.49259185791016,-1.7962982654571533,-54.75384521484375,87.42208099365234,1.921676754951477,-54.89873123168945,88.02808380126953,Go,Stepping
1780509965.408792,22001.394381297,-2.01808500289917,-55.614349365234375,88.78074645996094,1.7146868705749512,-54.435791015625,87.1794204711914,-1.7146868705749512,-54.55723571777344,87.12140655517578,2.01808500289917,-55.39347839355469,88.88435363769531,Go,Stepping
1780509965.4288716,22001.414545865,-2.5108230113983154,-63.34298324584961,101.1523208618164,1.6321771144866943,-54.2984733581543,86.91985321044922,-1.6321771144866943,-54.3925895690918,86.87477111816406,2.5108230113983154,-63.01119613647461,101.29107666015625,Go,Stepping
1780509965.448775,22001.434158433,-2.954256296157837,-71.74766540527344,113.64677429199219,1.5519143342971802,-54.19819259643555,86.72261047363281,-1.5519143342971802,-54.26541519165039,86.69034576416016,2.954256296157837,-71.35709381103516,113.79670715332031,Go,Stepping
1780509965.4687726,22001.45439539,-2.9617931842803955,-76.0180435180664,119.57587432861328,1.4728344678878784,-54.138877868652344,86.5940170288086,-1.4728344678878784,-54.17921829223633,86.57462310791016,2.9617931842803955,-75.68775939941406,119.69890594482422,Go,Stepping
1780509965.4890628,22001.475444405,-2.6055896282196045,-77.96942138671875,122.2624282836914,1.394909143447876,-54.12376022338867,86.5395736694336,-1.394909143447876,-54.13720703125,86.53311157226562,2.6055896282196045,-77.79401397705078,122.32704162597656,Go,Stepping
1780509965.5091054,22001.495533319,-2.0981507301330566,-79.199462890625,123.98979949951172,1.3166282176971436,-54.15523910522461,86.56279754638672,-1.3166282176971436,-54.141231536865234,86.56952667236328,2.0981507301330566,-79.22077941894531,123.98200225830078,Go,Stepping
1780509965.528799,22001.514833835,-1.5403642654418945,-79.09980773925781,124.02188110351562,1.2438043355941772,-54.23001480102539,86.6603012084961,-1.2438043355941772,-54.190025329589844,86.67951202392578,1.5403642654418945,-79.3149642944336,123.94315338134766,Go,Stepping
1780509965.5490458,22001.534955809,-0.9683741927146912,-75.03556060791016,118.84905242919922,1.166762113571167,-54.351409912109375,86.83393096923828,-1.166762113571167,-54.28350067138672,86.86648559570312,0.9683741927146912,-75.39237213134766,118.71560668945312,Go,Stepping
1780509965.568734,22001.555589741,-0.6809714436531067,-65.02694702148438,104.41095733642578,1.093530297279358,-54.51211929321289,87.07435607910156,-1.093530297279358,-54.41720199584961,87.1197280883789,0.6809714436531067,-65.36478424072266,104.27302551269531,Go,Stepping
1780509965.5887403,22001.574792998,-0.7575090527534485,-55.38255310058594,88.86784362792969,1.0182998180389404,-54.71092987060547,87.37715911865234,-1.0182998180389404,-54.58787536621094,87.43577575683594,0.7575090527534485,-55.60497283935547,88.76348114013672,Go,Stepping
1780509965.6087668,22001.595369247,-0.8335827589035034,-55.13520431518555,88.424560546875,0.945274293422699,-54.93919372558594,87.72929382324219,-0.945274293422699,-54.78840255737305,87.80084228515625,0.8335827589035034,-55.32809066772461,88.33363342285156,Go,Stepping
1780509965.6286883,22001.614457849,-0.9084718227386475,-54.90018844604492,88.00199127197266,0.8718252182006836,-55.192352294921875,88.12195587158203,-0.8718252182006836,-55.01332473754883,88.20654296875,0.9084718227386475,-55.064476013183594,87.92420196533203,Go,Stepping
1780509965.648706,22001.635040809,-0.9789898991584778,-54.68544006347656,87.61449432373047,0.7917881608009338,-55.4659309387207,88.54521942138672,-0.7917881608009338,-55.25600051879883,88.6439437866211,0.9789898991584778,-54.82295227050781,87.54911804199219,Go,Stepping
1780509965.668777,22001.654503139,-1.0523320436477661,-54.49857711791992,87.27230834960938,0.6553352475166321,-58.66302490234375,93.73236083984375,-0.6553352475166321,-58.37770080566406,93.85969543457031,1.0523320436477661,-54.60862731933594,87.21980285644531,Go,Stepping
1780509965.6887553,22001.67448217,-1.1257551908493042,-54.345638275146484,86.98683166503906,0.6371567249298096,-68.50132751464844,108.94094848632812,-0.6371567249298096,-68.10869598388672,109.09607696533203,1.1257551908493042,-54.42852783203125,86.94715118408203,Go,Stepping
1780509965.7087643,22001.694366753,-1.201601505279541,-54.23147964477539,86.76553344726562,0.8474090695381165,-74.79530334472656,117.87238311767578,-0.8474090695381165,-74.39665222167969,118.02206420898438,1.201601505279541,-54.28671646118164,86.7390365600586,Go,Stepping
1780509965.728776,22001.714803726,-1.2782564163208008,-54.15989685058594,86.61564636230469,1.2978712320327759,-77.484619140625,121.5511474609375,-1.2978712320327759,-77.2081298828125,121.65325927734375,1.2782564163208008,-54.187591552734375,86.60234832763672,Go,Stepping
1780509965.7487843,22001.741517663,-1.3563562631607056,-54.133296966552734,86.54108428955078,1.8949875831604004,-78.75382232666016,123.33998107910156,-1.8949875831604004,-78.66891479492188,123.37112426757812,1.3563562631607056,-54.13330841064453,86.54108428955078,Go,Stepping
1780509965.7688217,22001.754383958,-1.4364211559295654,-54.152557373046875,86.543212890625,2.525371789932251,-79.27949523925781,124.17436981201172,-2.525371789932251,-79.40431213378906,124.12873077392578,1.4364211559295654,-54.12459182739258,86.55665588378906,Go,Stepping
1780509965.7887902,22001.77549476,-1.5169668197631836,-54.21673583984375,86.6209945678711,2.970231533050537,-77.38440704345703,121.90757751464844,-2.970231533050537,-77.6916732788086,121.79421997070312,1.5169668197631836,-54.16098403930664,86.64777374267578,Go,Stepping
1780509965.8087702,22001.795488228,-1.599615454673767,-54.32383346557617,86.7703857421875,2.86368727684021,-70.30235290527344,112.27316284179688,-2.86368727684021,-70.67333221435547,112.12947845458984,1.599615454673767,-54.23990249633789,86.81063079833984,Go,Stepping
1780509965.828763,22001.816698744,-1.684464931488037,-54.47006607055664,86.98484802246094,2.2809205055236816,-58.638126373291016,94.28173065185547,-2.2809205055236816,-58.922637939453125,94.15526580810547,1.684464931488037,-54.35750961303711,87.0386962890625,Go,Stepping
1780509965.848741,22001.835511328,-1.767624020576477,-54.65065383911133,87.25765228271484,1.984778881072998,-55.00300598144531,88.22115325927734,-1.984778881072998,-55.21175765991211,88.12254333496094,1.767624020576477,-54.510345458984375,87.32456970214844,Go,Stepping
1780509965.868737,22001.855686312,-1.8505216836929321,-54.859378814697266,87.5776138305664,1.8939982652664185,-54.7934684753418,87.84062957763672,-1.8939982652664185,-54.97346496582031,87.75526428222656,1.8505216836929321,-54.6916389465332,87.6573257446289,Go,Stepping
1780509965.8887327,22001.874901486,-1.936767578125,-55.089141845703125,87.93125915527344,1.8078863620758057,-54.60079574584961,87.48857879638672,-1.8078863620758057,-54.75287628173828,87.41618347167969,1.936767578125,-54.89298629760742,88.02411651611328,Go,Stepping
1780509965.9087317,22001.895374298,-2.022103786468506,-55.33268737792969,88.30792999267578,1.7219288349151611,-54.43320846557617,87.17776489257812,-1.7219288349151611,-54.5571174621582,87.11857604980469,2.022103786468506,-55.10859298706055,88.41358184814453,Go,Stepping
1780509965.9287574,22001.917581341,-2.5284740924835205,-63.310848236083984,101.0957260131836,1.638019323348999,-54.29661178588867,86.91889953613281,-1.638019323348999,-54.392738342285156,86.87284851074219,2.5284740924835205,-62.972599029541016,101.23724365234375,Go,Stepping
1780509965.9487746,22001.935058765,-2.9704203605651855,-71.7384033203125,113.62850189208984,1.5548906326293945,-54.1971549987793,86.72197723388672,-1.5548906326293945,-54.26539993286133,86.68922424316406,2.9704203605651855,-71.3421401977539,113.7806396484375,Go,Stepping
1780509965.9687889,22001.95529733,-2.974679708480835,-76.0146713256836,119.56757354736328,1.474459171295166,-54.138301849365234,86.59365844726562,-1.474459171295166,-54.17920684814453,86.5739974975586,2.974679708480835,-75.67991638183594,119.6922607421875,Go,Stepping
1780509965.988785,22001.975690873,-2.6099929809570312,-77.9677963256836,122.25907135009766,1.3952882289886475,-54.123634338378906,86.53951263427734,-1.3952882289886475,-54.13720703125,86.53297424316406,2.6099929809570312,-77.79085540771484,122.32423400878906,Go,Stepping
1780509966.0088358,22001.995519456,-2.1058266162872314,-79.18775939941406,123.9727554321289,1.317885160446167,-54.154422760009766,86.56189727783203,-1.317885160446167,-54.1408576965332,86.56842041015625,2.1058266162872314,-79.20621490478516,123.96600341796875,Go,Stepping
1780509966.0287483,22002.015164436,-1.5286343097686768,-79.10147094726562,124.02732849121094,1.2416043281555176,-54.2308464050293,86.66085815429688,-1.2416043281555176,-54.19007873535156,86.68042755126953,1.5286343097686768,-79.32074737548828,123.94709014892578,Go,Stepping
1780509966.048789,22002.035214981,-0.966092586517334,-75.05302429199219,118.87345886230469,1.1662845611572266,-54.351322174072266,86.83360290527344,-1.1662845611572266,-54.28324508666992,86.8662338256836,0.966092586517334,-75.41093444824219,118.73963928222656,Go,Stepping
1780509966.068777,22002.054964585,-0.6756609082221985,-65.03407287597656,104.42378997802734,1.0920356512069702,-54.51262283325195,87.07463836669922,-1.0920356512069702,-54.41717529296875,87.12025451660156,0.6756609082221985,-65.37391662597656,104.28504943847656,Go,Stepping
1780509966.088744,22002.075028355,-0.7599696516990662,-55.668575286865234,89.344482421875,1.0185242891311646,-54.710166931152344,87.3759765625,-1.0185242891311646,-54.58720397949219,87.43455505371094,0.7599696516990662,-55.89236068725586,89.24000549316406,Go,Stepping
1780509966.1087384,22002.094643363,-0.830784797668457,-55.134647369384766,88.4246826171875,0.9427326321601868,-54.940757751464844,87.73092651367188,-0.9427326321601868,-54.7890510559082,87.80290222167969,0.830784797668457,-55.328529357910156,88.33329772949219,Go,Stepping
1780509966.1287353,22002.114880996,-0.9071557521820068,-54.89927673339844,88.0009765625,0.8697448968887329,-55.19414138793945,88.12413024902344,-0.8697448968887329,-55.014347076416016,88.20907592773438,0.9071557521820068,-55.06403732299805,87.92296600341797,Go,Stepping
1780509966.1487262,22002.134884882,-0.9817125797271729,-54.684810638427734,87.61239624023438,0.7954027652740479,-55.46519088745117,88.54534149169922,-0.7954027652740479,-55.256534576416016,88.64347839355469,0.9817125797271729,-54.821353912353516,87.54747772216797,Go,Stepping
1780509966.1687922,22002.160877301,-1.0560804605484009,-54.49799346923828,87.2698974609375,0.6640708446502686,-58.68387985229492,93.7693862915039,-0.6640708446502686,-58.40153884887695,93.89534759521484,1.0560804605484009,-54.60670852661133,87.21802520751953,Go,Stepping
1780509966.1888814,22002.174691245,-1.1284335851669312,-54.34457778930664,86.98402404785156,0.647609531879425,-68.56000518798828,109.03062438964844,-0.647609531879425,-68.1705551147461,109.1844253540039,1.1284335851669312,-54.426517486572266,86.94480895996094,Go,Stepping
1780509966.2087808,22002.195523627,-1.2051526308059692,-54.23106384277344,86.76349639892578,0.871764063835144,-74.798095703125,117.88379669189453,-0.871764063835144,-74.40824127197266,118.03016662597656,1.2051526308059692,-54.28505325317383,86.73759460449219,Go,Stepping
1780509966.228786,22002.214574352,-1.2802939414978027,-54.15968704223633,86.6145248413086,1.3172341585159302,-77.4820327758789,121.55366516113281,-1.3172341585159302,-77.21259307861328,121.65318298339844,1.2802939414978027,-54.1866569519043,86.6015625,Go,Stepping
1780509966.2487807,22002.234829307,-1.356533408164978,-54.1332893371582,86.54100799560547,1.9023479223251343,-78.75371551513672,123.34197235107422,-1.9023479223251343,-78.6714096069336,123.37216186523438,1.356533408164978,-54.13323974609375,86.54103088378906,Go,Stepping
1780509966.2688289,22002.255141505,-1.4335050582885742,-54.152706146240234,86.54457092285156,2.5124123096466064,-79.28477478027344,124.17729187011719,-2.5124123096466064,-79.40501403808594,124.13331604003906,1.4335050582885742,-54.12575912475586,86.55752563476562,Go,Stepping
1780509966.2888272,22002.27520935,-1.5122768878936768,-54.21717834472656,86.62351989746094,2.943753957748413,-77.38601684570312,121.90216827392578,-2.943753957748413,-77.68428039550781,121.7921371459961,1.5122768878936768,-54.16306686401367,86.64949798583984,Go,Stepping
1780509966.3087826,22002.295846108,-1.5930753946304321,-54.324501037597656,86.77397918701172,2.832775354385376,-70.2891616821289,112.24481964111328,-2.832775354385376,-70.64985656738281,112.10509490966797,1.5930753946304321,-54.24286651611328,86.81312561035156,Go,Stepping
1780509966.328823,22002.315101632,-1.6742485761642456,-54.471256256103516,86.9906997680664,2.25177001953125,-58.607765197753906,94.22257232666016,-2.25177001953125,-58.88270568847656,94.10028839111328,1.6742485761642456,-54.362274169921875,87.04283142089844,Go,Stepping
1780509966.3487282,22002.334485529,-1.7538371086120605,-54.65180206298828,87.26473999023438,1.9634990692138672,-55.010894775390625,88.22663879394531,-1.9634990692138672,-55.21248245239258,88.13141632080078,1.7538371086120605,-54.516300201416016,87.3293685913086,Go,Stepping
1780509966.3687203,22002.354752572,-1.8394781351089478,-54.86042022705078,87.58346557617188,1.8816604614257812,-54.7978401184082,87.8434829711914,-1.8816604614257812,-54.973690032958984,87.76007843017578,1.8394781351089478,-54.69651794433594,87.6613540649414,Go,Stepping
1780509966.3887131,22002.374406414,-1.9233719110488892,-55.09040832519531,87.93836975097656,1.7970844507217407,-54.60462951660156,87.49103546142578,-1.7970844507217407,-54.753021240234375,87.4203872680664,1.9233719110488892,-54.8989143371582,88.02902221679688,Go,Stepping
1780509966.408861,22002.39459298,-2.0283827781677246,-55.61428451538086,88.77680206298828,1.7191643714904785,-54.43309783935547,87.17658233642578,-1.7191643714904785,-54.55609130859375,87.11783599853516,2.0283827781677246,-55.38981246948242,88.88208770751953,Go,Stepping
1780509966.4287937,22002.414320036,-2.5285439491271973,-63.32838821411133,101.12325286865234,1.6376146078109741,-54.296504974365234,86.9185791015625,-1.6376146078109741,-54.39250183105469,86.87259674072266,2.5285439491271973,-62.99026870727539,101.26469421386719,Go,Stepping
1780509966.4487782,22002.435280494,-2.986124038696289,-71.75177764892578,113.64269256591797,1.5573328733444214,-54.195919036865234,86.7208251953125,-1.5573328733444214,-54.265010833740234,86.6876449584961,2.986124038696289,-71.3501968383789,113.79685974121094,Go,Stepping
1780509966.4687498,22002.457777066,-2.989551305770874,-76.01840209960938,119.56825256347656,1.4761854410171509,-54.137489318847656,86.59293365478516,-1.4761854410171509,-54.17898941040039,86.57299041748047,2.989551305770874,-75.67860412597656,119.69483184814453,Go,Stepping
1780509966.488789,22002.475454023,-2.6169843673706055,-77.97151947021484,122.26192474365234,1.3956962823867798,-54.1234016418457,86.53926849365234,-1.3956962823867798,-54.13711929321289,86.53266906738281,2.6169843673706055,-77.79225158691406,122.32796478271484,Go,Stepping
1780509966.5088313,22002.495191558,-2.1025164127349854,-79.19161224365234,123.97859191894531,1.316894292831421,-54.15492248535156,86.5623550415039,-1.316894292831421,-54.1410026550293,86.56905364990234,2.1025164127349854,-79.21127319335938,123.97139739990234,Go,Stepping
1780509966.528829,22002.514798047,-1.5192776918411255,-79.09888458251953,124.02671813964844,1.2399418354034424,-54.23162841796875,86.66154479980469,-1.2399418354034424,-54.190277099609375,86.68140411376953,1.5192776918411255,-79.3214111328125,123.94528198242188,Go,Stepping
1780509966.548794,22002.53507058,-0.9457865953445435,-75.04142761230469,118.8639907836914,1.1624176502227783,-54.35303497314453,86.83501434326172,-1.1624176502227783,-54.28358840942383,86.86827850341797,0.9457865953445435,-75.40644836425781,118.72750091552734,Go,Stepping
1780509966.5692048,22002.555179965,-0.6387157440185547,-64.87200164794922,104.18716430664062,1.0807894468307495,-54.51903533935547,87.0810546875,-1.0807863473892212,-54.41958236694336,87.12858581542969,0.6387157440185547,-65.22355651855469,104.04340362548828,Go,Stepping
1780509966.588728,22002.574518514,-0.7440246343612671,-57.00083541870117,88.02423095703125,1.0108000040054321,-53.775390625,87.79766082763672,-1.0108000040054321,-53.645084381103516,87.85076904296875,0.7440246343612671,-57.2131462097168,87.89608764648438,Go,Stepping
1780509966.6087239,22002.594403421,-0.8199670314788818,-58.25967025756836,86.5188980102539,0.9323922395706177,-52.198097229003906,88.80142211914062,-0.9339240193367004,-52.01557159423828,88.83052825927734,0.8165109157562256,-58.46573257446289,86.44254302978516,Go,Stepping
1780509966.6287286,22002.614394488,-0.8991819024085999,-58.185028076171875,85.93155670166016,0.8555078506469727,-51.06679153442383,89.5878677368164,-0.860624372959137,-50.81297302246094,89.55550384521484,0.8932371735572815,-58.383705139160156,85.90422058105469,Go,Stepping
1780509966.6487856,22002.634481963,-1.3471355438232422,-58.312618255615234,84.93961334228516,1.3405762910842896,-48.36494064331055,90.1568832397461,-0.22925561666488647,-48.237152099609375,90.4251480102539,0.6015445590019226,-58.63869857788086,85.17298889160156,Go,Stepping
1780509966.6688085,22002.654931123,-1.5268105268478394,-57.81605529785156,84.79711151123047,1.8480958938598633,-47.21943283081055,95.33995819091797,0.5440808534622192,-47.241458892822266,96.10548400878906,0.5748925805091858,-58.15676498413086,85.11299133300781,Go,Stepping
1780509966.688787,22002.674656886,-1.47102689743042,-57.0793571472168,85.09624481201172,2.19620943069458,-51.49010467529297,110.36895751953125,0.9069131016731262,-51.39503479003906,111.21302032470703,0.7837173938751221,-57.32355499267578,85.31859588623047,Go,Stepping
1780509966.7088423,22002.694534874,-1.4032129049301147,-56.40968322753906,85.38823699951172,2.2320899963378906,-54.66136932373047,119.40031433105469,0.5050382614135742,-54.4776611328125,120.09935760498047,1.0043509006500244,-56.55530548095703,85.51084899902344,Go,Stepping
1780509966.728784,22002.715693565,-1.3659634590148926,-55.36281967163086,85.92961120605469,2.135546922683716,-63.07626724243164,123.67375946044922,-0.4875311255455017,-62.983646392822266,124.1369400024414,1.1930338144302368,-55.42877197265625,85.98056030273438,Go,Stepping
1780509966.7487824,22002.735297423,-1.356406331062317,-54.13266372680664,86.54136657714844,2.1072468757629395,-75.11260223388672,124.382568359375,-1.6926823854446411,-75.10844421386719,124.52249908447266,1.3564869165420532,-54.13262939453125,86.54134368896484,Go,Stepping
1780509966.768806,22002.754520775,-1.3981568813323975,-53.32069778442383,86.93339538574219,2.3563060760498047,-82.80720520019531,122.70539093017578,-2.6835546493530273,-82.83648681640625,122.55558776855469,1.4723381996154785,-53.27582550048828,86.91735076904297,Go,Stepping
1780509966.7887945,22002.774774418,-1.4556920528411865,-52.69690704345703,87.2911605834961,2.625300884246826,-84.72925567626953,118.07762145996094,-3.2985754013061523,-84.78068542480469,117.70204162597656,1.5753082036972046,-52.61053466796875,87.26480865478516,Go,Stepping
1780509966.8087132,22002.795210631,-1.5358613729476929,-52.4614143371582,87.56464385986328,2.56803297996521,-77.50685119628906,108.22975158691406,-3.1154932975769043,-77.63307189941406,107.81806945800781,1.6525682210922241,-52.34172439575195,87.54006958007812,Go,Stepping
1780509966.828777,22002.814461482,-1.639419674873352,-52.653018951416016,87.7601089477539,2.1513864994049072,-62.820411682128906,91.83802795410156,-2.3866615295410156,-62.9923210144043,91.56363677978516,1.7207926511764526,-52.503299713134766,87.74795532226562,Go,Stepping
1780509966.84872,22002.834335156,-1.7324026823043823,-52.80469512939453,88.04198455810547,1.921862244606018,-57.51034164428711,86.67476654052734,-2.0397186279296875,-57.76599884033203,86.65979766845703,1.7980808019638062,-52.621665954589844,88.03530883789062,Go,Stepping
1780509966.8687425,22002.854584151,-1.820817470550537,-52.8549919128418,88.418701171875,1.8555494546890259,-56.77955627441406,86.6839599609375,-1.9358395338058472,-56.975425720214844,86.62632751464844,1.8838443756103516,-52.633079528808594,88.40874481201172,Go,Stepping
1780509966.8887188,22002.87459015,-1.9172828197479248,-53.390899658203125,88.67252349853516,1.7880966663360596,-55.84257125854492,86.80462646484375,-1.8254624605178833,-56.0064582824707,86.75415802001953,1.9535558223724365,-53.13686752319336,88.6673355102539,Go,Stepping
1780509966.9087682,22002.894706838,-2.013977289199829,-54.022403717041016,89.45223999023438,1.7102737426757812,-55.2653694152832,86.73966979980469,-1.7300519943237305,-55.39213562011719,86.68737030029297,2.0411999225616455,-53.77898406982422,89.52702331542969,Go,Stepping
1780509966.928775,22002.915247067,-2.5144193172454834,-61.150081634521484,101.9106674194336,1.6323362588882446,-54.88225555419922,86.61874389648438,-1.6444796323776245,-54.97848892211914,86.5730209350586,2.546476364135742,-60.7813720703125,102.0096435546875,Go,Stepping
1780509966.948769,22002.935162934,-2.961482524871826,-69.88219451904297,114.29281616210938,1.5522515773773193,-54.503910064697266,86.5689697265625,-1.55696439743042,-54.57197189331055,86.53629302978516,2.9769515991210938,-69.46244049072266,114.41515350341797,Go,Stepping
1780509966.9687686,22002.954850115,-2.9673550128936768,-74.75177001953125,120.02046966552734,1.473123550415039,-54.28822326660156,86.52051544189453,-1.4749280214309692,-54.32868194580078,86.5004653930664,2.975400447845459,-74.40473175048828,120.12972259521484,Go,Stepping
1780509966.9887736,22002.974935344,-2.6081721782684326,-77.3707046508789,122.47625732421875,1.395041823387146,-54.16871643066406,86.51776885986328,-1.3955110311508179,-54.182186126708984,86.51107025146484,2.6121668815612793,-77.18986511230469,122.53730010986328,Go,Stepping
1780509967.0087953,22002.994510186,-2.105156183242798,-79.234130859375,123.95732116699219,1.3177330493927002,-54.12150192260742,86.57777404785156,-1.3174914121627808,-54.10788345336914,86.58441925048828,2.104919910430908,-79.25289916992188,123.95050048828125,Go,Stepping
1780509967.0288057,22003.015105075,-1.5238654613494873,-79.53071594238281,123.86878204345703,1.2407265901565552,-54.150882720947266,86.69935607910156,-1.2402758598327637,-54.10965347290039,86.71902465820312,1.5212795734405518,-79.74996185302734,123.78590393066406,Go,Stepping
1780509967.0488722,22003.034645539,-0.9538953304290771,-75.6553955078125,118.6048812866211,1.1638482809066772,-54.23164749145508,86.89221954345703,-1.1632812023162842,-54.16214370727539,86.92459106445312,0.9494349360466003,-76.01239013671875,118.46356964111328,Go,Stepping
1780509967.0688038,22003.054539247,-0.6731582283973694,-65.45536041259766,104.22872161865234,1.090956687927246,-54.3895263671875,87.13384246826172,-1.0906156301498413,-54.29252624511719,87.17791748046875,0.6697977781295776,-65.79251861572266,104.0843505859375,Go,Stepping
1780509967.0887995,22003.075048678,-0.7490561604499817,-55.607444763183594,88.75393676757812,1.0133426189422607,-54.58363342285156,87.43968963623047,-1.0131134986877441,-54.45705032348633,87.49639129638672,0.7474842071533203,-55.84020233154297,88.66010284423828,Go,Stepping
1780509967.1087492,22003.094358932,-0.82710200548172,-55.31348419189453,88.33699798583984,0.9401003122329712,-54.79857635498047,87.79792785644531,-0.9399170279502869,-54.643375396728516,87.8663101196289,0.8261283040046692,-55.512184143066406,88.25068664550781,Go,Stepping
1780509967.1287396,22003.114433149,-0.9000491499900818,-55.01072311401367,87.94841766357422,0.8620821237564087,-55.073768615722656,88.18463134765625,-0.8621071577072144,-54.88786697387695,88.2654037475586,0.8995010256767273,-55.18022537231445,87.87284088134766,Go,Stepping
1780509967.1488273,22003.134279897,-0.9760124087333679,-54.75935363769531,87.57655334472656,0.7860851287841797,-55.354183197021484,88.60455322265625,-0.7861713767051697,-55.138492584228516,88.6983413696289,0.9757227897644043,-54.898868560791016,87.51220703125,Go,Stepping
1780509967.168803,22003.154936424,-1.0521889925003052,-54.552513122558594,87.24549102783203,0.654572069644928,-58.526309967041016,93.80150604248047,-0.6547478437423706,-58.23917770385742,93.92686462402344,1.0520192384719849,-54.663002014160156,87.19358825683594,Go,Stepping
1780509967.1891215,22003.175797928,-1.1263329982757568,-54.37507247924805,86.9719467163086,0.6393104791641235,-68.36443328857422,109.00128173828125,-0.6397626996040344,-67.97086334228516,109.1539306640625,1.1262496709823608,-54.457923889160156,86.9326400756836,Go,Stepping
1780509967.2088423,22003.195289942,-1.2029759883880615,-54.247318267822266,86.75702667236328,0.8565948009490967,-74.68104553222656,117.9183349609375,-0.8570054173469543,-74.28439331054688,118.06522369384766,1.2029460668563843,-54.30210876464844,86.73080444335938,Go,Stepping
1780509967.2289472,22003.214834982,-1.2794545888900757,-54.16703414916992,86.61161041259766,1.3093910217285156,-77.40949249267578,121.57571411132812,-1.3095896244049072,-77.13666534423828,121.67565155029297,1.2794452905654907,-54.19430160522461,86.5985107421875,Go,Stepping
1780509967.248877,22003.234926938,-1.3567721843719482,-54.13325500488281,86.54090881347656,1.9015169143676758,-78.74201202392578,123.35269927978516,-1.9015562534332275,-78.6593017578125,123.38296508789062,1.3567721843719482,-54.13312530517578,86.54096984863281,Go,Stepping
1780509967.2687984,22003.255134145,-1.433345079421997,-54.14837646484375,86.54655456542969,2.511315107345581,-79.30415344238281,124.1706314086914,-2.51131010055542,-79.42394256591797,124.1267318725586,1.4333481788635254,-54.121482849121094,86.5594711303711,Go,Stepping
1780509967.2891026,22003.277044476,-1.5129845142364502,-54.209312438964844,86.62659454345703,2.9480345249176025,-77.4337158203125,121.89449310302734,-2.9480960369110107,-77.73298645019531,121.78355407714844,1.5129841566085815,-54.15492630004883,86.65267181396484,Go,Stepping
1780509967.308778,22003.29546317,-1.5919336080551147,-54.315853118896484,86.77803802490234,2.8294551372528076,-70.35175323486328,112.26508331298828,-2.8295862674713135,-70.71054077148438,112.12544250488281,1.5919297933578491,-54.23454666137695,86.81688690185547,Go,Stepping
1780509967.3288915,22003.315515068,-1.677919864654541,-54.462039947509766,86.99351501464844,2.260606050491333,-58.621185302734375,94.19959259033203,-2.2607054710388184,-58.899024963378906,94.07553100585938,1.6779087781906128,-54.35167694091797,87.04610443115234,Go,Stepping
1780509967.3487427,22003.334328013,-1.7565335035324097,-54.64097595214844,87.2677230834961,1.967982292175293,-55.02482986450195,88.21845245361328,-1.9680529832839966,-55.228271484375,88.12313079833984,1.7565181255340576,-54.50437545776367,87.3325424194336,Go,Stepping
1780509967.3687563,22003.354572358,-1.8424533605575562,-54.85093307495117,87.58589935302734,1.885127305984497,-54.80638122558594,87.83817291259766,-1.8851689100265503,-54.98359680175781,87.75455474853516,1.8424303531646729,-54.68578338623047,87.66393280029297,Go,Stepping
1780509967.3887377,22003.375009013,-1.9320933818817139,-55.080936431884766,87.93766784667969,1.8041741847991943,-54.60875701904297,87.48628997802734,-1.8041960000991821,-54.75967025756836,87.41462707519531,1.9320662021636963,-54.88615798950195,88.02935028076172,Go,Stepping
1780509967.408731,22003.394278835,-2.0170936584472656,-55.32415771484375,88.31449890136719,1.7191494703292847,-54.439186096191406,87.17623901367188,-1.719160795211792,-54.56217956542969,87.11756134033203,2.0170652866363525,-55.10152053833008,88.41886901855469,Go,Stepping
1780509967.4288108,22003.415180607,-2.522531270980835,-63.29948425292969,101.09939575195312,1.636342167854309,-54.30004119873047,86.91807556152344,-1.636348843574524,-54.395606994628906,86.87232971191406,2.522495985031128,-62.96319580078125,101.23992156982422,Go,Stepping
1780509967.4489882,22003.434972434,-2.9751315116882324,-71.727783203125,113.63070678710938,1.5557045936584473,-54.1985969543457,86.72087860107422,-1.5557078123092651,-54.267127990722656,86.68798065185547,2.9750897884368896,-71.3297348022461,113.78336334228516,Go,Stepping
1780509967.468813,22003.455186218,-2.975548505783081,-76.00749206542969,119.56996154785156,1.4745614528656006,-54.13911819458008,86.59320068359375,-1.4745618104934692,-54.180057525634766,86.57352447509766,2.975520610809326,-75.67239379882812,119.69469451904297,Go,Stepping
1780509967.4888165,22003.475487018,-2.6069016456604004,-77.9654769897461,122.26154327392578,1.395042896270752,-54.12392807006836,86.53945922851562,-1.395042896270752,-54.137428283691406,86.53297424316406,2.6068873405456543,-77.78961181640625,122.32630920410156,Go,Stepping
1780509967.5087855,22003.495615788,-2.1056504249572754,-79.18864440917969,123.97354888916016,1.3179974555969238,-54.154232025146484,86.5619888305664,-1.3179974555969238,-54.14070129394531,86.56848907470703,2.1056504249572754,-79.20716857910156,123.9667739868164,Go,Stepping
1780509967.529253,22003.515524097,-1.5279334783554077,-79.09894561767578,124.02025604248047,1.241592526435852,-54.23060989379883,86.66145324707031,-1.241592526435852,-54.18983459472656,86.6810302734375,1.5279334783554077,-79.31836700439453,123.93993377685547,Go,Stepping
1780509967.54916,22003.535701277,-0.9529373049736023,-74.96401977539062,118.75043487548828,1.1639541387557983,-54.35302734375,86.8370590209961,-1.1639539003372192,-54.28410339355469,86.87007141113281,0.9529281258583069,-75.32527923583984,118.615234375,Go,Stepping
1780509967.568803,22003.554352969,-0.6905661821365356,-65.03609466552734,104.41736602783203,1.0962971448898315,-54.510311126708984,87.07374572753906,-1.0962971448898315,-54.41636657714844,87.11864471435547,0.6905589699745178,-65.37057495117188,104.28079986572266,Go,Stepping
1780509967.5887632,22003.57477666,-0.7569234371185303,-55.38419723510742,88.86795043945312,1.01810622215271,-54.710060119628906,87.37722778320312,-1.0181061029434204,-54.58694076538086,87.43585205078125,0.7569177746772766,-55.60683059692383,88.7635726928711,Go,Stepping
1780509967.608756,22003.595110913,-0.8331655859947205,-55.135948181152344,88.42414855957031,0.9448960423469543,-54.93876647949219,87.72985076904297,-0.9448957443237305,-54.78782272338867,87.80142974853516,0.8331625461578369,-55.329002380371094,88.33319854736328,Go,Stepping
1780509967.6287074,22003.616403316,-0.9077540040016174,-54.90044021606445,88.0014419555664,0.8708038926124573,-55.19247817993164,88.12313842773438,-0.8708071708679199,-55.013057708740234,88.20787048339844,0.9077511429786682,-55.064998626708984,87.92354583740234,Go,Stepping
1780509967.6487687,22003.635048122,-0.9818471074104309,-54.68568801879883,87.6128921508789,0.7960345149040222,-55.46372985839844,88.54456329345703,-0.7960376739501953,-55.25527572631836,88.6425552368164,0.9818441867828369,-54.82219314575195,87.54800415039062,Go,Stepping
1780509967.668798,22003.655382751,-1.0561758279800415,-54.49856185913086,87.27027130126953,0.6648820042610168,-58.66563415527344,93.74152374267578,-0.6648857593536377,-58.383731842041016,93.86730194091797,1.0561758279800415,-54.60723876953125,87.2184066772461,Go,Stepping
1780509967.6888125,22003.674853762,-1.1278696060180664,-54.34568786621094,86.98577117919922,0.6468150615692139,-68.49858856201172,108.94161987304688,-0.6468188166618347,-68.10955810546875,109.09532165527344,1.1278696060180664,-54.42782211303711,86.94645690917969,Go,Stepping
1780509967.7087357,22003.694734832,-1.2037853002548218,-54.231754302978516,86.76498413085938,0.8632961511611938,-74.77557373046875,117.85195922851562,-0.8633003830909729,-74.38297271728516,117.99937438964844,1.2037853002548218,-54.28622817993164,86.73885345458984,Go,Stepping
1780509967.7288656,22003.715359961,-1.2795697450637817,-54.15986633300781,86.61502838134766,1.3106666803359985,-77.47959899902344,121.54910278320312,-1.3106666803359985,-77.20780944824219,121.64946746826172,1.2795697450637817,-54.187095642089844,86.60194396972656,Go,Stepping
1780509967.7488084,22003.737236121,-1.3563597202301025,-54.13329315185547,86.54108428955078,1.900227427482605,-78.75164031982422,123.33888244628906,-1.900227427482605,-78.66861724853516,123.36933898925781,1.3563597202301025,-54.13330841064453,86.54108428955078,Go,Stepping
1780509967.7688112,22003.755308473,-1.4335745573043823,-54.152584075927734,86.54439544677734,2.5122828483581543,-79.28491973876953,124.17726135253906,-2.5122828483581543,-79.40511322021484,124.13330841064453,1.4335745573043823,-54.12561798095703,86.55736541748047,Go,Stepping
1780509967.7888472,22003.774700211,-1.5119574069976807,-54.21717834472656,86.62371063232422,2.9419455528259277,-77.38618469238281,121.90155792236328,-2.9419455528259277,-77.683837890625,121.79174041748047,1.5119574069976807,-54.163185119628906,86.64965057373047,Go,Stepping
1780509967.8088214,22003.795342139,-1.589984655380249,-54.32432174682617,86.77491760253906,2.82090163230896,-70.3177719116211,112.28153991699219,-2.82090163230896,-70.67402648925781,112.14356231689453,1.589984655380249,-54.2437629699707,86.81355285644531,Go,Stepping
1780509967.8288488,22003.814715283,-1.6704689264297485,-54.470703125,86.99128723144531,2.245424747467041,-58.65668869018555,94.29911804199219,-2.2454280853271484,-58.929161071777344,94.17803192138672,1.6704689264297485,-54.36302947998047,87.04279327392578,Go,Stepping
1780509967.8487384,22003.834933803,-1.7568861246109009,-55.4199104309082,86.86797332763672,1.9685451984405518,-53.79202651977539,88.73849487304688,-1.9685451984405518,-54.00468826293945,88.65628814697266,1.756882667541504,-55.287628173828125,86.93938446044922,Go,Stepping
1780509967.8687613,22003.855545624,-1.8439850807189941,-57.16159439086914,86.2278060913086,1.8894561529159546,-52.02617645263672,88.89521789550781,-1.8863505125045776,-52.202423095703125,88.80390167236328,1.8458706140518188,-57.024566650390625,86.34990692138672,Go,Stepping
1780509967.8889155,22003.875167282,-1.9325573444366455,-58.4957275390625,85.70708465576172,1.809363842010498,-51.555274963378906,88.63597869873047,-1.8036439418792725,-51.69096755981445,88.53254699707031,1.9396533966064453,-58.38047409057617,85.92133331298828,Go,Stepping
1780509967.9087505,22003.896544481,-2.0159740447998047,-61.02451705932617,83.74115753173828,1.724583625793457,-50.467735290527344,88.55323791503906,-1.719597578048706,-50.584449768066406,88.47760009765625,2.028639078140259,-60.96272659301758,84.081787109375,Go,Stepping
1780509967.9288585,22003.915900731,-2.526273250579834,-72.67631530761719,92.85050201416016,1.6440414190292358,-50.66813659667969,88.21495056152344,-1.639187216758728,-50.75838088989258,88.15347290039062,2.5529634952545166,-72.48080444335938,93.15718078613281,Go,Stepping
1780509967.9490476,22003.9354274,-2.9673774242401123,-83.16128540039062,103.98356628417969,1.5607579946517944,-51.474395751953125,87.76834869384766,-1.557661771774292,-51.54159927368164,87.72933197021484,3.015977382659912,-82.94905090332031,104.30704498291016,Go,Stepping
1780509967.9688122,22003.955626589,-2.9479897022247314,-86.40718841552734,112.2571792602539,1.4749813079833984,-52.51496887207031,87.27701568603516,-1.4736415147781372,-52.55574417114258,87.25688171386719,2.9914543628692627,-86.20280456542969,112.4803237915039,Go,Stepping
1780509967.9888632,22003.975423313,-2.6000287532806396,-83.0989990234375,119.75452423095703,1.395461082458496,-53.69480514526367,86.73851013183594,-1.395196557044983,-53.70848083496094,86.7320785522461,2.618556499481201,-82.94998168945312,119.83924865722656,Go,Stepping
1780509968.0088136,22003.995937081,-2.1057825088500977,-78.65982055664062,124.16065216064453,1.317501187324524,-54.53425979614258,86.37353515625,-1.3175715208053589,-54.52071762084961,86.38031768798828,2.1049606800079346,-78.67881774902344,124.15435791015625,Go,Stepping
1780509968.0288086,22004.014506015,-1.5209708213806152,-73.7354965209961,125.50325012207031,1.240348219871521,-55.14429473876953,86.1865234375,-1.240162968635559,-55.10508728027344,86.20938873291016,1.5218623876571655,-73.98668670654297,125.45269012451172,Go,Stepping
1780509968.0488114,22004.035160736,-0.9514200687408447,-68.62200164794922,120.5226058959961,1.1650757789611816,-55.457862854003906,86.24703216552734,-1.1643542051315308,-55.39545440673828,86.28955078125,0.9649953842163086,-69.03600311279297,120.45037078857422,Go,Stepping
1780509968.0688055,22004.05508984,-0.6599132418632507,-59.57302474975586,105.93817138671875,1.0903406143188477,-55.89988708496094,86.31930541992188,-1.0891340970993042,-55.81625747680664,86.38490295410156,0.6761228442192078,-59.962860107421875,105.8651123046875,Go,Stepping
1780509968.0888097,22004.074927532,-0.7442942261695862,-52.90425491333008,89.91035461425781,1.0147416591644287,-56.01559829711914,86.66506958007812,-1.0128029584884644,-55.911746978759766,86.75714111328125,0.7542576193809509,-53.050235748291016,89.66402435302734,Go,Stepping
1780509968.1088076,22004.098209161,-0.8235825300216675,-53.39250946044922,89.17748260498047,0.9400447607040405,-56.23548126220703,87.02153015136719,-0.9378380179405212,-56.109413146972656,87.13663482666016,0.8284909129142761,-53.55415344238281,89.0247573852539,Go,Stepping
1780509968.1287565,22004.115387953,-0.9023784399032593,-53.56471633911133,88.5899887084961,0.8677048087120056,-56.57058334350586,87.36051177978516,-0.8651401996612549,-56.424564361572266,87.50093078613281,0.9053471088409424,-53.71311950683594,88.47989654541016,Go,Stepping
1780509968.1487453,22004.13564034,-0.9784302711486816,-53.88526916503906,87.98204803466797,0.7937962412834167,-56.6288948059082,87.89937591552734,-0.7906374335289001,-56.461822509765625,88.06570434570312,0.9803444743156433,-54.01216125488281,87.89818572998047,Go,Stepping
1780509968.1688077,22004.154906849,-1.054079294204712,-53.98244094848633,87.511474609375,0.6627543568611145,-59.95497131347656,93.09523010253906,-0.6587769985198975,-59.68630599975586,93.2420654296875,1.055017352104187,-54.08789825439453,87.45250701904297,Go,Stepping
1780509968.1888058,22004.174689894,-1.1292023658752441,-53.99818420410156,87.14781951904297,0.6565905809402466,-70.07732391357422,108.24943542480469,-0.6510186195373535,-69.71157836914062,108.42683410644531,1.1296648979187012,-54.07860565185547,87.10657501220703,Go,Stepping
1780509968.208938,22004.195918208,-1.2032318115234375,-54.06336212158203,86.84339141845703,0.8612795472145081,-75.98741149902344,117.42920684814453,-0.8554061651229858,-75.607666015625,117.5934066772461,1.203444242477417,-54.11763381958008,86.81653594970703,Go,Stepping
1780509968.2288268,22004.214936656,-1.2792963981628418,-54.091922760009766,86.6475601196289,1.3094505071640015,-78.14286041259766,121.294677734375,-1.3067798614501953,-77.87596130371094,121.40129852294922,1.279350996017456,-54.11921691894531,86.6343994140625,Go,Stepping
1780509968.2490273,22004.235728162,-1.3563873767852783,-54.13328552246094,86.54108428955078,1.896269679069519,-78.93899536132812,123.2714614868164,-1.8958263397216797,-78.85502624511719,123.30301666259766,1.3563873767852783,-54.1332893371582,86.54108428955078,Go,Stepping
1780509968.2688236,22004.255253566,-1.435982346534729,-54.19696044921875,86.52178192138672,2.5229666233062744,-79.08160400390625,124.24642944335938,-2.523144245147705,-79.20623779296875,124.2016830444336,1.435982346534729,-54.169193267822266,86.53523254394531,Go,Stepping
1780509968.288841,22004.274884899,-1.5173670053482056,-54.288734436035156,86.58578491210938,2.9727089405059814,-76.97962188720703,122.04922485351562,-2.9722402095794678,-77.29129791259766,121.9391860961914,1.5173964500427246,-54.23307800292969,86.6130142211914,Go,Stepping
1780509968.3088343,22004.294590079,-1.6002472639083862,-54.421077728271484,86.72250366210938,2.866934299468994,-69.85659790039062,112.42919921875,-2.865767478942871,-70.2336196899414,112.29114532470703,1.6003292798995972,-54.33755111694336,86.76385498046875,Go,Stepping
1780509968.3288195,22004.314639105,-1.6854370832443237,-54.564571380615234,86.93758392333984,2.2841625213623047,-58.39158630371094,94.38550567626953,-2.2830350399017334,-58.67975997924805,94.26255798339844,1.6855887174606323,-54.45277786254883,86.993408203125,Go,Stepping
1780509968.3488195,22004.334681316,-1.772160530090332,-54.746334075927734,87.20787811279297,1.9920636415481567,-54.85649490356445,88.29008483886719,-1.9913357496261597,-55.063846588134766,88.18382263183594,1.7723506689071655,-54.60599899291992,87.27810668945312,Go,Stepping
1780509968.3688533,22004.354434806,-1.86031174659729,-54.96308135986328,87.52192687988281,1.904503583908081,-54.676395416259766,87.8912353515625,-1.9041121006011963,-54.85824203491211,87.80120849609375,1.8605529069900513,-54.794063568115234,87.60677337646484,Go,Stepping
1780509968.3888166,22004.375384485,-1.947517991065979,-55.17681121826172,87.8813705444336,1.8164925575256348,-54.52833557128906,87.51974487304688,-1.8162403106689453,-54.68227767944336,87.44416046142578,1.947832465171814,-54.97962951660156,87.98046112060547,Go,Stepping
1780509968.408864,22004.395297602,-2.047792673110962,-55.695858001708984,88.72660827636719,1.7315350770950317,-54.38351821899414,87.19695281982422,-1.7314132452011108,-54.510318756103516,87.13548278808594,2.048038959503174,-55.465335845947266,88.83609771728516,Go,Stepping
1780509968.4290268,22004.414909424,-2.549884557723999,-63.42252731323242,101.03776550292969,1.6442863941192627,-54.2620735168457,86.9325180053711,-1.6442240476608276,-54.36021423339844,86.88519287109375,2.550227403640747,-63.077980041503906,101.18402862548828,Go,Stepping
1780509968.448871,22004.43491828,-2.9937469959259033,-71.83702087402344,113.58407592773438,1.5589542388916016,-54.1788330078125,86.728759765625,-1.5589243173599243,-54.248435974121094,86.69524383544922,2.994223117828369,-71.43370819091797,113.74053192138672,Go,Stepping
1780509968.4688654,22004.455161294,-3.0005736351013184,-76.08162689208984,119.5344467163086,1.4776148796081543,-54.1288948059082,86.5965576171875,-1.4776052236557007,-54.1708869934082,86.57635498046875,3.000875473022461,-75.7385025024414,119.66307067871094,Go,Stepping
1780509968.4888227,22004.475235807,-2.627523422241211,-77.99932861328125,122.24156188964844,1.3966158628463745,-54.12065887451172,86.54027557373047,-1.3966127634048462,-54.134708404541016,86.53352355957031,2.6276283264160156,-77.81645965576172,122.30908966064453,Go,Stepping
1780509968.5088658,22004.495345504,-2.053884744644165,-79.06867218017578,124.03543090820312,1.2801578044891357,-54.25605392456055,86.52638244628906,-1.352182388305664,-54.225955963134766,86.50643920898438,2.1528189182281494,-79.06587219238281,124.00042724609375,Go,Stepping
1780509968.5288734,22004.515358699,0.4279768764972687,-76.84049224853516,125.36690521240234,0.880609393119812,-54.747764587402344,86.50959777832031,-1.5905178785324097,-54.5487060546875,86.26923370361328,3.4083409309387207,-76.29911804199219,124.24363708496094,Go,Stepping
1780509968.5489705,22004.535844525,3.4619829654693604,-70.76985168457031,121.22532653808594,0.3225240111351013,-55.307342529296875,86.53654479980469,-1.9824578762054443,-54.87267303466797,85.97023010253906,5.1916728019714355,-69.61788940429688,118.75016784667969,Go,Stepping
1780509968.569146,22004.555264469,6.866167068481445,-60.782527923583984,107.3865737915039,-1.0496267080307007,-56.070457458496094,86.7756576538086,-3.1906001567840576,-55.04648208618164,85.30281066894531,7.938776969909668,-58.5853385925293,102.87748718261719,Go,Stepping
1780509968.5887735,22004.574509228,5.459747791290283,-52.43102264404297,90.38168334960938,-2.448300838470459,-56.68251419067383,87.09493255615234,-4.402645111083984,-55.07589340209961,84.7389144897461,6.773573398590088,-50.26106262207031,86.01992797851562,Go,Stepping
1780509968.6087751,22004.594792294,5.071225643157959,-52.86132049560547,90.02228546142578,-3.674468755722046,-57.23176956176758,87.35308074951172,-5.447118282318115,-55.13177490234375,84.26367950439453,6.562982559204102,-50.74909591674805,85.869384765625,Go,Stepping
1780509968.6287704,22004.615383296,2.251654863357544,-52.54947280883789,89.08236694335938,-2.550943613052368,-57.61522674560547,86.7664566040039,-4.2093281745910645,-56.04368209838867,84.61248779296875,3.990473747253418,-51.472816467285156,86.82015991210938,Go,Stepping
1780509968.6488285,22004.635825176,0.8158059120178223,-52.848655700683594,88.4087142944336,-1.9074032306671143,-57.818233489990234,86.66714477539062,-3.425679922103882,-56.56327819824219,85.08924865722656,2.733607053756714,-52.25657272338867,87.07170104980469,Go,Stepping
1780509968.6688473,22004.655856431,0.1262110471725464,-53.1454963684082,87.91816711425781,-2.3448328971862793,-62.463775634765625,92.68900299072266,-3.586174964904785,-60.95963668823242,90.94683074951172,2.2043867111206055,-52.76708221435547,87.02027893066406,Go,Stepping
1780509968.688812,22004.674746302,-0.6420257687568665,-53.532814025878906,87.36256408691406,-1.576781153678894,-72.47319793701172,107.73239135742188,-2.793307065963745,-71.22486114501953,106.70753479003906,1.5969141721725464,-53.412044525146484,86.97268676757812,Go,Stepping
1780509968.7088063,22004.695621158,-0.9867201447486877,-53.7874755859375,86.99053955078125,-0.651710033416748,-78.14311218261719,116.87918090820312,-2.291486978530884,-77.15387725830078,116.27938079833984,1.4085489511489868,-53.752052307128906,86.80804443359375,Go,Stepping
1780509968.7288172,22004.714791781,-1.191566824913025,-53.96513748168945,86.72993469238281,0.45449620485305786,-79.6174087524414,120.96498107910156,-2.120812177658081,-78.99113464355469,120.63179016113281,1.3628803491592407,-53.95548629760742,86.65300750732422,Go,Stepping
1780509968.7488806,22004.736031799,-1.3566884994506836,-54.133609771728516,86.54077911376953,1.7573037147521973,-79.24639129638672,123.20990753173828,-2.032371759414673,-79.10124206542969,123.16510772705078,1.3564773797988892,-54.13359451293945,86.54088592529297,Go,Stepping
1780509968.7689204,22004.755728881,-1.4660184383392334,-54.265316009521484,86.46251678466797,2.6585185527801514,-78.68572998046875,124.33446502685547,-2.3883063793182373,-78.87345886230469,124.36936950683594,1.4054303169250488,-54.251319885253906,86.4989013671875,Go,Stepping
1780509968.789064,22004.776827843,-1.562720775604248,-54.41094207763672,86.46174621582031,3.226016044616699,-76.05101776123047,122.2542724609375,-2.6831326484680176,-76.48741149902344,122.31891632080078,1.4648996591567993,-54.37906265258789,86.52629089355469,Go,Stepping
1780509968.8088448,22004.795100753,-1.6337825059890747,-54.531497955322266,86.5843276977539,3.0190963745117188,-69.12718963623047,112.6007308959961,-2.6689531803131104,-69.58171081542969,112.58906555175781,1.555698275566101,-54.4686164855957,86.65638732910156,Go,Stepping
1780509968.8288698,22004.814908951,-1.7088067531585693,-54.687835693359375,86.77214050292969,2.3469245433807373,-57.91783142089844,94.5310287475586,-2.168596029281616,-58.24187088012695,94.48444366455078,1.640485167503357,-54.59706115722656,86.85538482666016,Go,Stepping
1780509968.848781,22004.835832027,-1.7908966541290283,-54.88827896118164,87.0040512084961,2.020393133163452,-54.43991470336914,88.25530242919922,-1.9130260944366455,-54.65633773803711,88.18046569824219,1.721691370010376,-54.772125244140625,87.1032943725586,Go,Stepping
1780509968.8687875,22004.855753598,-1.8597753047943115,-55.06464385986328,87.3492202758789,1.904781460762024,-54.444969177246094,87.87284088134766,-1.8551528453826904,-54.62544250488281,87.7972183227539,1.8158646821975708,-54.917449951171875,87.45419311523438,Go,Stepping
1780509968.8888254,22004.875867428,-1.9375381469726562,-55.28169631958008,87.71258544921875,1.8091710805892944,-54.36704635620117,87.51786041259766,-1.7817391157150269,-54.5185546875,87.45285034179688,1.904022216796875,-55.1057243347168,87.82758331298828,Go,Stepping
1780509968.908879,22004.895626271,-2.0312225818634033,-55.87312698364258,88.64796447753906,1.7219029664993286,-54.2647705078125,87.20512390136719,-1.703842043876648,-54.38865661621094,87.15208435058594,1.9998953342437744,-55.662742614746094,88.7666015625,Go,Stepping
1780509968.9288728,22004.915183373,-2.517676591873169,-63.601749420166016,100.98149871826172,1.6347776651382446,-54.204925537109375,86.93983459472656,-1.6272779703140259,-54.29985427856445,86.89674377441406,2.493351697921753,-63.28034210205078,101.13247680664062,Go,Stepping
1780509968.9488325,22004.935171618,-2.958660125732422,-72.01902770996094,113.53009796142578,1.5527782440185547,-54.145755767822266,86.73687744140625,-1.5492841005325317,-54.21336364746094,86.7058334350586,2.9401283264160156,-71.63761138916016,113.68910217285156,Go,Stepping
1780509968.9688392,22004.955736988,-2.9643712043762207,-76.22795867919922,119.49435424804688,1.4731760025024414,-54.11158752441406,86.60340881347656,-1.4714900255203247,-54.152130126953125,86.58470153808594,2.9515926837921143,-75.90397644042969,119.62289428710938,Go,Stepping
1780509968.9888768,22004.975437518,-2.608259439468384,-78.0506591796875,122.23064422607422,1.3951332569122314,-54.117332458496094,86.54227447509766,-1.3948355913162231,-54.13087844848633,86.53590393066406,2.6047136783599854,-77.87615966796875,122.29682159423828,Go,Stepping
1780509969.0088248,22004.99520338,-2.1050937175750732,-79.18119049072266,123.9759521484375,1.3174645900726318,-54.15952682495117,86.5594253540039,-1.3176597356796265,-54.145809173583984,86.56593322753906,2.1053450107574463,-79.19979858398438,123.96905517578125,Go,Stepping
1780509969.028834,22005.014740429,-1.5181959867477417,-79.02732849121094,124.0562744140625,1.2396788597106934,-54.244384765625,86.65342712402344,-1.2401483058929443,-54.20295333862305,86.67315673828125,1.520742654800415,-79.24971771240234,123.974609375,Go,Stepping
1780509969.048838,22005.035243608,-0.9395033121109009,-74.94983673095703,118.90877532958984,1.1611926555633545,-54.36993408203125,86.82305908203125,-1.161697268486023,-54.30013656616211,86.85646057128906,0.9423853158950806,-75.31709289550781,118.77188873291016,Go,Stepping
1780509969.0688298,22005.055302081,-0.6493875980377197,-64.93767547607422,104.46273803710938,1.0844937562942505,-54.53783416748047,87.05818939208984,-1.0851936340332031,-54.43991470336914,87.1051025390625,0.6521772146224976,-65.28703308105469,104.32080841064453,Go,Stepping
1780509969.0887787,22005.075693722,-0.7372879385948181,-55.33646011352539,88.8824691772461,1.0073049068450928,-54.733036041259766,87.36267852783203,-1.0076711177825928,-54.60641098022461,87.42355346679688,0.7381952404975891,-55.564292907714844,88.7719497680664,Go,Stepping
1780509969.108772,22005.095849878,-0.813561201095581,-55.10557174682617,88.43618774414062,0.9295784831047058,-54.961158752441406,87.71774291992188,-0.9298020601272583,-54.8051643371582,87.79253387451172,0.8139774203300476,-55.30488204956055,88.34081268310547,Go,Stepping
1780509969.1287746,22005.114799562,-0.888245701789856,-54.87965393066406,88.01248168945312,0.8495733141899109,-55.21625518798828,88.11275482177734,-0.8497349619865417,-55.02969741821289,88.20182800292969,0.888476550579071,-55.05080032348633,87.9307632446289,Go,Stepping
1780509969.1487677,22005.134716885,-0.9673740863800049,-54.670352935791016,87.62149047851562,0.7740536332130432,-55.48822021484375,88.53325653076172,-0.7742001414299011,-55.272396087646484,88.63589477539062,0.9675280451774597,-54.81182861328125,87.55388641357422,Go,Stepping
1780509969.1688304,22005.155059477,-1.0479803085327148,-54.48994827270508,87.27571105957031,0.644149899482727,-58.69362258911133,93.73737335205078,-0.6442190408706665,-58.404258728027344,93.86685180664062,1.0480502843856812,-54.6014518737793,87.22232055664062,Go,Stepping
1780509969.1888313,22005.175216582,-1.1240060329437256,-54.34041976928711,86.98857879638672,0.6288979649543762,-68.53738403320312,108.95098876953125,-0.6289332509040833,-68.14173126220703,109.10769653320312,1.124039888381958,-54.42390441894531,86.94857025146484,Go,Stepping
1780509969.2088404,22005.19543886,-1.2003768682479858,-54.22844314575195,86.76680755615234,0.8386523127555847,-74.82374572753906,117.87434387207031,-0.8386704325675964,-74.4219741821289,118.02550506591797,1.2003952264785767,-54.28411102294922,86.74008178710938,Go,Stepping
1780509969.2288468,22005.215350586,-1.277843952178955,-54.158775329589844,86.61605834960938,1.2933828830718994,-77.5005111694336,121.55396270751953,-1.2933738231658936,-77.22236633300781,121.65679168701172,1.2778470516204834,-54.18660354614258,86.60269165039062,Go,Stepping
1780509969.248819,22005.234906329,-1.3564027547836304,-54.13329315185547,86.54106140136719,1.8928650617599487,-78.7578353881836,123.3404312133789,-1.8928650617599487,-78.67216491699219,123.37186431884766,1.3564027547836304,-54.13329315185547,86.54106140136719,Go,Stepping
1780509969.2688189,22005.255231454,-1.4365156888961792,-54.1531867980957,86.54266357421875,2.5254697799682617,-79.27619934082031,124.17550659179688,-2.5254645347595215,-79.40106201171875,124.1298599243164,1.4365125894546509,-54.125186920166016,86.5561294555664,Go,Stepping
1780509969.288818,22005.275987513,-1.5186057090759277,-54.21768569946289,86.61968231201172,2.979137659072876,-77.37181091308594,121.9036636352539,-2.979119062423706,-77.68228912353516,121.7891845703125,1.5186060667037964,-54.16136932373047,86.6467514038086,Go,Stepping
1780509969.3088262,22005.295408797,-1.6021353006362915,-54.32493209838867,86.76848602294922,2.8742573261260986,-70.28446197509766,112.26134490966797,-2.8742289543151855,-70.65922546386719,112.11628723144531,1.6021353006362915,-54.24012756347656,86.80917358398438,Go,Stepping
1780509969.3288214,22005.315228335,-1.6847206354141235,-54.47148895263672,86.9837875366211,2.28098726272583,-58.6257209777832,94.26982879638672,-2.2809672355651855,-58.91029739379883,94.14340209960938,1.6847209930419922,-54.35886001586914,87.03770446777344,Go,Stepping
1780509969.348765,22005.334630384,-1.7694517374038696,-54.65178680419922,87.25580596923828,1.9874627590179443,-54.999267578125,88.220458984375,-1.98744797706604,-55.20887756347656,88.12130737304688,1.7694523334503174,-54.5108642578125,87.32306671142578,Go,Stepping
1780509969.3687778,22005.354631557,-1.8579363822937012,-54.86039352416992,87.57353973388672,1.9017752408981323,-54.78818893432617,87.837890625,-1.9017683267593384,-54.97083282470703,87.75119018554688,1.8579397201538086,-54.69009780883789,87.65454864501953,Go,Stepping
1780509969.3887913,22005.375028656,-1.946479320526123,-55.09031677246094,87.92648315429688,1.815104603767395,-54.59604263305664,87.48572540283203,-1.8151010274887085,-54.75058364868164,87.41212463378906,1.9464799165725708,-54.89083480834961,88.02099609375,Go,Stepping
1780509969.4088147,22005.395742765,-2.044436454772949,-55.61394119262695,88.7677001953125,1.7295442819595337,-54.42927551269531,87.1754379272461,-1.7295410633087158,-54.55580139160156,87.114990234375,2.0444395542144775,-55.383941650390625,88.87561798095703,Go,Stepping
1780509969.4288218,22005.415381735,-2.554856300354004,-63.314796447753906,101.0898208618164,1.6455436944961548,-54.29306411743164,86.91665649414062,-1.6455436944961548,-54.391788482666016,86.86936950683594,2.5548601150512695,-62.96738052368164,101.23522186279297,Go,Stepping
1780509969.4488363,22005.436023737,-3.011575222015381,-71.74948120117188,113.62861633300781,1.5618038177490234,-54.19388198852539,86.71965789794922,-1.5618038177490234,-54.264522552490234,86.68574523925781,3.0115840435028076,-71.33910369873047,113.78619384765625,Go,Stepping
1780509969.468816,22005.455194239,-3.0044193267822266,-76.0158920288086,119.558837890625,1.4780519008636475,-54.13668441772461,86.59254455566406,-1.4780519008636475,-54.178836822509766,86.57229614257812,3.0044238567352295,-75.67095947265625,119.68733215332031,Go,Stepping
1780509969.4889066,22005.47491509,-2.627560615539551,-77.9743881225586,122.26194763183594,1.396409273147583,-54.12303924560547,86.53900146484375,-1.396409273147583,-54.13700866699219,86.53227996826172,2.627560615539551,-77.79150390625,122.32929229736328,Go,Stepping
1780509969.5087194,22005.49463727,-2.1063897609710693,-79.18431854248047,123.96825408935547,1.3169742822647095,-54.15471267700195,86.5619888305664,-1.3169742822647095,-54.140830993652344,86.56866455078125,2.1063897609710693,-79.20250701904297,123.96160888671875,Go,Stepping
1780509969.528824,22005.514494306,-1.497340202331543,-79.101806640625,124.03723907470703,1.2358272075653076,-54.23320770263672,86.6624984741211,-1.2358272075653076,-54.190406799316406,86.68305206298828,1.497340202331543,-79.33207702636719,123.9529800415039,Go,Stepping
1780509969.5488322,22005.534662264,-0.9158177971839905,-75.04967498779297,118.88520812988281,1.156653881072998,-54.355255126953125,86.83634185791016,-1.156653881072998,-54.28376388549805,86.87060546875,0.9158177971839905,-75.42559814453125,118.74467468261719,Go,Stepping
1780509969.5688033,22005.554631884,-0.626474142074585,-65.0389175415039,104.44938659667969,1.0779856443405151,-54.51817321777344,87.07831573486328,-1.0779856443405151,-54.417724609375,87.12632751464844,0.626474142074585,-65.39677429199219,104.3033447265625,Go,Stepping
1780509969.588757,22005.574661886,-0.7286556363105774,-55.38334655761719,88.88069915771484,1.002488374710083,-54.716819763183594,87.38070678710938,-1.0024884939193726,-54.588111877441406,87.44203186035156,0.7286590933799744,-55.616214752197266,88.77143859863281,Go,Stepping
1780509969.6087725,22005.595442385,-0.8052864074707031,-55.135406494140625,88.4360122680664,0.9229563474655151,-54.94825744628906,87.7356185913086,-0.9229563474655151,-54.78944778442383,87.81097412109375,0.8052864074707031,-55.338443756103516,88.34031677246094,Go,Stepping
1780509969.6287642,22005.615791558,-0.883501410484314,-54.90013885498047,88.01170349121094,0.8442870378494263,-55.2037239074707,88.13005065917969,-0.8442870378494263,-55.014732360839844,88.21932220458984,0.883501410484314,-55.07337188720703,87.9296875,Go,Stepping
1780509969.6487777,22005.636339248,-0.9603221416473389,-54.685646057128906,87.62213134765625,0.7632687091827393,-55.47727584838867,88.55281066894531,-0.7632684707641602,-55.25695037841797,88.65643310546875,0.9603221416473389,-54.829830169677734,87.5535888671875,Go,Stepping
1780509969.6688263,22005.655622321,-1.0383553504943848,-54.49879455566406,87.27810668945312,0.6193887591362,-58.68897247314453,93.76055145263672,-0.6193887591362,-58.39030838012695,93.89381408691406,1.0383553504943848,-54.61381912231445,87.22323608398438,Go,Stepping
1780509969.6888258,22005.675013678,-1.1169945001602173,-54.34571075439453,86.9903564453125,0.5964982509613037,-68.53176879882812,108.97124481201172,-0.5964982509613037,-68.12369537353516,109.13246154785156,1.1169945001602173,-54.43172073364258,86.9491958618164,Go,Stepping
1780509969.7088196,22005.69574896,-1.1971293687820435,-54.23150634765625,86.767333984375,0.8157747387886047,-74.81414794921875,117.88740539550781,-0.8157747387886047,-74.40348052978516,118.04157257080078,1.1971293687820435,-54.2883415222168,86.74007415771484,Go,Stepping
1780509969.728828,22005.714974607,-1.2775381803512573,-54.15985107421875,86.61585235595703,1.2905629873275757,-77.49049377441406,121.55632019042969,-1.2905629873275757,-77.21115112304688,121.65949249267578,1.2775381803512573,-54.18778991699219,86.60242462158203,Go,Stepping
1780509969.748826,22005.735849243,-1.3564338684082031,-54.13329315185547,86.54105377197266,1.892655849456787,-78.7559585571289,123.34197235107422,-1.892655849456787,-78.67019653320312,123.3734359741211,1.3564338684082031,-54.13328552246094,86.54105377197266,Go,Stepping
1780509969.7688408,22005.755464777,-1.4360140562057495,-54.15254211425781,86.5433349609375,2.523376703262329,-79.28028106689453,124.17481231689453,-2.523376703262329,-79.4043960571289,124.12942504882812,1.4360140562057495,-54.124717712402344,86.55670928955078,Go,Stepping
1780509969.788825,22005.77498582,-1.5154415369033813,-54.216922760009766,86.62187194824219,2.9615392684936523,-77.38333892822266,121.90380859375,-2.9615392684936523,-77.68766021728516,121.7915267944336,1.5154415369033813,-54.16170883178711,86.64840698242188,Go,Stepping
1780509969.8088207,22005.795133346,-1.5974668264389038,-54.32408142089844,86.77159118652344,2.8534140586853027,-70.2966079711914,112.26185607910156,-2.8534140586853027,-70.6641845703125,112.11947631835938,1.5974668264389038,-54.24090576171875,86.81148529052734,Go,Stepping
1780509969.8288205,22005.814767185,-1.6772005558013916,-54.47055435180664,86.98839569091797,2.261899709701538,-58.63945388793945,94.2772445678711,-2.261899709701538,-58.91750717163086,94.15364074707031,1.6772005558013916,-54.360538482666016,87.041015625,Go,Stepping
1780509969.848781,22005.8391,-1.7586385011672974,-54.651275634765625,87.26204681396484,1.9710502624511719,-55.00823974609375,88.2249526977539,-1.9710502624511719,-55.21236801147461,88.12853240966797,1.7586385011672974,-54.514095306396484,87.32746124267578,Go,Stepping
1780509969.8687835,22005.855059728,-1.841812014579773,-54.86013412475586,87.58209991455078,1.8843315839767456,-54.7969856262207,87.843017578125,-1.8843315839767456,-54.97371292114258,87.75920867919922,1.8418121337890625,-54.69542694091797,87.6603775024414,Go,Stepping
1780509969.8888013,22005.874682961,-1.9267009496688843,-55.089996337890625,87.93643188476562,1.7998319864273071,-54.60374069213867,87.49057006835938,-1.7998316287994385,-54.7530632019043,87.41946411132812,1.9267009496688843,-54.8973388671875,88.0276107788086,Go,Stepping
1780509969.9089117,22005.895327458,-2.027170181274414,-55.613792419433594,88.77642822265625,1.7198686599731445,-54.43381881713867,87.17805480957031,-1.7198686599731445,-54.55704116821289,87.11918640136719,2.027170181274414,-55.3897590637207,88.88153076171875,Go,Stepping
1780509969.9289134,22005.914887948,-2.5330865383148193,-63.34373474121094,101.14578247070312,1.6385488510131836,-54.2958869934082,86.91790008544922,-1.6385488510131836,-54.3922119140625,86.87175750732422,2.5330865383148193,-63.00416564941406,101.28780364990234,Go,Stepping
1780509969.948906,22005.936278332,-2.972006320953369,-71.74425506591797,113.63636779785156,1.5550466775894165,-54.196983337402344,86.72175598144531,-1.5550466775894165,-54.265281677246094,86.68897247314453,2.972006320953369,-71.34752655029297,113.7886962890625,Go,Stepping
1780509969.9689095,22005.95497572,-2.981473684310913,-76.01685333251953,119.5685043334961,1.4752368927001953,-54.137916564941406,86.59330749511719,-1.4752368927001953,-54.17909622192383,86.57351684570312,2.981473684310913,-75.67977905273438,119.69405364990234,Go,Stepping
1780509969.9888628,22005.975228642,-2.6182587146759033,-77.96869659423828,122.25787353515625,1.3958772420883179,-54.12337112426758,86.53929901123047,-1.3958772420883179,-54.13715362548828,86.53266143798828,2.6182587146759033,-77.7889175415039,122.32408905029297,Go,Stepping
1780509970.0089047,22005.994876435,-2.1043074131011963,-79.18880462646484,123.97450256347656,1.3171442747116089,-54.154747009277344,86.56216430664062,-1.3171442747116089,-54.14091873168945,86.56880950927734,2.1043074131011963,-79.20779418945312,123.96754455566406,Go,Stepping
1780509970.0288877,22006.014965829,-1.5203874111175537,-79.10033416748047,124.02822875976562,1.240111231803894,-54.23149871826172,86.66138458251953,-1.240111231803894,-54.19020462036133,86.68122100830078,1.5203874111175537,-79.32247924804688,123.94693756103516,Go,Stepping
1780509970.0488615,22006.035949826,-0.9534518122673035,-75.0466079711914,118.86865997314453,1.1638752222061157,-54.35237503051758,86.83445739746094,-1.1638752222061157,-54.283447265625,86.86749267578125,0.9534518122673035,-75.4089584350586,118.73316192626953,Go,Stepping
1780509970.0689266,22006.054552531,-0.663517951965332,-64.98007202148438,104.34495544433594,1.0883545875549316,-54.51473617553711,87.07675170898438,-1.0883545875549316,-54.417972564697266,87.12300109863281,0.663517951965332,-65.32377624511719,104.20455932617188,Go,Stepping
1780509970.0888758,22006.074689527,-0.7532249093055725,-55.38249588012695,88.86941528320312,1.015871524810791,-54.71194076538086,87.3779067993164,-1.015871524810791,-54.588008880615234,87.43694305419922,0.7532249093055725,-55.60648727416992,88.76432800292969,Go,Stepping
1780509970.108841,22006.094535629,-0.8250492215156555,-55.135536193847656,88.4283676147461,0.9386595487594604,-54.94169235229492,87.73092651367188,-0.9386595487594604,-54.78853225708008,87.8035888671875,0.8250492215156555,-55.33147430419922,88.33601379394531,Go,Stepping
1780509970.1287885,22006.114715976,-0.8937889933586121,-54.900386810302734,88.0079345703125,0.8557227253913879,-55.1988525390625,88.12661743164062,-0.8557227253913879,-55.014034271240234,88.21392059326172,0.8937888145446777,-55.069908142089844,87.92766571044922,Go,Stepping
1780509970.1487803,22006.134381478,-0.9677251577377319,-54.685829162597656,87.61946868896484,0.7747981548309326,-55.472381591796875,88.54934692382812,-0.7747981548309326,-55.25625228881836,88.65097045898438,0.9677251577377319,-54.82736587524414,87.55219268798828,Go,Stepping
1780509970.1688354,22006.154562036,-1.0439046621322632,-54.49897003173828,87.27619171142578,0.6341119408607483,-58.665985107421875,93.72911834716797,-0.6341119408607483,-58.372894287109375,93.85992431640625,1.0439046621322632,-54.612022399902344,87.22225952148438,Go,Stepping
1780509970.1888545,22006.175505054,-1.1225504875183105,-54.34575653076172,86.9882583618164,0.622469425201416,-68.5069580078125,108.94402313232422,-0.622469425201416,-68.10872650146484,109.10137176513672,1.1225504875183105,-54.429786682128906,86.94803619384766,Go,Stepping
1780509970.208847,22006.196797423,-1.199966311454773,-54.23154830932617,86.76627349853516,0.8359543085098267,-74.79974365234375,117.87468719482422,-0.8359543085098267,-74.39677429199219,118.02597045898438,1.199966311454773,-54.2873649597168,86.73949432373047,Go,Stepping
1780509970.2288446,22006.215083588,-1.2775180339813232,-54.159942626953125,86.61602020263672,1.290740966796875,-77.48670959472656,121.55168151855469,-1.290740966796875,-77.20759582519531,121.65476989746094,1.2775180339813232,-54.187896728515625,86.60258483886719,Go,Stepping
1780509970.248845,22006.23455936,-1.3562941551208496,-54.133296966552734,86.5411148071289,1.8906142711639404,-78.75464630126953,123.3397445678711,-1.8906142711639404,-78.66817474365234,123.37145233154297,1.3562941551208496,-54.133338928222656,86.54109954833984,Go,Stepping
1780509970.268902,22006.254868739,-1.4369090795516968,-54.15242004394531,86.54279327392578,2.526945114135742,-79.27882385253906,124.17398834228516,-2.526945114135742,-79.40420532226562,124.12814331054688,1.4369090795516968,-54.1242790222168,86.55632781982422,Go,Stepping
1780509970.2889335,22006.274876716,-1.5192115306854248,-54.216758728027344,86.62017822265625,2.982292413711548,-77.37335968017578,121.8968505859375,-2.982292413711548,-77.68492889404297,121.78190612792969,1.5192115306854248,-54.16021728515625,86.64734649658203,Go,Stepping
1780509970.3088622,22006.295018185,-1.6009074449539185,-54.32371520996094,86.76970672607422,2.869718313217163,-70.30389404296875,112.27719116210938,-2.869718313217163,-70.67683410644531,112.13273620605469,1.6009074449539185,-54.239341735839844,86.81017303466797,Go,Stepping
1780509970.3288612,22006.314556948,-1.6861021518707275,-54.469818115234375,86.98381042480469,2.285888910293579,-58.64666748046875,94.29725646972656,-2.285888910293579,-58.93280029296875,94.17009735107422,1.6861021518707275,-54.356689453125,87.0379409790039,Go,Stepping
1780509970.3487885,22006.335578373,-1.7721186876296997,-54.6501350402832,87.2551040649414,1.9918729066848755,-55.0004997253418,88.21955108642578,-1.9918729066848755,-55.2116584777832,88.11979675292969,1.7721186876296997,-54.508262634277344,87.32276153564453,Go,Stepping
1780509970.3688006,22006.354862335,-1.8605366945266724,-54.85859680175781,87.57254791259766,1.9050511121749878,-54.78927230834961,87.83767700195312,-1.9050511121749878,-54.973045349121094,87.75050354003906,1.8605366945266724,-54.68735885620117,87.65392303466797,Go,Stepping
1780509970.3887932,22006.375755284,-1.9496705532073975,-55.088253021240234,87.92497253417969,1.8180785179138184,-54.59686279296875,87.48574829101562,-1.8180785179138184,-54.752418518066406,87.41168212890625,1.9496705532073975,-54.88762283325195,88.01995849609375,Go,Stepping
1780509970.4087884,22006.394696411,-2.0392112731933594,-55.33143997192383,88.29949951171875,1.7315877676010132,-54.429542541503906,87.17518615722656,-1.7315877676010132,-54.556766510009766,87.11441802978516,2.0392112731933594,-55.10141372680664,88.407958984375,Go,Stepping
1780509970.4288504,22006.414679471,-2.557742118835449,-63.299503326416016,101.06777954101562,1.646716594696045,-54.29328536987305,86.91654968261719,-1.646716594696045,-54.39240646362305,86.86907196044922,2.557742118835449,-62.9509391784668,101.2136459350586,Go,Stepping
1780509970.4488523,22006.434713595,-3.0132405757904053,-71.72994995117188,113.60303497314453,1.5624580383300781,-54.19424057006836,86.71990966796875,-1.5624580383300781,-54.26510238647461,86.68589782714844,3.0132405757904053,-71.31874084472656,113.76094055175781,Go,Stepping
1780509970.4688568,22006.454696996,-3.0143649578094482,-76.00965881347656,119.5492172241211,1.4793611764907837,-54.13641357421875,86.59232330322266,-1.4793611764907837,-54.17901611328125,86.57183837890625,3.0143649578094482,-75.66119384765625,119.67903137207031,Go,Stepping
1780509970.488845,22006.474821787,-2.3109683990478516,-79.05685424804688,121.94274139404297,1.3725156784057617,-54.05076217651367,86.58900451660156,-1.4220863580703735,-54.054012298583984,86.56359100341797,2.9584269523620605,-78.72496032714844,121.82548522949219,Go,Stepping
1780509970.5088677,22006.496454698,-2.2410781383514404,-78.9563980102539,124.00546264648438,1.4173564910888672,-54.28221130371094,86.45813751220703,-1.2146239280700684,-54.313106536865234,86.54059600830078,1.9662376642227173,-79.03716278076172,124.07632446289062,Go,Stepping
1780509970.5291715,22006.515519072,-3.8884968757629395,-75.69568634033203,124.1993179321289,1.6814230680465698,-54.668548583984375,86.29370880126953,-0.7846969366073608,-54.82442855834961,86.6470947265625,-0.9613104462623596,-76.93766784667969,125.46417236328125,Go,Stepping
1780509970.5488656,22006.535456028,-8.26574420928955,-68.02083587646484,117.76435852050781,2.5969390869140625,-55.03622055053711,85.92633819580078,0.28016921877861023,-55.606544494628906,87.01701354980469,-6.6454758644104,-71.123291015625,121.80846405029297,Go,Stepping
1780509970.568865,22006.554871038,-8.530097007751465,-58.125457763671875,102.64678192138672,3.3848953247070312,-55.396976470947266,85.70889282226562,1.2405469417572021,-56.323421478271484,87.43901824951172,-7.5026726722717285,-61.34336853027344,107.37101745605469,Go,Stepping
1780509970.5888915,22006.574942258,-7.2202467918396,-51.13197326660156,87.8223876953125,4.62556791305542,-55.54188919067383,85.34410095214844,2.6659016609191895,-57.02088165283203,88.0282974243164,-5.886142730712891,-53.78448486328125,91.95109558105469,Go,Stepping
1780509970.6088521,22006.595506561,-7.646273136138916,-51.43504333496094,86.67181396484375,6.282789707183838,-55.296653747558594,84.81310272216797,4.5264973640441895,-57.496360778808594,88.72769927978516,-6.170610427856445,-54.311485290527344,91.20748901367188,Go,Stepping
1780509970.6288054,22006.614709195,-7.234903812408447,-51.82218933105469,86.12872314453125,7.7259907722473145,-55.08146667480469,84.3570556640625,6.183974742889404,-57.88612747192383,89.31428527832031,-5.586179256439209,-54.55125045776367,90.43840026855469,Go,Stepping
1780509970.648996,22006.634889234,-6.419008731842041,-52.18329620361328,85.94977569580078,8.969791412353516,-54.990966796875,83.95003509521484,7.649631500244141,-58.30230712890625,89.78412628173828,-4.586950302124023,-54.57599639892578,89.72471618652344,Go,Stepping
1780509970.6689117,22006.655518006,-3.8363513946533203,-52.48643112182617,87.11324310302734,7.629974365234375,-60.19698715209961,88.4974365234375,6.517951011657715,-62.94886016845703,93.29786682128906,-1.7653660774230957,-53.74932098388672,89.03351593017578,Go,Stepping
1780509970.6888635,22006.675398683,-2.573350667953491,-52.97991180419922,87.13837432861328,7.179079055786133,-71.56202697753906,103.89994812011719,6.117686748504639,-74.01261138916016,107.89210510253906,-0.3349063992500305,-53.6743278503418,88.138916015625,Go,Stepping
1780509970.7088826,22006.695132989,-1.9980659484863281,-53.3680419921875,86.8914794921875,6.360015869140625,-78.11415100097656,113.70689392089844,4.835328102111816,-80.20072937011719,116.9114990234375,0.40024319291114807,-53.767486572265625,87.447509765625,Go,Stepping
1780509970.7288587,22006.715844241,-1.4983946084976196,-53.81740188598633,86.69798278808594,3.441157102584839,-79.82795715332031,119.6822509765625,0.8831967115402222,-80.52935028076172,120.97792053222656,1.0567829608917236,-53.94217300415039,86.84785461425781,Go,Stepping
1780509970.7488678,22006.735627015,-1.3564928770065308,-54.132911682128906,86.54120635986328,2.3409879207611084,-79.43042755126953,122.91361236572266,-1.4453884363174438,-79.54772186279297,123.19718170166016,1.356099009513855,-54.13302993774414,86.54133605957031,Go,Stepping
1780509970.7687864,22006.754767579,-1.3382244110107422,-54.397117614746094,86.48982238769531,2.086419105529785,-78.4117660522461,124.63422393798828,-2.9465653896331787,-78.34236145019531,124.34285736083984,1.53190016746521,-54.32632064819336,86.43041229248047,Go,Stepping
1780509970.788912,22006.775237308,-1.3872158527374268,-54.62995910644531,86.54287719726562,2.2497546672821045,-75.50655364990234,122.79155731201172,-3.669487953186035,-75.50837707519531,122.26285552978516,1.6445934772491455,-54.51760482788086,86.47383117675781,Go,Stepping
1780509970.8089154,22006.795145768,-1.4710638523101807,-54.8418083190918,86.68748474121094,2.2934646606445312,-68.39851379394531,113.15084838867188,-3.414294719696045,-68.54108428955078,112.66325378417969,1.726223349571228,-54.70345687866211,86.63530731201172,Go,Stepping
1780509970.8290546,22006.815185422,-1.5423327684402466,-55.107635498046875,86.90499877929688,1.917130708694458,-57.32937240600586,94.98933410644531,-2.6176300048828125,-57.465057373046875,94.62181091308594,1.8192188739776611,-54.9392204284668,86.86163330078125,Go,Stepping
1780509970.8488493,22006.835846651,-1.6713200807571411,-55.24264144897461,87.18971252441406,1.8428970575332642,-54.44395065307617,88.87501525878906,-2.118572473526001,-54.568031311035156,88.63742065429688,1.8569576740264893,-55.0706787109375,87.19961547851562,Go,Stepping
1780509970.8688128,22006.854842528,-1.7760531902313232,-55.44270324707031,87.51689147949219,1.815045714378357,-54.394493103027344,88.29119873046875,-1.9715971946716309,-54.5294075012207,88.13115692138672,1.9231994152069092,-55.25325012207031,87.55786895751953,Go,Stepping
1780509970.8887973,22006.874752013,-1.8674982786178589,-55.70631790161133,87.86981964111328,1.7546746730804443,-54.29087829589844,87.82123565673828,-1.8618355989456177,-54.413997650146484,87.70043182373047,2.007328987121582,-55.49230194091797,87.93119049072266,Go,Stepping
1780509970.908804,22006.894767195,-1.9793773889541626,-55.84674835205078,88.249755859375,1.698663353919983,-54.24266052246094,87.3662338256836,-1.7449740171432495,-54.3534049987793,87.28535461425781,2.0655758380889893,-55.62005615234375,88.3492202758789,Go,Stepping
1780509970.9289007,22006.915717419,-2.4934518337249756,-63.84248352050781,100.88379669189453,1.628703236579895,-54.17045974731445,87.0281753540039,-1.6523082256317139,-54.26121139526367,86.9714126586914,2.577998399734497,-63.48820877075195,101.00401306152344,Go,Stepping
1780509970.9488964,22006.936236214,-2.939446210861206,-72.304443359375,113.42053985595703,1.549890160560608,-54.112403869628906,86.78611755371094,-1.5635640621185303,-54.177955627441406,86.74754333496094,3.0210812091827393,-71.89250946044922,113.55481719970703,Go,Stepping
1780509970.9689133,22006.955496631,-2.9667792320251465,-76.3587417602539,119.43241882324219,1.4737390279769897,-54.0992317199707,86.61870574951172,-1.4780948162078857,-54.139617919921875,86.59710693359375,3.004514694213867,-76.01471710205078,119.55033111572266,Go,Stepping
1780509970.9888687,22006.974836916,-2.616830348968506,-78.114990234375,122.19853210449219,1.3958895206451416,-54.112281799316406,86.54524993896484,-1.396844744682312,-54.126033782958984,86.5381851196289,2.6299610137939453,-77.93112182617188,122.26228332519531,Go,Stepping
1780509971.0088649,22006.994884377,-2.105598211288452,-79.1727294921875,123.97621154785156,1.3172153234481812,-54.16505432128906,86.55751037597656,-1.3164392709732056,-54.151283264160156,86.56449127197266,2.104525327682495,-79.1916732788086,123.96969604492188,Go,Stepping
1780509971.0288577,22007.014906531,-1.5167605876922607,-78.98371887207031,124.07769775390625,1.2393816709518433,-54.25532531738281,86.65292358398438,-1.2381362915039062,-54.2138671875,86.67350769042969,1.5100760459899902,-79.2105941772461,123.99803161621094,Go,Stepping
1780509971.0488596,22007.03681598,-0.9493466019630432,-74.9065170288086,118.95319366455078,1.1631407737731934,-54.385581970214844,86.82475280761719,-1.1617635488510132,-54.31657791137695,86.85877227783203,0.9425778388977051,-75.27486419677734,118.82019805908203,Go,Stepping
1780509971.0689318,22007.055992256,-0.654918372631073,-64.87542724609375,104.44877624511719,1.0861694812774658,-54.558509826660156,87.06700134277344,-1.0845913887023926,-54.46131896972656,87.11485290527344,0.6499527096748352,-65.22593688964844,104.3100357055664,Go,Stepping
1780509971.088858,22007.074841053,-0.7495635747909546,-55.604068756103516,89.3784408569336,1.0129668712615967,-54.75395202636719,87.36992645263672,-1.0118560791015625,-54.6295051574707,87.43080139160156,0.7479456067085266,-55.83282470703125,89.27345275878906,Go,Stepping
1780509971.108853,22007.09482359,-0.8197996616363525,-55.099876403808594,88.46786499023438,0.9344064593315125,-54.98579788208008,87.72643280029297,-0.9334973096847534,-54.8317756652832,87.80134582519531,0.8188388347625732,-55.29724884033203,88.373291015625,Go,Stepping
1780509971.128859,22007.114595358,-0.8944786190986633,-54.87226486206055,88.03541564941406,0.8562770485877991,-55.24447250366211,88.1213150024414,-0.8553876280784607,-55.06068420410156,88.21037292480469,0.8938037157058716,-55.041419982910156,87.95462036132812,Go,Stepping
1780509971.1488628,22007.135209479,-0.9693580269813538,-54.66830825805664,87.63479614257812,0.777011513710022,-55.51044464111328,88.54473114013672,-0.7764205932617188,-55.29615783691406,88.64801025390625,0.969076931476593,-54.80912780761719,87.5673599243164,Go,Stepping
1780509971.1689136,22007.155947501,-1.0480051040649414,-54.4869384765625,87.28376770019531,0.6437636017799377,-58.71979904174805,93.74708557128906,-0.643213152885437,-58.43039321899414,93.87711334228516,1.047856330871582,-54.598514556884766,87.23040008544922,Go,Stepping
1780509971.1888518,22007.175582049,-1.12447190284729,-54.338382720947266,86.99293518066406,0.6311692595481873,-68.54717254638672,108.93380737304688,-0.630626916885376,-68.15263366699219,109.09063720703125,1.1243993043899536,-54.421730041503906,86.95299530029297,Go,Stepping
1780509971.2088819,22007.194826232,-1.2007782459259033,-54.227272033691406,86.76839447021484,0.8413031101226807,-74.83733367919922,117.87236785888672,-0.8409013748168945,-74.43666076660156,118.02347564697266,1.2007437944412231,-54.28281784057617,86.74174499511719,Go,Stepping
1780509971.2288659,22007.21478679,-1.278268814086914,-54.158103942871094,86.61651611328125,1.2976735830307007,-77.50565338134766,121.54872131347656,-1.2974846363067627,-77.22915649414062,121.6511001586914,1.2782596349716187,-54.18578338623047,86.60319519042969,Go,Stepping
1780509971.249035,22007.234971765,-1.3569616079330444,-54.1332893371582,86.54080963134766,1.8972127437591553,-78.7672119140625,123.34957122802734,-1.8971738815307617,-78.68295288085938,123.38050842285156,1.3569616079330444,-54.13309097290039,86.54090881347656,Go,Stepping
1780509971.2689123,22007.255133031,-1.4355342388153076,-54.153804779052734,86.54308319091797,2.521273612976074,-79.27588653564453,124.17719268798828,-2.521303415298462,-79.3992691040039,124.13209533691406,1.435540795326233,-54.12614440917969,86.55638122558594,Go,Stepping
1780509971.2888687,22007.275485195,-1.5166324377059937,-54.21898651123047,86.62075805664062,2.967972755432129,-77.36779022216797,121.90316772460938,-2.96799635887146,-77.67450714111328,121.79012298583984,1.5166385173797607,-54.163352966308594,86.64749145507812,Go,Stepping
1780509971.308884,22007.295732105,-1.5989805459976196,-54.326969146728516,86.77029418945312,2.8596410751342773,-70.2766342163086,112.25618743896484,-2.859649658203125,-70.64653015136719,112.11307525634766,1.5989899635314941,-54.2432746887207,86.81045532226562,Go,Stepping
1780509971.3288689,22007.315122754,-1.6844013929367065,-54.47319793701172,86.98467254638672,2.279669761657715,-58.617408752441406,94.2611312866211,-2.279656410217285,-58.901695251464844,94.1348648071289,1.6844115257263184,-54.36068344116211,87.0385513305664,Go,Stepping
1780509971.3488586,22007.334758103,-1.7683708667755127,-54.65381622314453,87.25714111328125,1.9857194423675537,-54.99940872192383,88.22373962402344,-1.985706090927124,-55.20838165283203,88.12480163574219,1.7683806419372559,-54.51328659057617,87.32425689697266,Go,Stepping
1780509971.3688614,22007.355614692,-1.8539319038391113,-54.86339569091797,87.57708740234375,1.8969846963882446,-54.78896713256836,87.84063720703125,-1.896979570388794,-54.96995162963867,87.75469970703125,1.8539423942565918,-54.69453811645508,87.6574478149414,Go,Stepping
1780509971.3888645,22007.375272153,-1.9383288621902466,-55.09221649169922,87.93073272705078,1.8089078664779663,-54.59864044189453,87.48930358886719,-1.8089039325714111,-54.751033782958984,87.41669464111328,1.9383399486541748,-54.895606994628906,88.0239486694336,Go,Stepping
1780509971.4088733,22007.395042077,-2.0314886569976807,-55.61574172973633,88.77336883544922,1.7221744060516357,-54.43186569213867,87.17820739746094,-1.722173810005188,-54.555843353271484,87.11897277832031,2.031498432159424,-55.3902473449707,88.87918853759766,Go,Stepping
1780509971.4288635,22007.414737337,-2.5288054943084717,-63.32551574707031,101.11267852783203,1.6378377676010132,-54.295780181884766,86.91927337646484,-1.637837529182434,-54.39183807373047,86.87324523925781,2.5288197994232178,-62.987300872802734,101.25421142578125,Go,Stepping
1780509971.4489346,22007.43572378,-2.9683477878570557,-71.7506103515625,113.64189147949219,1.554341197013855,-54.196807861328125,86.7221450805664,-1.5543413162231445,-54.264862060546875,86.6894760131836,2.968360185623169,-71.355224609375,113.79373168945312,Go,Stepping
1780509971.4688826,22007.455758028,-2.982672929763794,-76.0211410522461,119.57085418701172,1.4753351211547852,-54.13760757446289,86.59329986572266,-1.4753351211547852,-54.178829193115234,86.573486328125,2.982682228088379,-75.6836929321289,119.69656372070312,Go,Stepping
1780509971.4888647,22007.47607762,-2.618198871612549,-77.96678924560547,122.25399017333984,1.3959559202194214,-54.123321533203125,86.53937530517578,-1.3959559202194214,-54.13713455200195,86.5327377319336,2.6182034015655518,-77.7869873046875,122.32022094726562,Go,Stepping
1780509971.5088902,22007.495535451,-2.1039931774139404,-79.18939208984375,123.9754638671875,1.3171632289886475,-54.15480041503906,86.5621566772461,-1.3171632289886475,-54.14097595214844,86.56880950927734,2.1039931774139404,-79.20850372314453,123.96845245361328,Go,Stepping
1780509971.5288723,22007.515682334,-1.522795557975769,-79.0990219116211,124.02689361572266,1.2405714988708496,-54.23146438598633,86.66126251220703,-1.2405714988708496,-54.19033432006836,86.68101501464844,1.522795557975769,-79.32032775878906,123.94591522216797,Go,Stepping
1780509971.548919,22007.535292121,-0.9569427967071533,-75.0442886352539,118.86600494384766,1.1645480394363403,-54.35232162475586,86.8342514038086,-1.1645480394363403,-54.283626556396484,86.86717224121094,0.9569427967071533,-75.40538787841797,118.73099517822266,Go,Stepping
1780509971.568931,22007.554755385,-0.6572975516319275,-65.01248931884766,104.39823913574219,1.0867024660110474,-54.51517868041992,87.07649993896484,-1.0867024660110474,-54.417842864990234,87.1230239868164,0.657301127910614,-65.35877990722656,104.25685119628906,Go,Stepping
1780509971.5888212,22007.57693137,-0.7432904243469238,-55.382728576660156,88.87431335449219,1.010461688041687,-54.71409606933594,87.37904357910156,-1.010461688041687,-54.58823776245117,87.4389877319336,0.7432901263237,-55.61027145385742,88.76753234863281,Go,Stepping
1780509971.608781,22007.594710594,-0.8231202363967896,-55.1353645324707,88.42935180664062,0.9371545314788818,-54.942474365234375,87.73124694824219,-0.9371514320373535,-54.78876495361328,87.80418395996094,0.8231200575828552,-55.33201599121094,88.3366470336914,Go,Stepping
1780509971.6288226,22007.615469858,-0.8998863101005554,-54.8997917175293,88.00497436523438,0.8621554374694824,-55.19683074951172,88.12532043457031,-0.8621554374694824,-55.01430130004883,88.2115478515625,0.8998863101005554,-55.06715774536133,87.92573547363281,Go,Stepping
1780509971.648825,22007.637019876,-0.9721709489822388,-54.685333251953125,87.61717987060547,0.7812595963478088,-55.47044372558594,88.54827880859375,-0.7812595963478088,-55.256675720214844,88.64881896972656,0.9721709489822388,-54.825286865234375,87.55064392089844,Go,Stepping
1780509971.6688836,22007.654812131,-1.0471223592758179,-54.498504638671875,87.27434539794922,0.6417449712753296,-58.67879104614258,93.75232696533203,-0.6417449712753296,-58.38837814331055,93.88191223144531,1.0471253395080566,-54.61040496826172,87.22096252441406,Go,Stepping
1780509971.6889222,22007.675075124,-1.1225037574768066,-54.3453254699707,86.98764038085938,0.6214324831962585,-68.5339126586914,108.98291015625,-0.6214282512664795,-68.13507080078125,109.14046478271484,1.1225037574768066,-54.42936325073242,86.94740295410156,Go,Stepping
1780509971.7088816,22007.695504876,-1.1994075775146484,-54.23141098022461,86.76631164550781,0.8317343592643738,-74.80799865722656,117.88418579101562,-0.8317343592643738,-74.40339660644531,118.03609466552734,1.1994075775146484,-54.28742218017578,86.73943328857422,Go,Stepping
1780509971.72888,22007.715520453,-1.2772282361984253,-54.159889221191406,86.61604309082031,1.2876437902450562,-77.49055480957031,121.5555191040039,-1.2876437902450562,-77.21025848388672,121.65904235839844,1.2772282361984253,-54.18793869018555,86.60256958007812,Go,Stepping
1780509971.7489734,22007.73558293,-1.3568000793457031,-54.13327407836914,86.54087829589844,1.8941192626953125,-78.76104736328125,123.34876251220703,-1.8941192626953125,-78.67569732666016,123.38005828857422,1.3568000793457031,-54.13313293457031,86.54094696044922,Go,Stepping
1780509971.7688894,22007.75479604,-1.4359487295150757,-54.15254211425781,86.54335021972656,2.523031234741211,-79.2804183959961,124.1749038696289,-2.523031234741211,-79.4043960571289,124.12954711914062,1.4359487295150757,-54.12474060058594,86.55672454833984,Go,Stepping
1780509971.7888799,22007.774666799,-1.5164686441421509,-54.21683883666992,86.62133026123047,2.9672939777374268,-77.38247680664062,121.90440368652344,-2.9672939777374268,-77.68879699707031,121.79138946533203,1.5164686441421509,-54.161258697509766,86.64803314208984,Go,Stepping
1780509971.8088858,22007.795625618,-1.5960122346878052,-54.324161529541016,86.77227020263672,2.846987009048462,-70.29920196533203,112.2635498046875,-2.846987009048462,-70.66449737548828,112.12205505371094,1.5960122346878052,-54.24149703979492,86.81192016601562,Go,Stepping
1780509971.8288722,22007.814769825,-1.6764228343963623,-54.47063446044922,86.98880004882812,2.259756088256836,-58.638179779052734,94.27449035644531,-2.259756088256836,-58.91554260253906,94.15120697021484,1.6764228343963623,-54.36089324951172,87.04130554199219,Go,Stepping
1780509971.848818,22007.836097055,-1.7582359313964844,-54.65119171142578,87.26203918457031,1.970563292503357,-55.008548736572266,88.225341796875,-1.970563292503357,-55.212528228759766,88.12899017333984,1.7582359313964844,-54.51415252685547,87.327392578125,Go,Stepping
1780509971.8688707,22007.856119796,-1.8400402069091797,-54.86011505126953,87.58271789550781,1.8825104236602783,-54.797855377197266,87.84381103515625,-1.8825104236602783,-54.97395706176758,87.76028442382812,1.8400402069091797,-54.696022033691406,87.66070556640625,Go,Stepping
1780509971.8888297,22007.874619185,-1.9226399660110474,-55.09000778198242,87.93794250488281,1.7967952489852905,-54.605159759521484,87.49182891845703,-1.7967952489852905,-54.75344467163086,87.42123413085938,1.9226399660110474,-54.898765563964844,88.0284652709961,Go,Stepping
1780509971.9088888,22007.895944822,-2.016293525695801,-55.61445236206055,88.78156280517578,1.7137905359268188,-54.43621063232422,87.1798095703125,-1.7137905359268188,-54.557342529296875,87.12195587158203,2.016293525695801,-55.394203186035156,88.88487243652344,Go,Stepping
1780509971.928964,22007.914715286,-2.5124428272247314,-63.360435485839844,101.17915344238281,1.6322267055511475,-54.298179626464844,86.91939544677734,-1.6322267055511475,-54.39231872558594,86.87430572509766,2.5124428272247314,-63.02824401855469,101.31805419921875,Go,Stepping
1780509971.9488878,22007.935149965,-2.9456300735473633,-71.7469711303711,113.64846801757812,1.5504392385482788,-54.19879913330078,86.72308349609375,-1.5504392385482788,-54.265506744384766,86.69107055664062,2.9456300735473633,-71.35940551757812,113.79724884033203,Go,Stepping
1780509971.9690125,22007.954724154,-2.9627912044525146,-76.03551483154297,119.59904479980469,1.472617268562317,-54.138511657714844,86.59332275390625,-1.472617268562317,-54.17877960205078,86.573974609375,2.9627912044525146,-75.70513916015625,119.72209930419922,Go,Stepping
1780509971.9888902,22007.974892175,-2.600005865097046,-77.97030639648438,122.26518249511719,1.3944686651229858,-54.123924255371094,86.5396957397461,-1.3944686651229858,-54.1372184753418,86.5333023071289,2.600005865097046,-77.7968521118164,122.32905578613281,Go,Stepping
1780509972.0088825,22008.027154461,-2.105830430984497,-79.18856811523438,123.97378540039062,1.3181867599487305,-54.15432357788086,86.56185150146484,-1.3181867599487305,-54.140865325927734,86.56832122802734,2.105830430984497,-79.20702362060547,123.96702575683594,Go,Stepping
1780509972.0288908,22008.039852953,-1.5328233242034912,-79.09952545166016,124.02366638183594,1.2424226999282837,-54.230594635009766,86.66075134277344,-1.2424226999282837,-54.19011688232422,86.68019104003906,1.5328233242034912,-79.31730651855469,123.9439697265625,Go,Stepping
1780509972.0488505,22008.040733811,-0.972215473651886,-75.04885864257812,118.8659439086914,1.167467713356018,-54.350914001464844,86.83336639404297,-1.167467713356018,-54.28325271606445,86.86580657958984,0.972215473651886,-75.40451049804688,118.73294830322266,Go,Stepping
1780509972.0688908,22008.054845259,-0.6538801789283752,-65.02493286132812,104.41735076904297,1.0857707262039185,-54.515201568603516,87.07656860351562,-1.0857707262039185,-54.417537689208984,87.12324523925781,0.6538801789283752,-65.3725357055664,104.27544403076172,Go,Stepping
1780509972.088817,22008.075325245,-0.7390318512916565,-55.38331604003906,88.876220703125,1.00820791721344,-54.714576721191406,87.37939453125,-1.00820791721344,-54.587921142578125,87.4397201538086,0.7390318512916565,-55.61240768432617,88.76874542236328,Go,Stepping
1780509972.108825,22008.099342955,-0.8108526468276978,-55.1354866027832,88.4337158203125,0.9273310899734497,-54.94645309448242,87.7345199584961,-0.9273310899734497,-54.78922653198242,87.80911254882812,0.8108526468276978,-55.33651351928711,88.33898162841797,Go,Stepping
1780509972.1288226,22008.114989784,-0.8896808624267578,-54.90007781982422,88.00901794433594,0.8509939908981323,-55.201053619384766,88.12841033935547,-0.8509939908981323,-55.01447296142578,88.21654510498047,0.8896808624267578,-55.071102142333984,87.92805480957031,Go,Stepping
1780509972.1488063,22008.134827718,-0.9659452438354492,-54.685543060302734,87.61967468261719,0.7717732191085815,-55.47395706176758,88.55078125,-0.7717732191085815,-55.2567138671875,88.65293884277344,0.9659452438354492,-54.82771301269531,87.55208587646484,Go,Stepping
1780509972.1688743,22008.155137066,-1.0420434474945068,-54.498779296875,87.2765884399414,0.6288891434669495,-58.68177795410156,93.75272369384766,-0.6288891434669495,-58.38665771484375,93.88440704345703,1.0420434474945068,-54.612491607666016,87.22233581542969,Go,Stepping
1780509972.1888647,22008.175697903,-1.1186275482177734,-54.345760345458984,86.9897689819336,0.6041536927223206,-68.52377319335938,108.96243286132812,-0.6041536927223206,-68.11866760253906,109.12248229980469,1.1186275482177734,-54.43117904663086,86.9488754272461,Go,Stepping
1780509972.2088842,22008.196739539,-1.1970760822296143,-54.231502532958984,86.7673110961914,0.815359890460968,-74.81497192382812,117.88862609863281,-0.815359890460968,-74.40422821044922,118.0428237915039,1.1970760822296143,-54.28834915161133,86.74004364013672,Go,Stepping
1780509972.2288613,22008.214754408,-1.2771103382110596,-54.159912109375,86.61610412597656,1.286542534828186,-77.4905776977539,121.55531311035156,-1.286542534828186,-77.20980072021484,121.65901184082031,1.2771103382110596,-54.18800735473633,86.60261535644531,Go,Stepping
1780509972.248868,22008.234655671,-1.3564183712005615,-54.13329315185547,86.54105377197266,1.8937029838562012,-78.75530242919922,123.34146118164062,-1.8937029838562012,-78.6698989868164,123.37277221679688,1.3564183712005615,-54.13328552246094,86.54105377197266,Go,Stepping
1780509972.2688837,22008.25501746,-1.4361997842788696,-54.15251922607422,86.54322052001953,2.5241174697875977,-79.27999114990234,124.17464447021484,-2.5241174697875977,-79.40437316894531,124.1291732788086,1.4361997842788696,-54.1246223449707,86.55663299560547,Go,Stepping
1780509972.2888625,22008.275721269,-1.5161837339401245,-54.21687698364258,86.62153625488281,2.9656405448913574,-77.3816909790039,121.90281677246094,-2.9656405448913574,-77.68744659423828,121.79000854492188,1.5161837339401245,-54.161399841308594,86.64817810058594,Go,Stepping
1780509972.308868,22008.295837998,-1.5961304903030396,-54.32414245605469,86.772216796875,2.8475074768066406,-70.29904174804688,112.26339721679688,-2.8475074768066406,-70.6645278930664,112.12181854248047,1.5961304903030396,-54.24143981933594,86.81188201904297,Go,Stepping
1780509972.3289795,22008.315245639,-1.6816989183425903,-54.47123718261719,86.98786163330078,2.268927812576294,-58.575687408447266,94.17677307128906,-2.268927812576294,-58.85667037963867,94.05175018310547,1.6816989183425903,-54.359649658203125,87.0412368774414,Go,Stepping
1780509972.3488286,22008.334659359,-1.762497067451477,-54.65116882324219,87.26043701171875,1.9767698049545288,-55.00587844848633,88.22305297851562,-1.9767698049545288,-55.2119255065918,88.12571716308594,1.762497067451477,-54.51264572143555,87.32649993896484,Go,Stepping
1780509972.3688185,22008.355522073,-1.8460419178009033,-54.859764099121094,87.57991027832031,1.8890268802642822,-54.79528045654297,87.84186553955078,-1.8890268802642822,-54.973602294921875,87.75729370117188,1.8460419178009033,-54.693580627441406,87.65889739990234,Go,Stepping
1780509972.3887343,22008.374790072,-1.9317268133163452,-55.08863067626953,87.93228912353516,1.8044308423995972,-54.60285568237305,87.49076843261719,-1.8044308423995972,-54.75375747680664,87.41893005371094,1.9317268133163452,-54.894229888916016,88.0243148803711,Go,Stepping
1780509972.4088562,22008.397560702,-2.0344743728637695,-55.61333084106445,88.7729721069336,1.7240182161331177,-54.4322395324707,87.17692565917969,-1.7240182161331177,-54.556884765625,87.11737823486328,2.0344743728637695,-55.38676071166992,88.87926483154297,Go,Stepping
1780509972.428873,22008.415316323,-2.538470506668091,-63.314208984375,101.09754180908203,1.6408120393753052,-54.29542922973633,86.91796112060547,-1.6408120393753052,-54.39252471923828,86.87144470214844,2.538470506668091,-62.97249221801758,101.2405014038086,Go,Stepping
1780509972.448767,22008.435258154,-2.9817311763763428,-71.71389770507812,113.58990478515625,1.557338833808899,-54.19660949707031,86.72197723388672,-1.557338833808899,-54.26570129394531,86.68880462646484,2.9817311763763428,-71.31340026855469,113.74371337890625,Go,Stepping
1780509972.4688802,22008.454810072,-3.0009732246398926,-76.01515197753906,119.56050109863281,1.4776297807693481,-54.13698196411133,86.59263610839844,-1.4776297807693481,-54.17898941040039,86.57244110107422,3.0009732246398926,-75.67132568359375,119.68856048583984,Go,Stepping
1780509972.488862,22008.474736454,-2.6265013217926025,-77.96739196777344,122.25384521484375,1.3965322971343994,-54.12312698364258,86.53913116455078,-1.3965322971343994,-54.137142181396484,86.53238677978516,2.6265013217926025,-77.78475189208984,122.32109069824219,Go,Stepping
1780509972.5088682,22008.49439407,-2.1032731533050537,-79.18852996826172,123.97445678710938,1.3162750005722046,-54.15508270263672,86.56239318847656,-1.3162750005722046,-54.140953063964844,86.56919860839844,2.1032731533050537,-79.20787811279297,123.96736907958984,Go,Stepping
1780509972.5288813,22008.515381653,-1.5056403875350952,-79.1012191772461,124.03355407714844,1.2373777627944946,-54.23256301879883,86.66213989257812,-1.2373777627944946,-54.190303802490234,86.68243408203125,1.5056403875350952,-79.32855224609375,123.95036315917969,Go,Stepping
1780509972.5488884,22008.535110042,-0.9223403930664062,-75.05133056640625,118.8846435546875,1.1579009294509888,-54.35466766357422,86.83602142333984,-1.1579009294509888,-54.28362274169922,86.87007141113281,0.9223403930664062,-75.4249038696289,118.74498748779297,Go,Stepping
1780509972.5688848,22008.554964628,-0.630180299282074,-65.02750396728516,104.42976379394531,1.0789952278137207,-54.517826080322266,87.07835388183594,-1.0789952278137207,-54.41773986816406,87.12619018554688,0.630180299282074,-65.38387298583984,104.28429412841797,Go,Stepping
1780509972.5888524,22008.574679839,-0.7231530547142029,-55.38324737548828,88.8822250366211,0.9991925358772278,-54.7183837890625,87.38229370117188,-0.9991925358772278,-54.58849334716797,87.44415283203125,0.7231530547142029,-55.618080139160156,88.7720718383789,Go,Stepping
1780509972.6088254,22008.59548377,-0.806020975112915,-55.136016845703125,88.43650817871094,0.9238254427909851,-54.947383880615234,87.73469543457031,-0.9238254427909851,-54.78886413574219,87.80990600585938,0.806020975112915,-55.33881378173828,88.3409194946289,Go,Stepping
1780509972.6288173,22008.614326087,-0.8830581307411194,-54.90070343017578,88.01260375976562,0.844118058681488,-55.2032585144043,88.12944030761719,-0.844118058681488,-55.01420593261719,88.21875,0.8830581307411194,-55.074092864990234,87.93051147460938,Go,Stepping
1780509972.648805,22008.634751274,-0.9601183533668518,-54.68613815307617,87.62291717529297,0.7633737921714783,-55.47665023803711,88.55200958251953,-0.7633737921714783,-55.25635528564453,88.65560150146484,0.9601183533668518,-54.830406188964844,87.5543441772461,Go,Stepping
1780509972.6688712,22008.65530823,-1.0401742458343506,-54.49909591674805,87.27784729003906,0.6246364712715149,-58.66963195800781,93.73139953613281,-0.6246364712715149,-58.373008728027344,93.86377716064453,1.0401742458343506,-54.61347961425781,87.22327423095703,Go,Stepping
1780509972.6888766,22008.674938266,-1.1193252801895142,-54.345924377441406,86.98978424072266,0.6077746748924255,-68.50922393798828,108.94226837158203,-0.6077746748924255,-68.10554504394531,109.10176086425781,1.1193252801895142,-54.43110656738281,86.94901275634766,Go,Stepping
1780509972.7088776,22008.695852741,-1.1971970796585083,-54.23167419433594,86.7675552368164,0.8166002035140991,-74.806396484375,117.87748718261719,-0.8166002035140991,-74.396240234375,118.03147888183594,1.1971970796585083,-54.288475036621094,86.74029541015625,Go,Stepping
1780509972.7288933,22008.717036018,-1.2761790752410889,-54.159969329833984,86.61656188964844,1.2775111198425293,-77.49336242675781,121.55623626708984,-1.2775111198425293,-77.20933532714844,121.66112518310547,1.2761790752410889,-54.188392639160156,86.6029052734375,Go,Stepping
1780509972.748891,22008.73538437,-1.3563252687454224,-54.13329315185547,86.54109954833984,1.8900742530822754,-78.7553482055664,123.3404541015625,-1.8900742530822754,-78.66864776611328,123.37223815917969,1.3563252687454224,-54.133323669433594,86.54108428955078,Go,Stepping
1780509972.7689674,22008.755395368,-1.4364348649978638,-54.152626037597656,86.54331970214844,2.525796890258789,-79.2793197631836,124.1742935180664,-2.525796890258789,-79.404296875,124.12857818603516,1.4364348649978638,-54.12465286254883,86.55677032470703,Go,Stepping
1780509972.7888927,22008.774901241,-1.5145965814590454,-54.216800689697266,86.62199401855469,2.957247257232666,-77.39200592041016,121.91362762451172,-2.957247257232666,-77.6947021484375,121.80194854736328,1.5145965814590454,-54.1618766784668,86.64838409423828,Go,Stepping
1780509972.8088923,22008.794817848,-1.59502112865448,-54.323974609375,86.77235412597656,2.843949317932129,-70.31814575195312,112.28958129882812,-2.843949317932129,-70.6822280883789,112.14857482910156,1.59502112865448,-54.24165725708008,86.81183624267578,Go,Stepping
1780509972.8289,22008.815423356,-1.6753872632980347,-54.47035217285156,86.9887466430664,2.258620500564575,-58.659732818603516,94.30884552001953,-2.258620500564575,-58.93656921386719,94.1858139038086,1.6753872632980347,-54.3609733581543,87.04107666015625,Go,Stepping
1780509972.8488593,22008.834703658,-1.759576678276062,-54.65090560913086,87.26107788085938,1.9727907180786133,-55.00788497924805,88.22501373291016,-1.9727907180786133,-55.212642669677734,88.12828826904297,1.759576678276062,-54.51339340209961,87.32666778564453,Go,Stepping
1780509972.868846,22008.854664473,-1.8422743082046509,-54.859588623046875,87.5810317993164,1.885237455368042,-54.797183990478516,87.84365844726562,-1.885237455368042,-54.974220275878906,87.75969696044922,1.8422743082046509,-54.6947135925293,87.65938568115234,Go,Stepping
1780509972.8889015,22008.875027122,-1.931354284286499,-55.089256286621094,87.93345642089844,1.8037629127502441,-54.60256576538086,87.49005126953125,-1.8037629127502441,-54.75325393676758,87.4183120727539,1.931354284286499,-54.89497756958008,88.02542877197266,Go,Stepping
1780509972.9088469,22008.89469005,-2.022582769393921,-55.33235168457031,88.30717468261719,1.7223484516143799,-54.43323516845703,87.17796325683594,-1.7223484516143799,-54.55729675292969,87.11869812011719,2.022582769393921,-55.10807418823242,88.41290283203125,Go,Stepping
1780509972.9289823,22008.915304789,-2.5351362228393555,-63.30464553833008,101.08366394042969,1.6400874853134155,-54.29586410522461,86.91841888427734,-1.6400874853134155,-54.3927116394043,86.87203216552734,2.5351362228393555,-62.96400451660156,101.22620391845703,Go,Stepping
1780509972.9488142,22008.93522218,-1.3866409063339233,-55.647098541259766,89.07061004638672,1.3866409063339233,-55.647098541259766,89.07061004638672,-1.3866409063339233,-55.647090911865234,89.07061004638672,1.3866409063339233,-55.647090911865234,89.07061004638672,Stop,Stepping
1780509972.9688208,22008.955714399,-1.3866409063339233,-55.647098541259766,89.07061004638672,1.3866409063339233,-55.647098541259766,89.07061004638672,-1.3866409063339233,-55.647090911865234,89.07061004638672,1.3866409063339233,-55.647090911865234,89.07061004638672,Stop,Stepping
1780509972.9887426,22008.975692502,-1.3866409063339233,-55.647098541259766,89.07061004638672,1.3866409063339233,-55.647098541259766,89.07061004638672,-1.3866409063339233,-55.647090911865234,89.07061004638672,1.3866409063339233,-55.647090911865234,89.07061004638672,Stop,Stepping
1780509973.0088675,22008.995463375,-1.3866409063339233,-55.647098541259766,89.07061004638672,1.3866409063339233,-55.647098541259766,89.07061004638672,-1.3866409063339233,-55.647090911865234,89.07061004638672,1.3866409063339233,-55.647090911865234,89.07061004638672,Stop,Stepping
1780509973.0289028,22009.014429497,-1.3866409063339233,-55.647098541259766,89.07061004638672,1.3866409063339233,-55.647098541259766,89.07061004638672,-1.3866409063339233,-55.647090911865234,89.07061004638672,1.3866409063339233,-55.647090911865234,89.07061004638672,Stop,Stepping
1780509973.0487123,22009.034519836,-1.3866409063339233,-55.647098541259766,89.07061004638672,1.3866409063339233,-55.647098541259766,89.07061004638672,-1.3866409063339233,-55.647090911865234,89.07061004638672,1.3866409063339233,-55.647090911865234,89.07061004638672,Stop,Stepping
1780509973.068824,22009.055458164,-1.3866409063339233,-55.647098541259766,89.07061004638672,1.3866409063339233,-55.647098541259766,89.07061004638672,-1.3866409063339233,-55.647090911865234,89.07061004638672,1.3866409063339233,-55.647090911865234,89.07061004638672,Stop,Stepping
1780509973.0888174,22009.076082901,-1.3866409063339233,-55.647098541259766,89.07061004638672,1.3866409063339233,-55.647098541259766,89.07061004638672,-1.3866409063339233,-55.647090911865234,89.07061004638672,1.3866409063339233,-55.647090911865234,89.07061004638672,Stop,Stepping
1780509973.1088033,22009.094896606,-1.3866409063339233,-55.647098541259766,89.07061004638672,1.3866409063339233,-55.647098541259766,89.07061004638672,-1.3866409063339233,-55.647090911865234,89.07061004638672,1.3866409063339233,-55.647090911865234,89.07061004638672,Stop,Stepping
1780509973.1288164,22009.114599574,-1.3866409063339233,-55.647098541259766,89.07061004638672,1.3866409063339233,-55.647098541259766,89.07061004638672,-1.3866409063339233,-55.647090911865234,89.07061004638672,1.3866409063339233,-55.647090911865234,89.07061004638672,Stop,Stepping
1780509973.1488168,22009.134548192,-1.3866409063339233,-55.647098541259766,89.07061004638672,1.3866409063339233,-55.647098541259766,89.07061004638672,-1.3866409063339233,-55.647090911865234,89.07061004638672,1.3866409063339233,-55.647090911865234,89.07061004638672,Stop,Stepping
1780509973.1688504,22009.154900007,-1.3866409063339233,-55.647098541259766,89.07061004638672,1.3866409063339233,-55.647098541259766,89.07061004638672,-1.3866409063339233,-55.647090911865234,89.07061004638672,1.3866409063339233,-55.647090911865234,89.07061004638672,Stop,Stepping
1780509973.1888013,22009.17536387,-1.3866409063339233,-55.647098541259766,89.07061004638672,1.3866409063339233,-55.647098541259766,89.07061004638672,-1.3866409063339233,-55.647090911865234,89.07061004638672,1.3866409063339233,-55.647090911865234,89.07061004638672,Stop,Stepping
1780509973.208872,22009.195435504,-1.3866409063339233,-55.647098541259766,89.07061004638672,1.3866409063339233,-55.647098541259766,89.07061004638672,-1.3866409063339233,-55.647090911865234,89.07061004638672,1.3866409063339233,-55.647090911865234,89.07061004638672,Stop,Stepping
1780509973.2288356,22009.216701681,-1.3866409063339233,-55.647098541259766,89.07061004638672,1.3866409063339233,-55.647098541259766,89.07061004638672,-1.3866409063339233,-55.647090911865234,89.07061004638672,1.3866409063339233,-55.647090911865234,89.07061004638672,Stop,Stepping
1780509973.248816,22009.234820717,-1.3866409063339233,-55.647098541259766,89.07061004638672,1.3866409063339233,-55.647098541259766,89.07061004638672,-1.3866409063339233,-55.647090911865234,89.07061004638672,1.3866409063339233,-55.647090911865234,89.07061004638672,Stop,Stepping
1780509973.2688115,22009.25493525,-1.3866409063339233,-55.647098541259766,89.07061004638672,1.3866409063339233,-55.647098541259766,89.07061004638672,-1.3866409063339233,-55.647090911865234,89.07061004638672,1.3866409063339233,-55.647090911865234,89.07061004638672,Stop,Stepping
1780509973.2888026,22009.275766845,-1.3866409063339233,-55.647098541259766,89.07061004638672,1.3866409063339233,-55.647098541259766,89.07061004638672,-1.3866409063339233,-55.647090911865234,89.07061004638672,1.3866409063339233,-55.647090911865234,89.07061004638672,Stop,Stepping
1780509973.3088243,22009.295608757,-1.3866409063339233,-55.647098541259766,89.07061004638672,1.3866409063339233,-55.647098541259766,89.07061004638672,-1.3866409063339233,-55.647090911865234,89.07061004638672,1.3866409063339233,-55.647090911865234,89.07061004638672,Stop,Stepping
1780509973.3287532,22009.317323917,-1.3866409063339233,-55.647098541259766,89.07061004638672,1.3866409063339233,-55.647098541259766,89.07061004638672,-1.3866409063339233,-55.647090911865234,89.07061004638672,1.3866409063339233,-55.647090911865234,89.07061004638672,Stop,Stepping
1780509973.3488123,22009.334906746,-1.3866409063339233,-55.647098541259766,89.07061004638672,1.3866409063339233,-55.647098541259766,89.07061004638672,-1.3866409063339233,-55.647090911865234,89.07061004638672,1.3866409063339233,-55.647090911865234,89.07061004638672,Stop,Stepping
1780509973.368835,22009.354584238,-1.3866409063339233,-55.647098541259766,89.07061004638672,1.3866409063339233,-55.647098541259766,89.07061004638672,-1.3866409063339233,-55.647090911865234,89.07061004638672,1.3866409063339233,-55.647090911865234,89.07061004638672,Stop,Stepping
1780509973.3888724,22009.375122914,-1.3866409063339233,-55.647098541259766,89.07061004638672,1.3866409063339233,-55.647098541259766,89.07061004638672,-1.3866409063339233,-55.647090911865234,89.07061004638672,1.3866409063339233,-55.647090911865234,89.07061004638672,Stop,Stepping
1780509973.4088635,22009.396475059,-1.3866409063339233,-55.647098541259766,89.07061004638672,1.3866409063339233,-55.647098541259766,89.07061004638672,-1.3866409063339233,-55.647090911865234,89.07061004638672,1.3866409063339233,-55.647090911865234,89.07061004638672,Stop,Stepping
1780509973.4288228,22009.415727926,-1.3866409063339233,-55.647098541259766,89.07061004638672,1.3866409063339233,-55.647098541259766,89.07061004638672,-1.3866409063339233,-55.647090911865234,89.07061004638672,1.3866409063339233,-55.647090911865234,89.07061004638672,Stop,Stepping
1780509973.4488332,22009.43651795,-1.3866409063339233,-55.647098541259766,89.07061004638672,1.3866409063339233,-55.647098541259766,89.07061004638672,-1.3866409063339233,-55.647090911865234,89.07061004638672,1.3866409063339233,-55.647090911865234,89.07061004638672,Stop,Stepping
1780509973.4688363,22009.454978603,-1.3866409063339233,-55.647098541259766,89.07061004638672,1.3866409063339233,-55.647098541259766,89.07061004638672,-1.3866409063339233,-55.647090911865234,89.07061004638672,1.3866409063339233,-55.647090911865234,89.07061004638672,Stop,Stepping
1780509973.488842,22009.475557626,-1.3866409063339233,-55.647098541259766,89.07061004638672,1.3866409063339233,-55.647098541259766,89.07061004638672,-1.3866409063339233,-55.647090911865234,89.07061004638672,1.3866409063339233,-55.647090911865234,89.07061004638672,Stop,Stepping
1780509973.5088968,22009.494960855,-1.3866409063339233,-55.647098541259766,89.07061004638672,1.3866409063339233,-55.647098541259766,89.07061004638672,-1.3866409063339233,-55.647090911865234,89.07061004638672,1.3866409063339233,-55.647090911865234,89.07061004638672,Stop,Stepping
1780509973.5288205,22009.515200921,-1.3866409063339233,-55.647098541259766,89.07061004638672,1.3866409063339233,-55.647098541259766,89.07061004638672,-1.3866409063339233,-55.647090911865234,89.07061004638672,1.3866409063339233,-55.647090911865234,89.07061004638672,Stop,Stepping
1780509973.548843,22009.535455378,-1.3866409063339233,-55.647098541259766,89.07061004638672,1.3866409063339233,-55.647098541259766,89.07061004638672,-1.3866409063339233,-55.647090911865234,89.07061004638672,1.3866409063339233,-55.647090911865234,89.07061004638672,Stop,Stepping
1780509973.5688367,22009.554670767,-1.3866409063339233,-55.647098541259766,89.07061004638672,1.3866409063339233,-55.647098541259766,89.07061004638672,-1.3866409063339233,-55.647090911865234,89.07061004638672,1.3866409063339233,-55.647090911865234,89.07061004638672,Stop,Stepping
1780509973.588834,22009.574844607,-1.3866409063339233,-55.647098541259766,89.07061004638672,1.3866409063339233,-55.647098541259766,89.07061004638672,-1.3866409063339233,-55.647090911865234,89.07061004638672,1.3866409063339233,-55.647090911865234,89.07061004638672,Stop,Stepping
1780509973.6088312,22009.605686415,-1.3866409063339233,-55.647098541259766,89.07061004638672,1.3866409063339233,-55.647098541259766,89.07061004638672,-1.3866409063339233,-55.647090911865234,89.07061004638672,1.3866409063339233,-55.647090911865234,89.07061004638672,Stop,Stepping
1780509973.628843,22009.615538921,-1.3866409063339233,-55.647098541259766,89.07061004638672,1.3866409063339233,-55.647098541259766,89.07061004638672,-1.3866409063339233,-55.647090911865234,89.07061004638672,1.3866409063339233,-55.647090911865234,89.07061004638672,Stop,Stepping
1780509973.6488104,22009.635414839,-1.3866409063339233,-55.647098541259766,89.07061004638672,1.3866409063339233,-55.647098541259766,89.07061004638672,-1.3866409063339233,-55.647090911865234,89.07061004638672,1.3866409063339233,-55.647090911865234,89.07061004638672,Stop,Stepping
1780509973.6688597,22009.654979523,-1.3866409063339233,-55.647098541259766,89.07061004638672,1.3866409063339233,-55.647098541259766,89.07061004638672,-1.3866409063339233,-55.647090911865234,89.07061004638672,1.3866409063339233,-55.647090911865234,89.07061004638672,Stop,Stepping
1780509973.688821,22009.675089983,-1.3866409063339233,-55.647098541259766,89.07061004638672,1.3866409063339233,-55.647098541259766,89.07061004638672,-1.3866409063339233,-55.647090911865234,89.07061004638672,1.3866409063339233,-55.647090911865234,89.07061004638672,Stop,Stepping
1780509973.7088308,22009.694973266,-1.3866409063339233,-55.647098541259766,89.07061004638672,1.3866409063339233,-55.647098541259766,89.07061004638672,-1.3866409063339233,-55.647090911865234,89.07061004638672,1.3866409063339233,-55.647090911865234,89.07061004638672,Stop,Stepping
1780509973.7287996,22009.714482417,-1.3866409063339233,-55.647098541259766,89.07061004638672,1.3866409063339233,-55.647098541259766,89.07061004638672,-1.3866409063339233,-55.647090911865234,89.07061004638672,1.3866409063339233,-55.647090911865234,89.07061004638672,Stop,Stepping
1780509973.7488055,22009.7361879,-1.3866409063339233,-55.647098541259766,89.07061004638672,1.3866409063339233,-55.647098541259766,89.07061004638672,-1.3866409063339233,-55.647090911865234,89.07061004638672,1.3866409063339233,-55.647090911865234,89.07061004638672,Go,Stepping
1780509973.7688057,22009.7570295,-1.3866409063339233,-55.647098541259766,89.07061004638672,1.3866409063339233,-55.647098541259766,89.07061004638672,-1.3866409063339233,-55.647090911865234,89.07061004638672,1.3866409063339233,-55.647090911865234,89.07061004638672,Go,Stepping
1780509973.7888367,22009.777960779,-1.3866409063339233,-55.647098541259766,89.07061004638672,1.3866409063339233,-55.647098541259766,89.07061004638672,-1.3866409063339233,-55.647090911865234,89.07061004638672,1.3866409063339233,-55.647090911865234,89.07061004638672,Go,Stepping
1780509973.808816,22009.794864246,-1.3866409063339233,-55.647098541259766,89.07061004638672,1.3866409063339233,-55.647098541259766,89.07061004638672,-1.3866409063339233,-55.647090911865234,89.07061004638672,1.3866409063339233,-55.647090911865234,89.07061004638672,Go,Stepping
1780509973.8288128,22009.825772816,-1.3866409063339233,-55.647098541259766,89.07061004638672,1.3866409063339233,-55.647098541259766,89.07061004638672,-1.3866409063339233,-55.647090911865234,89.07061004638672,1.3866409063339233,-55.647090911865234,89.07061004638672,Go,Stepping
1780509973.8488128,22009.834776201,-1.3866409063339233,-55.647098541259766,89.07061004638672,1.3866409063339233,-55.647098541259766,89.07061004638672,-1.3866409063339233,-55.647090911865234,89.07061004638672,1.3866409063339233,-55.647090911865234,89.07061004638672,Go,Stepping
1780509973.8688054,22009.85522859,-1.3866409063339233,-55.647098541259766,89.07061004638672,1.3866409063339233,-55.647098541259766,89.07061004638672,-1.3866409063339233,-55.647090911865234,89.07061004638672,1.3866409063339233,-55.647090911865234,89.07061004638672,Go,Stepping
1780509973.888815,22009.875431161,-1.3866409063339233,-55.647098541259766,89.07061004638672,1.3866409063339233,-55.647098541259766,89.07061004638672,-1.3866409063339233,-55.647090911865234,89.07061004638672,1.3866409063339233,-55.647090911865234,89.07061004638672,Go,Stepping
1780509973.908809,22009.894831579,-1.3866409063339233,-55.647098541259766,89.07061004638672,1.3866409063339233,-55.647098541259766,89.07061004638672,-1.3866409063339233,-55.647090911865234,89.07061004638672,1.3866409063339233,-55.647090911865234,89.07061004638672,Go,Stepping
1780509973.928804,22009.914555208,-1.3866409063339233,-55.647098541259766,89.07061004638672,1.3866409063339233,-55.647098541259766,89.07061004638672,-1.3866409063339233,-55.647090911865234,89.07061004638672,1.3866409063339233,-55.647090911865234,89.07061004638672,Go,Stepping
1780509973.9488482,22009.938992416,-1.3866409063339233,-55.647098541259766,89.07061004638672,1.3866409063339233,-55.647098541259766,89.07061004638672,-1.3866409063339233,-55.647090911865234,89.07061004638672,1.3866409063339233,-55.647090911865234,89.07061004638672,Go,Stepping
1780509973.968754,22009.955986334,-1.3866409063339233,-55.647098541259766,89.07061004638672,1.3866409063339233,-55.647098541259766,89.07061004638672,-1.3866409063339233,-55.647090911865234,89.07061004638672,1.3866409063339233,-55.647090911865234,89.07061004638672,Go,Stepping
1780509973.9888244,22009.976511387,-1.3866409063339233,-55.647098541259766,89.07061004638672,1.3866409063339233,-55.647098541259766,89.07061004638672,-1.3866409063339233,-55.647090911865234,89.07061004638672,1.3866409063339233,-55.647090911865234,89.07061004638672,Go,Stepping
1780509974.0088215,22009.995074106,-1.3866409063339233,-55.647098541259766,89.07061004638672,1.3866409063339233,-55.647098541259766,89.07061004638672,-1.3866409063339233,-55.647090911865234,89.07061004638672,1.3866409063339233,-55.647090911865234,89.07061004638672,Go,Stepping
1780509974.0288067,22010.015607225,-1.3866409063339233,-55.647098541259766,89.07061004638672,1.3866409063339233,-55.647098541259766,89.07061004638672,-1.3866409063339233,-55.647090911865234,89.07061004638672,1.3866409063339233,-55.647090911865234,89.07061004638672,Go,Stepping
1780509974.0488117,22010.035668471,-1.3866409063339233,-55.647098541259766,89.07061004638672,1.3866409063339233,-55.647098541259766,89.07061004638672,-1.3866409063339233,-55.647090911865234,89.07061004638672,1.3866409063339233,-55.647090911865234,89.07061004638672,Go,Stepping
1780509974.0688176,22010.055111738,-1.3866409063339233,-55.647098541259766,89.07061004638672,1.3866409063339233,-55.647098541259766,89.07061004638672,-1.3866409063339233,-55.647090911865234,89.07061004638672,1.3866409063339233,-55.647090911865234,89.07061004638672,Go,Stepping
1780509974.0888104,22010.07602957,-1.3866409063339233,-55.647098541259766,89.07061004638672,1.3866409063339233,-55.647098541259766,89.07061004638672,-1.3866409063339233,-55.647090911865234,89.07061004638672,1.3866409063339233,-55.647090911865234,89.07061004638672,Go,Stepping
1780509974.1088085,22010.095481145,-1.3866409063339233,-55.647098541259766,89.07061004638672,1.3866409063339233,-55.647098541259766,89.07061004638672,-1.3866409063339233,-55.647090911865234,89.07061004638672,1.3866409063339233,-55.647090911865234,89.07061004638672,Go,Stepping
1780509974.1288207,22010.115432811,-1.3866409063339233,-55.647098541259766,89.07061004638672,1.3866409063339233,-55.647098541259766,89.07061004638672,-1.3866409063339233,-55.647090911865234,89.07061004638672,1.3866409063339233,-55.647090911865234,89.07061004638672,Go,Stepping
1780509974.1488152,22010.135312704,-1.3866409063339233,-55.647098541259766,89.07061004638672,1.3866409063339233,-55.647098541259766,89.07061004638672,-1.3866409063339233,-55.647090911865234,89.07061004638672,1.3866409063339233,-55.647090911865234,89.07061004638672,Go,Stepping
1780509974.1687753,22010.154867511,-1.3866409063339233,-55.647098541259766,89.07061004638672,1.3866409063339233,-55.647098541259766,89.07061004638672,-1.3866409063339233,-55.647090911865234,89.07061004638672,1.3866409063339233,-55.647090911865234,89.07061004638672,Go,Stepping
1780509974.1888256,22010.174906292,-1.3866409063339233,-55.647098541259766,89.07061004638672,1.3866409063339233,-55.647098541259766,89.07061004638672,-1.3866409063339233,-55.647090911865234,89.07061004638672,1.3866409063339233,-55.647090911865234,89.07061004638672,Go,Stepping
1780509974.2088144,22010.1953395,-1.3866409063339233,-55.647098541259766,89.07061004638672,1.3866409063339233,-55.647098541259766,89.07061004638672,-1.3866409063339233,-55.647090911865234,89.07061004638672,1.3866409063339233,-55.647090911865234,89.07061004638672,Go,Stepping
1780509974.2288082,22010.215669866,-1.3866409063339233,-55.647098541259766,89.07061004638672,1.3866409063339233,-55.647098541259766,89.07061004638672,-1.3866409063339233,-55.647090911865234,89.07061004638672,1.3866409063339233,-55.647090911865234,89.07061004638672,Go,Stepping
1780509974.248794,22010.234956894,-1.3866409063339233,-55.647098541259766,89.07061004638672,1.3866409063339233,-55.647098541259766,89.07061004638672,-1.3866409063339233,-55.647090911865234,89.07061004638672,1.3866409063339233,-55.647090911865234,89.07061004638672,Go,Stepping
1780509974.2688513,22010.254753055,-1.3866409063339233,-55.647098541259766,89.07061004638672,1.3866409063339233,-55.647098541259766,89.07061004638672,-1.3866409063339233,-55.647090911865234,89.07061004638672,1.3866409063339233,-55.647090911865234,89.07061004638672,Go,Stepping
1780509974.2887971,22010.275323696,-1.3866409063339233,-55.647098541259766,89.07061004638672,1.3866409063339233,-55.647098541259766,89.07061004638672,-1.3866409063339233,-55.647090911865234,89.07061004638672,1.3866409063339233,-55.647090911865234,89.07061004638672,Go,Stepping
1780509974.3088448,22010.295443388,-1.3866409063339233,-55.647098541259766,89.07061004638672,1.3866409063339233,-55.647098541259766,89.07061004638672,-1.3866409063339233,-55.647090911865234,89.07061004638672,1.3866409063339233,-55.647090911865234,89.07061004638672,Go,Stepping
1780509974.3288517,22010.315954244,-1.3866409063339233,-55.647098541259766,89.07061004638672,1.3866409063339233,-55.647098541259766,89.07061004638672,-1.3866409063339233,-55.647090911865234,89.07061004638672,1.3866409063339233,-55.647090911865234,89.07061004638672,Go,Stepping
1780509974.3488483,22010.335312599,-1.3866409063339233,-55.647098541259766,89.07061004638672,1.3866409063339233,-55.647098541259766,89.07061004638672,-1.3866409063339233,-55.647090911865234,89.07061004638672,1.3866409063339233,-55.647090911865234,89.07061004638672,Go,Stepping
1780509974.3688111,22010.354652484,-1.3866409063339233,-55.647098541259766,89.07061004638672,1.3866409063339233,-55.647098541259766,89.07061004638672,-1.3866409063339233,-55.647090911865234,89.07061004638672,1.3866409063339233,-55.647090911865234,89.07061004638672,Go,Stepping
1780509974.388855,22010.375243759,-1.3866409063339233,-55.647098541259766,89.07061004638672,1.3866409063339233,-55.647098541259766,89.07061004638672,-1.3866409063339233,-55.647090911865234,89.07061004638672,1.3866409063339233,-55.647090911865234,89.07061004638672,Go,Stepping
1780509974.4088986,22010.394845008,-1.3866409063339233,-55.647098541259766,89.07061004638672,1.3866409063339233,-55.647098541259766,89.07061004638672,-1.3866409063339233,-55.647090911865234,89.07061004638672,1.3866409063339233,-55.647090911865234,89.07061004638672,Go,Stepping
1780509974.4288628,22010.415073402,-1.3866409063339233,-55.647098541259766,89.07061004638672,1.3866409063339233,-55.647098541259766,89.07061004638672,-1.3866409063339233,-55.647090911865234,89.07061004638672,1.3866409063339233,-55.647090911865234,89.07061004638672,Go,Stepping
1780509974.4488938,22010.43471191,-1.3866409063339233,-55.647098541259766,89.07061004638672,1.3866409063339233,-55.647098541259766,89.07061004638672,-1.3866409063339233,-55.647090911865234,89.07061004638672,1.3866409063339233,-55.647090911865234,89.07061004638672,Go,Stepping
1780509974.4688857,22010.454788565,-1.3866409063339233,-55.647098541259766,89.07061004638672,1.3866409063339233,-55.647098541259766,89.07061004638672,-1.3866409063339233,-55.647090911865234,89.07061004638672,1.3866409063339233,-55.647090911865234,89.07061004638672,Go,Stepping
1780509974.4888341,22010.474863908,-1.3866409063339233,-55.647098541259766,89.07061004638672,1.3866409063339233,-55.647098541259766,89.07061004638672,-1.3866409063339233,-55.647090911865234,89.07061004638672,1.3866409063339233,-55.647090911865234,89.07061004638672,Go,Stepping
1780509974.5088544,22010.496169154,-1.3866409063339233,-55.647098541259766,89.07061004638672,1.3866409063339233,-55.647098541259766,89.07061004638672,-1.3866409063339233,-55.647090911865234,89.07061004638672,1.3866409063339233,-55.647090911865234,89.07061004638672,Go,Stepping
1780509974.528843,22010.515440687,-1.3866409063339233,-55.647098541259766,89.07061004638672,1.3866409063339233,-55.647098541259766,89.07061004638672,-1.3866409063339233,-55.647090911865234,89.07061004638672,1.3866409063339233,-55.647090911865234,89.07061004638672,Go,Stepping
1780509974.5488546,22010.535828561,-1.3866409063339233,-55.647098541259766,89.07061004638672,1.3866409063339233,-55.647098541259766,89.07061004638672,-1.3866409063339233,-55.647090911865234,89.07061004638672,1.3866409063339233,-55.647090911865234,89.07061004638672,Go,Stepping
1780509974.5688794,22010.555650505,-1.3866409063339233,-55.647098541259766,89.07061004638672,1.3866409063339233,-55.647098541259766,89.07061004638672,-1.3866409063339233,-55.647090911865234,89.07061004638672,1.3866409063339233,-55.647090911865234,89.07061004638672,Go,Stepping
1780509974.5888636,22010.574774531,-1.3866409063339233,-55.647098541259766,89.07061004638672,1.3866409063339233,-55.647098541259766,89.07061004638672,-1.3866409063339233,-55.647090911865234,89.07061004638672,1.3866409063339233,-55.647090911865234,89.07061004638672,Go,Stepping
1780509974.6088848,22010.595977688,-1.3866409063339233,-55.647098541259766,89.07061004638672,1.3866409063339233,-55.647098541259766,89.07061004638672,-1.3866409063339233,-55.647090911865234,89.07061004638672,1.3866409063339233,-55.647090911865234,89.07061004638672,Go,Stepping
1780509974.6288702,22010.614849955,-1.3866409063339233,-55.647098541259766,89.07061004638672,1.3866409063339233,-55.647098541259766,89.07061004638672,-1.3866409063339233,-55.647090911865234,89.07061004638672,1.3866409063339233,-55.647090911865234,89.07061004638672,Go,Stepping
1780509974.6488478,22010.6348385,-1.3866409063339233,-55.647098541259766,89.07061004638672,1.3866409063339233,-55.647098541259766,89.07061004638672,-1.3866409063339233,-55.647090911865234,89.07061004638672,1.3866409063339233,-55.647090911865234,89.07061004638672,Go,Stepping
1780509974.6688411,22010.65560003,-1.3866409063339233,-55.647098541259766,89.07061004638672,1.3866409063339233,-55.647098541259766,89.07061004638672,-1.3866409063339233,-55.647090911865234,89.07061004638672,1.3866409063339233,-55.647090911865234,89.07061004638672,Go,Stepping
1780509974.6888442,22010.675561526,-1.3866409063339233,-55.647098541259766,89.07061004638672,1.3866409063339233,-55.647098541259766,89.07061004638672,-1.3866409063339233,-55.647090911865234,89.07061004638672,1.3866409063339233,-55.647090911865234,89.07061004638672,Go,Stepping
1780509974.7088385,22010.695105364,-1.3866409063339233,-55.647098541259766,89.07061004638672,1.3866409063339233,-55.647098541259766,89.07061004638672,-1.3866409063339233,-55.647090911865234,89.07061004638672,1.3866409063339233,-55.647090911865234,89.07061004638672,Go,Stepping
1780509974.7290287,22010.714905937,-1.3866409063339233,-55.647098541259766,89.07061004638672,1.3866409063339233,-55.647098541259766,89.07061004638672,-1.3866409063339233,-55.647090911865234,89.07061004638672,1.3866409063339233,-55.647090911865234,89.07061004638672,Go,Stepping
1780509974.7488465,22010.734761706,-1.3866409063339233,-55.647098541259766,89.07061004638672,1.3866409063339233,-55.647098541259766,89.07061004638672,-1.3866409063339233,-55.647090911865234,89.07061004638672,1.3866409063339233,-55.647090911865234,89.07061004638672,Go,Stepping
1780509974.7688494,22010.755716804,-1.3866409063339233,-55.647098541259766,89.07061004638672,1.3866409063339233,-55.647098541259766,89.07061004638672,-1.3866409063339233,-55.647090911865234,89.07061004638672,1.3866409063339233,-55.647090911865234,89.07061004638672,Go,Stepping
1780509974.788863,22010.775021649,-1.3866409063339233,-55.647098541259766,89.07061004638672,1.3866409063339233,-55.647098541259766,89.07061004638672,-1.3866409063339233,-55.647090911865234,89.07061004638672,1.3866409063339233,-55.647090911865234,89.07061004638672,Go,Stepping
1780509974.8089128,22010.794790714,-1.3866409063339233,-55.647098541259766,89.07061004638672,1.3866409063339233,-55.647098541259766,89.07061004638672,-1.3866409063339233,-55.647090911865234,89.07061004638672,1.3866409063339233,-55.647090911865234,89.07061004638672,Go,Stepping
1780509974.8289082,22010.814791661,-1.3866409063339233,-55.647098541259766,89.07061004638672,1.3866409063339233,-55.647098541259766,89.07061004638672,-1.3866409063339233,-55.647090911865234,89.07061004638672,1.3866409063339233,-55.647090911865234,89.07061004638672,Go,Stepping
1780509974.8488941,22010.83496388,-1.3866409063339233,-55.647098541259766,89.07061004638672,1.3866409063339233,-55.647098541259766,89.07061004638672,-1.3866409063339233,-55.647090911865234,89.07061004638672,1.3866409063339233,-55.647090911865234,89.07061004638672,Go,Stepping
1780509974.8689146,22010.854931246,-1.3866409063339233,-55.647098541259766,89.07061004638672,1.3866409063339233,-55.647098541259766,89.07061004638672,-1.3866409063339233,-55.647090911865234,89.07061004638672,1.3866409063339233,-55.647090911865234,89.07061004638672,Go,Stepping
1780509974.888858,22010.874892023,-1.3866409063339233,-55.647098541259766,89.07061004638672,1.3866409063339233,-55.647098541259766,89.07061004638672,-1.3866409063339233,-55.647090911865234,89.07061004638672,1.3866409063339233,-55.647090911865234,89.07061004638672,Go,Stepping
1780509974.908852,22010.895415379,-1.3866409063339233,-55.647098541259766,89.07061004638672,1.3866409063339233,-55.647098541259766,89.07061004638672,-1.3866409063339233,-55.647090911865234,89.07061004638672,1.3866409063339233,-55.647090911865234,89.07061004638672,Go,Stepping
1780509974.9288285,22010.915952076,-1.3866409063339233,-55.647098541259766,89.07061004638672,1.3866409063339233,-55.647098541259766,89.07061004638672,-1.3866409063339233,-55.647090911865234,89.07061004638672,1.3866409063339233,-55.647090911865234,89.07061004638672,Go,Stepping
1780509974.9488332,22010.935486133,-1.3866409063339233,-55.647098541259766,89.07061004638672,1.3866409063339233,-55.647098541259766,89.07061004638672,-1.3866409063339233,-55.647090911865234,89.07061004638672,1.3866409063339233,-55.647090911865234,89.07061004638672,Go,Stepping
1780509974.9688497,22010.958788064,-1.3866409063339233,-55.647098541259766,89.07061004638672,1.3866409063339233,-55.647098541259766,89.07061004638672,-1.3866409063339233,-55.647090911865234,89.07061004638672,1.3866409063339233,-55.647090911865234,89.07061004638672,Go,Stepping
1780509974.988839,22010.975568166,-1.3866409063339233,-55.647098541259766,89.07061004638672,1.3866409063339233,-55.647098541259766,89.07061004638672,-1.3866409063339233,-55.647090911865234,89.07061004638672,1.3866409063339233,-55.647090911865234,89.07061004638672,Go,Stepping
1780509975.0088391,22010.994906273,-1.3866409063339233,-55.647098541259766,89.07061004638672,1.3866409063339233,-55.647098541259766,89.07061004638672,-1.3866409063339233,-55.647090911865234,89.07061004638672,1.3866409063339233,-55.647090911865234,89.07061004638672,Go,Stepping
1780509975.0288372,22011.014694971,-1.3866409063339233,-55.647098541259766,89.07061004638672,1.3866409063339233,-55.647098541259766,89.07061004638672,-1.3866409063339233,-55.647090911865234,89.07061004638672,1.3866409063339233,-55.647090911865234,89.07061004638672,Go,Stepping
1780509975.0488453,22011.035939365,-1.3866409063339233,-55.647098541259766,89.07061004638672,1.3866409063339233,-55.647098541259766,89.07061004638672,-1.3866409063339233,-55.647090911865234,89.07061004638672,1.3866409063339233,-55.647090911865234,89.07061004638672,Go,Stepping
1780509975.0688329,22011.05525787,-1.3866409063339233,-55.647098541259766,89.07061004638672,1.3866409063339233,-55.647098541259766,89.07061004638672,-1.3866409063339233,-55.647090911865234,89.07061004638672,1.3866409063339233,-55.647090911865234,89.07061004638672,Go,Stepping
1780509975.0888295,22011.076358492,-1.3866409063339233,-55.647098541259766,89.07061004638672,1.3866409063339233,-55.647098541259766,89.07061004638672,-1.3866409063339233,-55.647090911865234,89.07061004638672,1.3866409063339233,-55.647090911865234,89.07061004638672,Go,Stepping
1780509975.1088333,22011.095785201,-1.3866409063339233,-55.647098541259766,89.07061004638672,1.3866409063339233,-55.647098541259766,89.07061004638672,-1.3866409063339233,-55.647090911865234,89.07061004638672,1.3866409063339233,-55.647090911865234,89.07061004638672,Go,Stepping
1780509975.1288342,22011.114999601,-1.3866409063339233,-55.647098541259766,89.07061004638672,1.3866409063339233,-55.647098541259766,89.07061004638672,-1.3866409063339233,-55.647090911865234,89.07061004638672,1.3866409063339233,-55.647090911865234,89.07061004638672,Go,Stepping
1780509975.1488557,22011.135215053,-1.3866409063339233,-55.647098541259766,89.07061004638672,1.3866409063339233,-55.647098541259766,89.07061004638672,-1.3866409063339233,-55.647090911865234,89.07061004638672,1.3866409063339233,-55.647090911865234,89.07061004638672,Go,Stepping
1780509975.168841,22011.154674384,-1.3866409063339233,-55.647098541259766,89.07061004638672,1.3866409063339233,-55.647098541259766,89.07061004638672,-1.3866409063339233,-55.647090911865234,89.07061004638672,1.3866409063339233,-55.647090911865234,89.07061004638672,Go,Stepping
1780509975.188835,22011.175200672,-1.3866409063339233,-55.647098541259766,89.07061004638672,1.3866409063339233,-55.647098541259766,89.07061004638672,-1.3866409063339233,-55.647090911865234,89.07061004638672,1.3866409063339233,-55.647090911865234,89.07061004638672,Go,Stepping
1780509975.208839,22011.194832788,-1.3866409063339233,-55.647098541259766,89.07061004638672,1.3866409063339233,-55.647098541259766,89.07061004638672,-1.3866409063339233,-55.647090911865234,89.07061004638672,1.3866409063339233,-55.647090911865234,89.07061004638672,Go,Stepping
1780509975.2288249,22011.214680143,-1.3866409063339233,-55.647098541259766,89.07061004638672,1.3866409063339233,-55.647098541259766,89.07061004638672,-1.3866409063339233,-55.647090911865234,89.07061004638672,1.3866409063339233,-55.647090911865234,89.07061004638672,Go,Stepping
1780509975.2488582,22011.235236311,-1.3866409063339233,-55.647098541259766,89.07061004638672,1.3866409063339233,-55.647098541259766,89.07061004638672,-1.3866409063339233,-55.647090911865234,89.07061004638672,1.3866409063339233,-55.647090911865234,89.07061004638672,Go,Stepping
1780509975.268927,22011.255251142,-1.3866409063339233,-55.647098541259766,89.07061004638672,1.3866409063339233,-55.647098541259766,89.07061004638672,-1.3866409063339233,-55.647090911865234,89.07061004638672,1.3866409063339233,-55.647090911865234,89.07061004638672,Go,Stepping
1780509975.2888782,22011.275267807,-1.3866409063339233,-55.647098541259766,89.07061004638672,1.3866409063339233,-55.647098541259766,89.07061004638672,-1.3866409063339233,-55.647090911865234,89.07061004638672,1.3866409063339233,-55.647090911865234,89.07061004638672,Go,Stepping
1780509975.3088868,22011.296023571,-1.3866409063339233,-55.647098541259766,89.07061004638672,1.3866409063339233,-55.647098541259766,89.07061004638672,-1.3866409063339233,-55.647090911865234,89.07061004638672,1.3866409063339233,-55.647090911865234,89.07061004638672,Go,Stepping
1780509975.3288581,22011.315918785,-1.3866409063339233,-55.647098541259766,89.07061004638672,1.3866409063339233,-55.647098541259766,89.07061004638672,-1.3866409063339233,-55.647090911865234,89.07061004638672,1.3866409063339233,-55.647090911865234,89.07061004638672,Go,Stepping
1780509975.3488553,22011.33552644,-1.3866409063339233,-55.647098541259766,89.07061004638672,1.3866409063339233,-55.647098541259766,89.07061004638672,-1.3866409063339233,-55.647090911865234,89.07061004638672,1.3866409063339233,-55.647090911865234,89.07061004638672,Go,Stepping
1780509975.3688538,22011.355304559,-1.3866409063339233,-55.647098541259766,89.07061004638672,1.3866409063339233,-55.647098541259766,89.07061004638672,-1.3866409063339233,-55.647090911865234,89.07061004638672,1.3866409063339233,-55.647090911865234,89.07061004638672,Go,Stepping
1780509975.3888159,22011.375211518,-1.3866409063339233,-55.647098541259766,89.07061004638672,1.3866409063339233,-55.647098541259766,89.07061004638672,-1.3866409063339233,-55.647090911865234,89.07061004638672,1.3866409063339233,-55.647090911865234,89.07061004638672,Go,Stepping
1780509975.40886,22011.394682354,-1.3866409063339233,-55.647098541259766,89.07061004638672,1.3866409063339233,-55.647098541259766,89.07061004638672,-1.3866409063339233,-55.647090911865234,89.07061004638672,1.3866409063339233,-55.647090911865234,89.07061004638672,Go,Stepping
1780509975.428942,22011.415476346,-1.3866409063339233,-55.647098541259766,89.07061004638672,1.3866409063339233,-55.647098541259766,89.07061004638672,-1.3866409063339233,-55.647090911865234,89.07061004638672,1.3866409063339233,-55.647090911865234,89.07061004638672,Go,Stepping
1780509975.4489064,22011.435295523,-1.3866409063339233,-55.647098541259766,89.07061004638672,1.3866409063339233,-55.647098541259766,89.07061004638672,-1.3866409063339233,-55.647090911865234,89.07061004638672,1.3866409063339233,-55.647090911865234,89.07061004638672,Go,Stepping
1780509975.4689014,22011.45524838,-1.3866409063339233,-55.647098541259766,89.07061004638672,1.3866409063339233,-55.647098541259766,89.07061004638672,-1.3866409063339233,-55.647090911865234,89.07061004638672,1.3866409063339233,-55.647090911865234,89.07061004638672,Go,Stepping
1780509975.4888568,22011.475128391,-1.3866409063339233,-55.647098541259766,89.07061004638672,1.3866409063339233,-55.647098541259766,89.07061004638672,-1.3866409063339233,-55.647090911865234,89.07061004638672,1.3866409063339233,-55.647090911865234,89.07061004638672,Go,Stepping
1780509975.508844,22011.495896238,-1.3866409063339233,-55.647098541259766,89.07061004638672,1.3866409063339233,-55.647098541259766,89.07061004638672,-1.3866409063339233,-55.647090911865234,89.07061004638672,1.3866409063339233,-55.647090911865234,89.07061004638672,Go,Stepping
1780509975.5288632,22011.514613287,-1.3866409063339233,-55.647098541259766,89.07061004638672,1.3866409063339233,-55.647098541259766,89.07061004638672,-1.3866409063339233,-55.647090911865234,89.07061004638672,1.3866409063339233,-55.647090911865234,89.07061004638672,Go,Stepping
1780509975.5488627,22011.534781641,-1.3866409063339233,-55.647098541259766,89.07061004638672,1.3866409063339233,-55.647098541259766,89.07061004638672,-1.3866409063339233,-55.647090911865234,89.07061004638672,1.3866409063339233,-55.647090911865234,89.07061004638672,Go,Stepping
1780509975.5688603,22011.556291715,-1.3866409063339233,-55.647098541259766,89.07061004638672,1.3866409063339233,-55.647098541259766,89.07061004638672,-1.3866409063339233,-55.647090911865234,89.07061004638672,1.3866409063339233,-55.647090911865234,89.07061004638672,Go,Stepping
1780509975.5888486,22011.574884153,-1.3866409063339233,-55.647098541259766,89.07061004638672,1.3866409063339233,-55.647098541259766,89.07061004638672,-1.3866409063339233,-55.647090911865234,89.07061004638672,1.3866409063339233,-55.647090911865234,89.07061004638672,Go,Stepping
1780509975.6089756,22011.595269167,-1.3866409063339233,-55.647098541259766,89.07061004638672,1.3866409063339233,-55.647098541259766,89.07061004638672,-1.3866409063339233,-55.647090911865234,89.07061004638672,1.3866409063339233,-55.647090911865234,89.07061004638672,Go,Stepping
1780509975.6288998,22011.615559736,-1.3866409063339233,-55.647098541259766,89.07061004638672,1.3866409063339233,-55.647098541259766,89.07061004638672,-1.3866409063339233,-55.647090911865234,89.07061004638672,1.3866409063339233,-55.647090911865234,89.07061004638672,Go,Stepping
1780509975.6488435,22011.635900628,-1.3866409063339233,-55.647098541259766,89.07061004638672,1.3866409063339233,-55.647098541259766,89.07061004638672,-1.3866409063339233,-55.647090911865234,89.07061004638672,1.3866409063339233,-55.647090911865234,89.07061004638672,Go,Stepping
1780509975.6688685,22011.655907912,-1.3866409063339233,-55.647098541259766,89.07061004638672,1.3866409063339233,-55.647098541259766,89.07061004638672,-1.3866409063339233,-55.647090911865234,89.07061004638672,1.3866409063339233,-55.647090911865234,89.07061004638672,Go,Stepping
1780509975.6888342,22011.67687593,-1.3866409063339233,-55.647098541259766,89.07061004638672,1.3866409063339233,-55.647098541259766,89.07061004638672,-1.3866409063339233,-55.647090911865234,89.07061004638672,1.3866409063339233,-55.647090911865234,89.07061004638672,Go,Stepping
1780509975.7088459,22011.695402316,-1.3866409063339233,-55.647098541259766,89.07061004638672,1.3866409063339233,-55.647098541259766,89.07061004638672,-1.3866409063339233,-55.647090911865234,89.07061004638672,1.3866409063339233,-55.647090911865234,89.07061004638672,Go,Stepping
1780509975.728852,22011.714827864,-1.3866409063339233,-55.647098541259766,89.07061004638672,1.3866409063339233,-55.647098541259766,89.07061004638672,-1.3866409063339233,-55.647090911865234,89.07061004638672,1.3866409063339233,-55.647090911865234,89.07061004638672,Go,Stepping
1780509975.7488542,22011.735140328,-1.3866409063339233,-55.647098541259766,89.07061004638672,1.3866409063339233,-55.647098541259766,89.07061004638672,-1.3866409063339233,-55.647090911865234,89.07061004638672,1.3866409063339233,-55.647090911865234,89.07061004638672,Go,Stepping
1780509975.7688608,22011.754985264,-1.3866409063339233,-55.647098541259766,89.07061004638672,1.3866409063339233,-55.647098541259766,89.07061004638672,-1.3866409063339233,-55.647090911865234,89.07061004638672,1.3866409063339233,-55.647090911865234,89.07061004638672,Go,Stepping
1780509975.7888572,22011.777350217,-1.3866409063339233,-55.647098541259766,89.07061004638672,1.3866409063339233,-55.647098541259766,89.07061004638672,-1.3866409063339233,-55.647090911865234,89.07061004638672,1.3866409063339233,-55.647090911865234,89.07061004638672,Go,Stepping
1780509975.8088317,22011.795366777,-1.3866409063339233,-55.647098541259766,89.07061004638672,1.3866409063339233,-55.647098541259766,89.07061004638672,-1.3866409063339233,-55.647090911865234,89.07061004638672,1.3866409063339233,-55.647090911865234,89.07061004638672,Go,Stepping
1780509975.8289075,22011.815328727,-1.3866409063339233,-55.647098541259766,89.07061004638672,1.3866409063339233,-55.647098541259766,89.07061004638672,-1.3866409063339233,-55.647090911865234,89.07061004638672,1.3866409063339233,-55.647090911865234,89.07061004638672,Go,Stepping
1780509975.8488562,22011.835228259,-1.3866409063339233,-55.647098541259766,89.07061004638672,1.3866409063339233,-55.647098541259766,89.07061004638672,-1.3866409063339233,-55.647090911865234,89.07061004638672,1.3866409063339233,-55.647090911865234,89.07061004638672,Go,Stepping
1780509975.8688552,22011.854988296,-1.3866409063339233,-55.647098541259766,89.07061004638672,1.3866409063339233,-55.647098541259766,89.07061004638672,-1.3866409063339233,-55.647090911865234,89.07061004638672,1.3866409063339233,-55.647090911865234,89.07061004638672,Go,Stepping
1780509975.88888,22011.875913265,-1.3866409063339233,-55.647098541259766,89.07061004638672,1.3866409063339233,-55.647098541259766,89.07061004638672,-1.3866409063339233,-55.647090911865234,89.07061004638672,1.3866409063339233,-55.647090911865234,89.07061004638672,Go,Stepping
1780509975.9088507,22011.896102517,-1.3866409063339233,-55.647098541259766,89.07061004638672,1.3866409063339233,-55.647098541259766,89.07061004638672,-1.3866409063339233,-55.647090911865234,89.07061004638672,1.3866409063339233,-55.647090911865234,89.07061004638672,Go,Stepping
1780509975.9288793,22011.915290196,-1.3866409063339233,-55.647098541259766,89.07061004638672,1.3866409063339233,-55.647098541259766,89.07061004638672,-1.3866409063339233,-55.647090911865234,89.07061004638672,1.3866409063339233,-55.647090911865234,89.07061004638672,Go,Stepping
1780509975.9488752,22011.934899635,-1.3866409063339233,-55.647098541259766,89.07061004638672,1.3866409063339233,-55.647098541259766,89.07061004638672,-1.3866409063339233,-55.647090911865234,89.07061004638672,1.3866409063339233,-55.647090911865234,89.07061004638672,Go,Stepping
1780509975.9688492,22011.954802435,-1.3866409063339233,-55.647098541259766,89.07061004638672,1.3866409063339233,-55.647098541259766,89.07061004638672,-1.3866409063339233,-55.647090911865234,89.07061004638672,1.3866409063339233,-55.647090911865234,89.07061004638672,Go,Stepping
1780509975.9888685,22011.974918706,-1.3866409063339233,-55.647098541259766,89.07061004638672,1.3866409063339233,-55.647098541259766,89.07061004638672,-1.3866409063339233,-55.647090911865234,89.07061004638672,1.3866409063339233,-55.647090911865234,89.07061004638672,Go,Stepping
1780509976.0088804,22011.995567748,-1.3866409063339233,-55.647098541259766,89.07061004638672,1.3866409063339233,-55.647098541259766,89.07061004638672,-1.3866409063339233,-55.647090911865234,89.07061004638672,1.3866409063339233,-55.647090911865234,89.07061004638672,Go,Stepping
1780509976.0288613,22012.016199572,-1.3866409063339233,-55.647098541259766,89.07061004638672,1.3866409063339233,-55.647098541259766,89.07061004638672,-1.3866409063339233,-55.647090911865234,89.07061004638672,1.3866409063339233,-55.647090911865234,89.07061004638672,Go,Stepping
1780509976.0489202,22012.035405471,-1.3866409063339233,-55.647098541259766,89.07061004638672,1.3866409063339233,-55.647098541259766,89.07061004638672,-1.3866409063339233,-55.647090911865234,89.07061004638672,1.3866409063339233,-55.647090911865234,89.07061004638672,Go,Stepping
1780509976.06887,22012.055156057,-1.3866409063339233,-55.647098541259766,89.07061004638672,1.3866409063339233,-55.647098541259766,89.07061004638672,-1.3866409063339233,-55.647090911865234,89.07061004638672,1.3866409063339233,-55.647090911865234,89.07061004638672,Go,Stepping
1780509976.088857,22012.074533898,-1.3866409063339233,-55.647098541259766,89.07061004638672,1.3866409063339233,-55.647098541259766,89.07061004638672,-1.3866409063339233,-55.647090911865234,89.07061004638672,1.3866409063339233,-55.647090911865234,89.07061004638672,Go,Stepping
1780509976.108859,22012.095372818,-1.3866409063339233,-55.647098541259766,89.07061004638672,1.3866409063339233,-55.647098541259766,89.07061004638672,-1.3866409063339233,-55.647090911865234,89.07061004638672,1.3866409063339233,-55.647090911865234,89.07061004638672,Go,Stepping
1780509976.1288667,22012.11585802,-1.3866409063339233,-55.647098541259766,89.07061004638672,1.3866409063339233,-55.647098541259766,89.07061004638672,-1.3866409063339233,-55.647090911865234,89.07061004638672,1.3866409063339233,-55.647090911865234,89.07061004638672,Go,Stepping
1780509976.1488748,22012.135533034,-1.3866409063339233,-55.647098541259766,89.07061004638672,1.3866409063339233,-55.647098541259766,89.07061004638672,-1.3866409063339233,-55.647090911865234,89.07061004638672,1.3866409063339233,-55.647090911865234,89.07061004638672,Go,Stepping
1780509976.1689093,22012.156508114,-1.3866409063339233,-55.647098541259766,89.07061004638672,1.3866409063339233,-55.647098541259766,89.07061004638672,-1.3866409063339233,-55.647090911865234,89.07061004638672,1.3866409063339233,-55.647090911865234,89.07061004638672,Go,Stepping
1780509976.1888585,22012.175232333,-1.3866409063339233,-55.647098541259766,89.07061004638672,1.3866409063339233,-55.647098541259766,89.07061004638672,-1.3866409063339233,-55.647090911865234,89.07061004638672,1.3866409063339233,-55.647090911865234,89.07061004638672,Go,Stepping
1780509976.2088645,22012.195228774,-1.3866409063339233,-55.647098541259766,89.07061004638672,1.3866409063339233,-55.647098541259766,89.07061004638672,-1.3866409063339233,-55.647090911865234,89.07061004638672,1.3866409063339233,-55.647090911865234,89.07061004638672,Go,Stepping
1780509976.2288823,22012.215581159,-1.3866409063339233,-55.647098541259766,89.07061004638672,1.3866409063339233,-55.647098541259766,89.07061004638672,-1.3866409063339233,-55.647090911865234,89.07061004638672,1.3866409063339233,-55.647090911865234,89.07061004638672,Go,Stepping
1780509976.248883,22012.236523293,-1.3866409063339233,-55.647098541259766,89.07061004638672,1.3866409063339233,-55.647098541259766,89.07061004638672,-1.3866409063339233,-55.647090911865234,89.07061004638672,1.3866409063339233,-55.647090911865234,89.07061004638672,Go,Stepping
1780509976.2688804,22012.25550251,-1.3866409063339233,-55.647098541259766,89.07061004638672,1.3866409063339233,-55.647098541259766,89.07061004638672,-1.3866409063339233,-55.647090911865234,89.07061004638672,1.3866409063339233,-55.647090911865234,89.07061004638672,Go,Stepping
1780509976.2888062,22012.274861781,-1.3866409063339233,-55.647098541259766,89.07061004638672,1.3866409063339233,-55.647098541259766,89.07061004638672,-1.3866409063339233,-55.647090911865234,89.07061004638672,1.3866409063339233,-55.647090911865234,89.07061004638672,Go,Stepping
1780509976.3088543,22012.295093287,-1.3866409063339233,-55.647098541259766,89.07061004638672,1.3866409063339233,-55.647098541259766,89.07061004638672,-1.3866409063339233,-55.647090911865234,89.07061004638672,1.3866409063339233,-55.647090911865234,89.07061004638672,Go,Stepping
1780509976.3288648,22012.31480491,-1.3866409063339233,-55.647098541259766,89.07061004638672,1.3866409063339233,-55.647098541259766,89.07061004638672,-1.3866409063339233,-55.647090911865234,89.07061004638672,1.3866409063339233,-55.647090911865234,89.07061004638672,Go,Stepping
1780509976.348852,22012.334873481,-1.3866409063339233,-55.647098541259766,89.07061004638672,1.3866409063339233,-55.647098541259766,89.07061004638672,-1.3866409063339233,-55.647090911865234,89.07061004638672,1.3866409063339233,-55.647090911865234,89.07061004638672,Go,Stepping
1780509976.3688502,22012.354692602,-1.3866409063339233,-55.647098541259766,89.07061004638672,1.3866409063339233,-55.647098541259766,89.07061004638672,-1.3866409063339233,-55.647090911865234,89.07061004638672,1.3866409063339233,-55.647090911865234,89.07061004638672,Go,Stepping
1780509976.3888547,22012.37468324,-1.3866409063339233,-55.647098541259766,89.07061004638672,1.3866409063339233,-55.647098541259766,89.07061004638672,-1.3866409063339233,-55.647090911865234,89.07061004638672,1.3866409063339233,-55.647090911865234,89.07061004638672,Go,Stepping
1780509976.4088643,22012.395340427,-1.3866409063339233,-55.647098541259766,89.07061004638672,1.3866409063339233,-55.647098541259766,89.07061004638672,-1.3866409063339233,-55.647090911865234,89.07061004638672,1.3866409063339233,-55.647090911865234,89.07061004638672,Go,Stepping
1780509976.4288547,22012.415914389,-1.3866409063339233,-55.647098541259766,89.07061004638672,1.3866409063339233,-55.647098541259766,89.07061004638672,-1.3866409063339233,-55.647090911865234,89.07061004638672,1.3866409063339233,-55.647090911865234,89.07061004638672,Go,Stepping
1780509976.4488823,22012.435481358,-1.3866409063339233,-55.647098541259766,89.07061004638672,1.3866409063339233,-55.647098541259766,89.07061004638672,-1.3866409063339233,-55.647090911865234,89.07061004638672,1.3866409063339233,-55.647090911865234,89.07061004638672,Go,Stepping
1780509976.4689417,22012.455861712,-1.3866409063339233,-55.647098541259766,89.07061004638672,1.3866409063339233,-55.647098541259766,89.07061004638672,-1.3866409063339233,-55.647090911865234,89.07061004638672,1.3866409063339233,-55.647090911865234,89.07061004638672,Go,Stepping
1780509976.4888995,22012.475566443,-1.3866409063339233,-55.647098541259766,89.07061004638672,1.3866409063339233,-55.647098541259766,89.07061004638672,-1.3866409063339233,-55.647090911865234,89.07061004638672,1.3866409063339233,-55.647090911865234,89.07061004638672,Go,Stepping
1780509976.5089343,22012.494879252,-1.3866409063339233,-55.647098541259766,89.07061004638672,1.3866409063339233,-55.647098541259766,89.07061004638672,-1.3866409063339233,-55.647090911865234,89.07061004638672,1.3866409063339233,-55.647090911865234,89.07061004638672,Go,Stepping
1780509976.528854,22012.514559104,-1.3866409063339233,-55.647098541259766,89.07061004638672,1.3866409063339233,-55.647098541259766,89.07061004638672,-1.3866409063339233,-55.647090911865234,89.07061004638672,1.3866409063339233,-55.647090911865234,89.07061004638672,Go,Stepping
1780509976.548904,22012.53486572,-1.3866409063339233,-55.647098541259766,89.07061004638672,1.3866409063339233,-55.647098541259766,89.07061004638672,-1.3866409063339233,-55.647090911865234,89.07061004638672,1.3866409063339233,-55.647090911865234,89.07061004638672,Go,Stepping
1780509976.568881,22012.555512448,-1.3866409063339233,-55.647098541259766,89.07061004638672,1.3866409063339233,-55.647098541259766,89.07061004638672,-1.3866409063339233,-55.647090911865234,89.07061004638672,1.3866409063339233,-55.647090911865234,89.07061004638672,Go,Stepping
1780509976.5888793,22012.576249593,-1.3866409063339233,-55.647098541259766,89.07061004638672,1.3866409063339233,-55.647098541259766,89.07061004638672,-1.3866409063339233,-55.647090911865234,89.07061004638672,1.3866409063339233,-55.647090911865234,89.07061004638672,Go,Stepping
1780509976.6088758,22012.597969089,-1.3866409063339233,-55.647098541259766,89.07061004638672,1.3866409063339233,-55.647098541259766,89.07061004638672,-1.3866409063339233,-55.647090911865234,89.07061004638672,1.3866409063339233,-55.647090911865234,89.07061004638672,Go,Stepping
1780509976.6288621,22012.615256041,-1.3866409063339233,-55.647098541259766,89.07061004638672,1.3866409063339233,-55.647098541259766,89.07061004638672,-1.3866409063339233,-55.647090911865234,89.07061004638672,1.3866409063339233,-55.647090911865234,89.07061004638672,Go,Stepping
1780509976.6488557,22012.635108077,-1.3866409063339233,-55.647098541259766,89.07061004638672,1.3866409063339233,-55.647098541259766,89.07061004638672,-1.3866409063339233,-55.647090911865234,89.07061004638672,1.3866409063339233,-55.647090911865234,89.07061004638672,Go,Stepping
1780509976.6688557,22012.654751694,-1.3866409063339233,-55.647098541259766,89.07061004638672,1.3866409063339233,-55.647098541259766,89.07061004638672,-1.3866409063339233,-55.647090911865234,89.07061004638672,1.3866409063339233,-55.647090911865234,89.07061004638672,Go,Stepping
1780509976.6888692,22012.675426418,-1.3866409063339233,-55.647098541259766,89.07061004638672,1.3866409063339233,-55.647098541259766,89.07061004638672,-1.3866409063339233,-55.647090911865234,89.07061004638672,1.3866409063339233,-55.647090911865234,89.07061004638672,Go,Stepping
1780509976.7088628,22012.6969616,-1.3866409063339233,-55.647098541259766,89.07061004638672,1.3866409063339233,-55.647098541259766,89.07061004638672,-1.3866409063339233,-55.647090911865234,89.07061004638672,1.3866409063339233,-55.647090911865234,89.07061004638672,Go,Stepping
1780509976.7288637,22012.715017429,-1.3866409063339233,-55.647098541259766,89.07061004638672,1.3866409063339233,-55.647098541259766,89.07061004638672,-1.3866409063339233,-55.647090911865234,89.07061004638672,1.3866409063339233,-55.647090911865234,89.07061004638672,Go,Stepping
1780509976.7488608,22012.737489378,-1.3866409063339233,-55.647098541259766,89.07061004638672,1.3866409063339233,-55.647098541259766,89.07061004638672,-1.3866409063339233,-55.647090911865234,89.07061004638672,1.3866409063339233,-55.647090911865234,89.07061004638672,Go,Stepping
1780509976.7688658,22012.758306376,-1.3866409063339233,-55.647098541259766,89.07061004638672,1.3866409063339233,-55.647098541259766,89.07061004638672,-1.3866409063339233,-55.647090911865234,89.07061004638672,1.3866409063339233,-55.647090911865234,89.07061004638672,Go,Stepping
1780509976.788952,22012.775749371,-1.3866409063339233,-55.647098541259766,89.07061004638672,1.3866409063339233,-55.647098541259766,89.07061004638672,-1.3866409063339233,-55.647090911865234,89.07061004638672,1.3866409063339233,-55.647090911865234,89.07061004638672,Go,Stepping
1780509976.8088639,22012.796323377,-1.3866409063339233,-55.647098541259766,89.07061004638672,1.3866409063339233,-55.647098541259766,89.07061004638672,-1.3866409063339233,-55.647090911865234,89.07061004638672,1.3866409063339233,-55.647090911865234,89.07061004638672,Go,Stepping
1780509976.828876,22012.815471049,-1.3866409063339233,-55.647098541259766,89.07061004638672,1.3866409063339233,-55.647098541259766,89.07061004638672,-1.3866409063339233,-55.647090911865234,89.07061004638672,1.3866409063339233,-55.647090911865234,89.07061004638672,Go,Stepping
1780509976.8488622,22012.835109073,-1.3866409063339233,-55.647098541259766,89.07061004638672,1.3866409063339233,-55.647098541259766,89.07061004638672,-1.3866409063339233,-55.647090911865234,89.07061004638672,1.3866409063339233,-55.647090911865234,89.07061004638672,Go,Stepping
1780509976.868858,22012.854648169,-1.3866409063339233,-55.647098541259766,89.07061004638672,1.3866409063339233,-55.647098541259766,89.07061004638672,-1.3866409063339233,-55.647090911865234,89.07061004638672,1.3866409063339233,-55.647090911865234,89.07061004638672,Go,Stepping
1780509976.8888578,22012.875328854,-1.3866409063339233,-55.647098541259766,89.07061004638672,1.3866409063339233,-55.647098541259766,89.07061004638672,-1.3866409063339233,-55.647090911865234,89.07061004638672,1.3866409063339233,-55.647090911865234,89.07061004638672,Go,Stepping
1780509976.9088624,22012.895098809,-1.3866409063339233,-55.647098541259766,89.07061004638672,1.3866409063339233,-55.647098541259766,89.07061004638672,-1.3866409063339233,-55.647090911865234,89.07061004638672,1.3866409063339233,-55.647090911865234,89.07061004638672,Go,Stepping
1780509976.928864,22012.914874242,-1.3866409063339233,-55.647098541259766,89.07061004638672,1.3866409063339233,-55.647098541259766,89.07061004638672,-1.3866409063339233,-55.647090911865234,89.07061004638672,1.3866409063339233,-55.647090911865234,89.07061004638672,Go,Stepping
1780509976.948862,22012.935208716,-1.3866409063339233,-55.647098541259766,89.07061004638672,1.3866409063339233,-55.647098541259766,89.07061004638672,-1.3866409063339233,-55.647090911865234,89.07061004638672,1.3866409063339233,-55.647090911865234,89.07061004638672,Go,Stepping
1780509976.96886,22012.954977493,-1.3866409063339233,-55.647098541259766,89.07061004638672,1.3866409063339233,-55.647098541259766,89.07061004638672,-1.3866409063339233,-55.647090911865234,89.07061004638672,1.3866409063339233,-55.647090911865234,89.07061004638672,Go,Stepping
1780509976.9888604,22012.975260777,-1.3866409063339233,-55.647098541259766,89.07061004638672,1.3866409063339233,-55.647098541259766,89.07061004638672,-1.3866409063339233,-55.647090911865234,89.07061004638672,1.3866409063339233,-55.647090911865234,89.07061004638672,Go,Stepping
1780509977.009001,22012.995769489,-1.3866409063339233,-55.647098541259766,89.07061004638672,1.3866409063339233,-55.647098541259766,89.07061004638672,-1.3866409063339233,-55.647090911865234,89.07061004638672,1.3866409063339233,-55.647090911865234,89.07061004638672,Go,Stepping
1780509977.0288765,22013.015512315,-1.3866409063339233,-55.647098541259766,89.07061004638672,1.3866409063339233,-55.647098541259766,89.07061004638672,-1.3866409063339233,-55.647090911865234,89.07061004638672,1.3866409063339233,-55.647090911865234,89.07061004638672,Go,Stepping
1780509977.0489056,22013.035524281,-1.3866409063339233,-55.647098541259766,89.07061004638672,1.3866409063339233,-55.647098541259766,89.07061004638672,-1.3866409063339233,-55.647090911865234,89.07061004638672,1.3866409063339233,-55.647090911865234,89.07061004638672,Go,Stepping
1780509977.0690355,22013.055278152,-1.3866409063339233,-55.647098541259766,89.07061004638672,1.3866409063339233,-55.647098541259766,89.07061004638672,-1.3866409063339233,-55.647090911865234,89.07061004638672,1.3866409063339233,-55.647090911865234,89.07061004638672,Go,Stepping
1780509977.088881,22013.074704626,-1.3866409063339233,-55.647098541259766,89.07061004638672,1.3866409063339233,-55.647098541259766,89.07061004638672,-1.3866409063339233,-55.647090911865234,89.07061004638672,1.3866409063339233,-55.647090911865234,89.07061004638672,Go,Stepping
1780509977.1088824,22013.094754517,-1.3866409063339233,-55.647098541259766,89.07061004638672,1.3866409063339233,-55.647098541259766,89.07061004638672,-1.3866409063339233,-55.647090911865234,89.07061004638672,1.3866409063339233,-55.647090911865234,89.07061004638672,Go,Stepping
1780509977.128867,22013.115649181,-1.3866409063339233,-55.647098541259766,89.07061004638672,1.3866409063339233,-55.647098541259766,89.07061004638672,-1.3866409063339233,-55.647090911865234,89.07061004638672,1.3866409063339233,-55.647090911865234,89.07061004638672,Go,Stepping
1780509977.1489627,22013.134715265,-1.3866409063339233,-55.647098541259766,89.07061004638672,1.3866409063339233,-55.647098541259766,89.07061004638672,-1.3866409063339233,-55.647090911865234,89.07061004638672,1.3866409063339233,-55.647090911865234,89.07061004638672,Go,Stepping
1780509977.1688972,22013.155927921,-1.3866409063339233,-55.647098541259766,89.07061004638672,1.3866409063339233,-55.647098541259766,89.07061004638672,-1.3866409063339233,-55.647090911865234,89.07061004638672,1.3866409063339233,-55.647090911865234,89.07061004638672,Go,Stepping
1780509977.1889153,22013.175110738,-1.3866409063339233,-55.647098541259766,89.07061004638672,1.3866409063339233,-55.647098541259766,89.07061004638672,-1.3866409063339233,-55.647090911865234,89.07061004638672,1.3866409063339233,-55.647090911865234,89.07061004638672,Go,Stepping
1780509977.2088947,22013.194996312,-1.3866409063339233,-55.647098541259766,89.07061004638672,1.3866409063339233,-55.647098541259766,89.07061004638672,-1.3866409063339233,-55.647090911865234,89.07061004638672,1.3866409063339233,-55.647090911865234,89.07061004638672,Go,Stepping
1780509977.2288997,22013.215754286,-1.3866409063339233,-55.647098541259766,89.07061004638672,1.3866409063339233,-55.647098541259766,89.07061004638672,-1.3866409063339233,-55.647090911865234,89.07061004638672,1.3866409063339233,-55.647090911865234,89.07061004638672,Go,Stepping
1780509977.2488253,22013.235615636,-1.3866409063339233,-55.647098541259766,89.07061004638672,1.3866409063339233,-55.647098541259766,89.07061004638672,-1.3866409063339233,-55.647090911865234,89.07061004638672,1.3866409063339233,-55.647090911865234,89.07061004638672,Go,Stepping
1780509977.2689013,22013.255071849,-1.3866409063339233,-55.647098541259766,89.07061004638672,1.3866409063339233,-55.647098541259766,89.07061004638672,-1.3866409063339233,-55.647090911865234,89.07061004638672,1.3866409063339233,-55.647090911865234,89.07061004638672,Go,Stepping
1780509977.2888882,22013.274686174,-1.3866409063339233,-55.647098541259766,89.07061004638672,1.3866409063339233,-55.647098541259766,89.07061004638672,-1.3866409063339233,-55.647090911865234,89.07061004638672,1.3866409063339233,-55.647090911865234,89.07061004638672,Go,Stepping
1780509977.3088734,22013.295041928,-1.3866409063339233,-55.647098541259766,89.07061004638672,1.3866409063339233,-55.647098541259766,89.07061004638672,-1.3866409063339233,-55.647090911865234,89.07061004638672,1.3866409063339233,-55.647090911865234,89.07061004638672,Go,Stepping
1780509977.328881,22013.315573884,-1.3866409063339233,-55.647098541259766,89.07061004638672,1.3866409063339233,-55.647098541259766,89.07061004638672,-1.3866409063339233,-55.647090911865234,89.07061004638672,1.3866409063339233,-55.647090911865234,89.07061004638672,Go,Stepping
1780509977.3488743,22013.335013081,-1.3866409063339233,-55.647098541259766,89.07061004638672,1.3866409063339233,-55.647098541259766,89.07061004638672,-1.3866409063339233,-55.647090911865234,89.07061004638672,1.3866409063339233,-55.647090911865234,89.07061004638672,Go,Stepping
1780509977.3688242,22013.354759681,-1.3866409063339233,-55.647098541259766,89.07061004638672,1.3866409063339233,-55.647098541259766,89.07061004638672,-1.3866409063339233,-55.647090911865234,89.07061004638672,1.3866409063339233,-55.647090911865234,89.07061004638672,Go,Stepping
1780509977.3888726,22013.375145063,-1.3866409063339233,-55.647098541259766,89.07061004638672,1.3866409063339233,-55.647098541259766,89.07061004638672,-1.3866409063339233,-55.647090911865234,89.07061004638672,1.3866409063339233,-55.647090911865234,89.07061004638672,Go,Stepping
1780509977.4088964,22013.394851586,-1.3866409063339233,-55.647098541259766,89.07061004638672,1.3866409063339233,-55.647098541259766,89.07061004638672,-1.3866409063339233,-55.647090911865234,89.07061004638672,1.3866409063339233,-55.647090911865234,89.07061004638672,Go,Stepping
1780509977.4288828,22013.415050898,-1.3866409063339233,-55.647098541259766,89.07061004638672,1.3866409063339233,-55.647098541259766,89.07061004638672,-1.3866409063339233,-55.647090911865234,89.07061004638672,1.3866409063339233,-55.647090911865234,89.07061004638672,Go,Stepping
1780509977.4488783,22013.434664949,-1.3866409063339233,-55.647098541259766,89.07061004638672,1.3866409063339233,-55.647098541259766,89.07061004638672,-1.3866409063339233,-55.647090911865234,89.07061004638672,1.3866409063339233,-55.647090911865234,89.07061004638672,Go,Stepping
1780509977.468882,22013.455287932,-1.3866409063339233,-55.647098541259766,89.07061004638672,1.3866409063339233,-55.647098541259766,89.07061004638672,-1.3866409063339233,-55.647090911865234,89.07061004638672,1.3866409063339233,-55.647090911865234,89.07061004638672,Go,Stepping
1780509977.4888775,22013.4749093,-1.3866409063339233,-55.647098541259766,89.07061004638672,1.3866409063339233,-55.647098541259766,89.07061004638672,-1.3866409063339233,-55.647090911865234,89.07061004638672,1.3866409063339233,-55.647090911865234,89.07061004638672,Go,Stepping
1780509977.5088902,22013.494764139,-1.3866409063339233,-55.647098541259766,89.07061004638672,1.3866409063339233,-55.647098541259766,89.07061004638672,-1.3866409063339233,-55.647090911865234,89.07061004638672,1.3866409063339233,-55.647090911865234,89.07061004638672,Go,Stepping
1780509977.5288835,22013.516527298,-1.3866409063339233,-55.647098541259766,89.07061004638672,1.3866409063339233,-55.647098541259766,89.07061004638672,-1.3866409063339233,-55.647090911865234,89.07061004638672,1.3866409063339233,-55.647090911865234,89.07061004638672,Go,Stepping
1780509977.5488856,22013.534671604,-1.3866409063339233,-55.647098541259766,89.07061004638672,1.3866409063339233,-55.647098541259766,89.07061004638672,-1.3866409063339233,-55.647090911865234,89.07061004638672,1.3866409063339233,-55.647090911865234,89.07061004638672,Go,Stepping
1780509977.568911,22013.554694612,-1.3866409063339233,-55.647098541259766,89.07061004638672,1.3866409063339233,-55.647098541259766,89.07061004638672,-1.3866409063339233,-55.647090911865234,89.07061004638672,1.3866409063339233,-55.647090911865234,89.07061004638672,Go,Stepping
1780509977.5889611,22013.574918198,-1.3866409063339233,-55.647098541259766,89.07061004638672,1.3866409063339233,-55.647098541259766,89.07061004638672,-1.3866409063339233,-55.647090911865234,89.07061004638672,1.3866409063339233,-55.647090911865234,89.07061004638672,Go,Stepping
1780509977.6089056,22013.594704891,-1.3866409063339233,-55.647098541259766,89.07061004638672,1.3866409063339233,-55.647098541259766,89.07061004638672,-1.3866409063339233,-55.647090911865234,89.07061004638672,1.3866409063339233,-55.647090911865234,89.07061004638672,Go,Stepping
1780509977.6289344,22013.614946949,-1.3866409063339233,-55.647098541259766,89.07061004638672,1.3866409063339233,-55.647098541259766,89.07061004638672,-1.3866409063339233,-55.647090911865234,89.07061004638672,1.3866409063339233,-55.647090911865234,89.07061004638672,Go,Stepping
1780509977.6489038,22013.634436104,-1.3866409063339233,-55.647098541259766,89.07061004638672,1.3866409063339233,-55.647098541259766,89.07061004638672,-1.3866409063339233,-55.647090911865234,89.07061004638672,1.3866409063339233,-55.647090911865234,89.07061004638672,Go,Stepping
1780509977.6689005,22013.65472366,-1.3866409063339233,-55.647098541259766,89.07061004638672,1.3866409063339233,-55.647098541259766,89.07061004638672,-1.3866409063339233,-55.647090911865234,89.07061004638672,1.3866409063339233,-55.647090911865234,89.07061004638672,Go,Stepping
1780509977.688897,22013.674911324,-1.3866409063339233,-55.647098541259766,89.07061004638672,1.3866409063339233,-55.647098541259766,89.07061004638672,-1.3866409063339233,-55.647090911865234,89.07061004638672,1.3866409063339233,-55.647090911865234,89.07061004638672,Go,Stepping
1780509977.708902,22013.694972327,-1.3866409063339233,-55.647098541259766,89.07061004638672,1.3866409063339233,-55.647098541259766,89.07061004638672,-1.3866409063339233,-55.647090911865234,89.07061004638672,1.3866409063339233,-55.647090911865234,89.07061004638672,Go,Stepping
1780509977.728883,22013.714867844,-1.3866409063339233,-55.647098541259766,89.07061004638672,1.3866409063339233,-55.647098541259766,89.07061004638672,-1.3866409063339233,-55.647090911865234,89.07061004638672,1.3866409063339233,-55.647090911865234,89.07061004638672,Go,Stepping
1780509977.7488837,22013.734862674,-1.3866409063339233,-55.647098541259766,89.07061004638672,1.3866409063339233,-55.647098541259766,89.07061004638672,-1.3866409063339233,-55.647090911865234,89.07061004638672,1.3866409063339233,-55.647090911865234,89.07061004638672,Go,Stepping
1780509977.7688808,22013.755486695,-1.3866409063339233,-55.647098541259766,89.07061004638672,1.3866409063339233,-55.647098541259766,89.07061004638672,-1.3866409063339233,-55.647090911865234,89.07061004638672,1.3866409063339233,-55.647090911865234,89.07061004638672,Go,Stepping
1780509977.788889,22013.775014215,-1.3866409063339233,-55.647098541259766,89.07061004638672,1.3866409063339233,-55.647098541259766,89.07061004638672,-1.3866409063339233,-55.647090911865234,89.07061004638672,1.3866409063339233,-55.647090911865234,89.07061004638672,Go,Stepping
1780509977.8088946,22013.794638164,-1.3866409063339233,-55.647098541259766,89.07061004638672,1.3866409063339233,-55.647098541259766,89.07061004638672,-1.3866409063339233,-55.647090911865234,89.07061004638672,1.3866409063339233,-55.647090911865234,89.07061004638672,Go,Stepping
1780509977.8288894,22013.814911122,-1.3866409063339233,-55.647098541259766,89.07061004638672,1.3866409063339233,-55.647098541259766,89.07061004638672,-1.3866409063339233,-55.647090911865234,89.07061004638672,1.3866409063339233,-55.647090911865234,89.07061004638672,Go,Stepping
1780509977.848887,22013.835025846,-1.3866409063339233,-55.647098541259766,89.07061004638672,1.3866409063339233,-55.647098541259766,89.07061004638672,-1.3866409063339233,-55.647090911865234,89.07061004638672,1.3866409063339233,-55.647090911865234,89.07061004638672,Go,Stepping
1780509977.8688889,22013.855981487,-1.3866409063339233,-55.647098541259766,89.07061004638672,1.3866409063339233,-55.647098541259766,89.07061004638672,-1.3866409063339233,-55.647090911865234,89.07061004638672,1.3866409063339233,-55.647090911865234,89.07061004638672,Go,Stepping
1780509977.8888862,22013.875557675,-1.3866409063339233,-55.647098541259766,89.07061004638672,1.3866409063339233,-55.647098541259766,89.07061004638672,-1.3866409063339233,-55.647090911865234,89.07061004638672,1.3866409063339233,-55.647090911865234,89.07061004638672,Go,Stepping
1780509977.9088023,22013.896933355,-1.3866409063339233,-55.647098541259766,89.07061004638672,1.3866409063339233,-55.647098541259766,89.07061004638672,-1.3866409063339233,-55.647090911865234,89.07061004638672,1.3866409063339233,-55.647090911865234,89.07061004638672,Go,Stepping
1780509977.9288902,22013.915726684,-1.3866409063339233,-55.647098541259766,89.07061004638672,1.3866409063339233,-55.647098541259766,89.07061004638672,-1.3866409063339233,-55.647090911865234,89.07061004638672,1.3866409063339233,-55.647090911865234,89.07061004638672,Go,Stepping
1780509977.94889,22013.935621313,-1.3866409063339233,-55.647098541259766,89.07061004638672,1.3866409063339233,-55.647098541259766,89.07061004638672,-1.3866409063339233,-55.647090911865234,89.07061004638672,1.3866409063339233,-55.647090911865234,89.07061004638672,Go,Stepping
1780509977.9688926,22013.954787716,-1.3866409063339233,-55.647098541259766,89.07061004638672,1.3866409063339233,-55.647098541259766,89.07061004638672,-1.3866409063339233,-55.647090911865234,89.07061004638672,1.3866409063339233,-55.647090911865234,89.07061004638672,Go,Stepping
1780509977.9889028,22013.974977978,-1.3866409063339233,-55.647098541259766,89.07061004638672,1.3866409063339233,-55.647098541259766,89.07061004638672,-1.3866409063339233,-55.647090911865234,89.07061004638672,1.3866409063339233,-55.647090911865234,89.07061004638672,Go,Stepping
1780509978.008899,22013.99515846,-1.3866409063339233,-55.647098541259766,89.07061004638672,1.3866409063339233,-55.647098541259766,89.07061004638672,-1.3866409063339233,-55.647090911865234,89.07061004638672,1.3866409063339233,-55.647090911865234,89.07061004638672,Go,Stepping
1780509978.0288975,22014.015327945,-1.3866409063339233,-55.647098541259766,89.07061004638672,1.3866409063339233,-55.647098541259766,89.07061004638672,-1.3866409063339233,-55.647090911865234,89.07061004638672,1.3866409063339233,-55.647090911865234,89.07061004638672,Go,Stepping
1780509978.048889,22014.035335354,-1.3866409063339233,-55.647098541259766,89.07061004638672,1.3866409063339233,-55.647098541259766,89.07061004638672,-1.3866409063339233,-55.647090911865234,89.07061004638672,1.3866409063339233,-55.647090911865234,89.07061004638672,Go,Stepping
1780509978.0689242,22014.054857226,-1.3866409063339233,-55.647098541259766,89.07061004638672,1.3866409063339233,-55.647098541259766,89.07061004638672,-1.3866409063339233,-55.647090911865234,89.07061004638672,1.3866409063339233,-55.647090911865234,89.07061004638672,Go,Stepping
1780509978.0889325,22014.075078052,-1.3866409063339233,-55.647098541259766,89.07061004638672,1.3866409063339233,-55.647098541259766,89.07061004638672,-1.3866409063339233,-55.647090911865234,89.07061004638672,1.3866409063339233,-55.647090911865234,89.07061004638672,Go,Stepping
1780509978.1089203,22014.094593814,-1.3866409063339233,-55.647098541259766,89.07061004638672,1.3866409063339233,-55.647098541259766,89.07061004638672,-1.3866409063339233,-55.647090911865234,89.07061004638672,1.3866409063339233,-55.647090911865234,89.07061004638672,Go,Stepping
1780509978.1289053,22014.115132177,-1.3866409063339233,-55.647098541259766,89.07061004638672,1.3866409063339233,-55.647098541259766,89.07061004638672,-1.3866409063339233,-55.647090911865234,89.07061004638672,1.3866409063339233,-55.647090911865234,89.07061004638672,Go,Stepping
1780509978.1489737,22014.135012965,-1.3866409063339233,-55.647098541259766,89.07061004638672,1.3866409063339233,-55.647098541259766,89.07061004638672,-1.3866409063339233,-55.647090911865234,89.07061004638672,1.3866409063339233,-55.647090911865234,89.07061004638672,Go,Stepping
1780509978.1689107,22014.154878024,-1.3866409063339233,-55.647098541259766,89.07061004638672,1.3866409063339233,-55.647098541259766,89.07061004638672,-1.3866409063339233,-55.647090911865234,89.07061004638672,1.3866409063339233,-55.647090911865234,89.07061004638672,Go,Stepping
1780509978.1889043,22014.17482262,-1.3866409063339233,-55.647098541259766,89.07061004638672,1.3866409063339233,-55.647098541259766,89.07061004638672,-1.3866409063339233,-55.647090911865234,89.07061004638672,1.3866409063339233,-55.647090911865234,89.07061004638672,Go,Stepping
1780509978.2089121,22014.195154444,-1.3866409063339233,-55.647098541259766,89.07061004638672,1.3866409063339233,-55.647098541259766,89.07061004638672,-1.3866409063339233,-55.647090911865234,89.07061004638672,1.3866409063339233,-55.647090911865234,89.07061004638672,Go,Stepping
1780509978.2290452,22014.215933039,-1.3866409063339233,-55.647098541259766,89.07061004638672,1.3866409063339233,-55.647098541259766,89.07061004638672,-1.3866409063339233,-55.647090911865234,89.07061004638672,1.3866409063339233,-55.647090911865234,89.07061004638672,Go,Stepping
1780509978.2489197,22014.236269242,-1.3866409063339233,-55.647098541259766,89.07061004638672,1.3866409063339233,-55.647098541259766,89.07061004638672,-1.3866409063339233,-55.647090911865234,89.07061004638672,1.3866409063339233,-55.647090911865234,89.07061004638672,Go,Stepping
1780509978.268894,22014.25618389,-1.3866409063339233,-55.647098541259766,89.07061004638672,1.3866409063339233,-55.647098541259766,89.07061004638672,-1.3866409063339233,-55.647090911865234,89.07061004638672,1.3866409063339233,-55.647090911865234,89.07061004638672,Go,Stepping
1780509978.2889054,22014.275498207,-1.3866409063339233,-55.647098541259766,89.07061004638672,1.3866409063339233,-55.647098541259766,89.07061004638672,-1.3866409063339233,-55.647090911865234,89.07061004638672,1.3866409063339233,-55.647090911865234,89.07061004638672,Go,Stepping
1780509978.3088984,22014.294737184,-1.3866409063339233,-55.647098541259766,89.07061004638672,1.3866409063339233,-55.647098541259766,89.07061004638672,-1.3866409063339233,-55.647090911865234,89.07061004638672,1.3866409063339233,-55.647090911865234,89.07061004638672,Go,Stepping
1780509978.328887,22014.314708826,-1.3866409063339233,-55.647098541259766,89.07061004638672,1.3866409063339233,-55.647098541259766,89.07061004638672,-1.3866409063339233,-55.647090911865234,89.07061004638672,1.3866409063339233,-55.647090911865234,89.07061004638672,Go,Stepping
1780509978.3489056,22014.335079137,-1.3866409063339233,-55.647098541259766,89.07061004638672,1.3866409063339233,-55.647098541259766,89.07061004638672,-1.3866409063339233,-55.647090911865234,89.07061004638672,1.3866409063339233,-55.647090911865234,89.07061004638672,Go,Stepping
1780509978.3689098,22014.355022918,-1.3866409063339233,-55.647098541259766,89.07061004638672,1.3866409063339233,-55.647098541259766,89.07061004638672,-1.3866409063339233,-55.647090911865234,89.07061004638672,1.3866409063339233,-55.647090911865234,89.07061004638672,Go,Stepping
1780509978.3888495,22014.374584798,-1.3866409063339233,-55.647098541259766,89.07061004638672,1.3866409063339233,-55.647098541259766,89.07061004638672,-1.3866409063339233,-55.647090911865234,89.07061004638672,1.3866409063339233,-55.647090911865234,89.07061004638672,Go,Stepping
1780509978.408894,22014.395078589,-1.3866409063339233,-55.647098541259766,89.07061004638672,1.3866409063339233,-55.647098541259766,89.07061004638672,-1.3866409063339233,-55.647090911865234,89.07061004638672,1.3866409063339233,-55.647090911865234,89.07061004638672,Go,Stepping
1780509978.428904,22014.415567297,-1.3866409063339233,-55.647098541259766,89.07061004638672,1.3866409063339233,-55.647098541259766,89.07061004638672,-1.3866409063339233,-55.647090911865234,89.07061004638672,1.3866409063339233,-55.647090911865234,89.07061004638672,Go,Stepping
1780509978.4488893,22014.438405809,-1.3866409063339233,-55.647098541259766,89.07061004638672,1.3866409063339233,-55.647098541259766,89.07061004638672,-1.3866409063339233,-55.647090911865234,89.07061004638672,1.3866409063339233,-55.647090911865234,89.07061004638672,Go,Stepping
1780509978.468901,22014.456031895,-1.3866409063339233,-55.647098541259766,89.07061004638672,1.3866409063339233,-55.647098541259766,89.07061004638672,-1.3866409063339233,-55.647090911865234,89.07061004638672,1.3866409063339233,-55.647090911865234,89.07061004638672,Go,Stepping
1780509978.4889305,22014.476024235,-1.3866409063339233,-55.647098541259766,89.07061004638672,1.3866409063339233,-55.647098541259766,89.07061004638672,-1.3866409063339233,-55.647090911865234,89.07061004638672,1.3866409063339233,-55.647090911865234,89.07061004638672,Go,Stepping
1780509978.508875,22014.494947176,-1.3866409063339233,-55.647098541259766,89.07061004638672,1.3866409063339233,-55.647098541259766,89.07061004638672,-1.3866409063339233,-55.647090911865234,89.07061004638672,1.3866409063339233,-55.647090911865234,89.07061004638672,Go,Stepping
1780509978.5289292,22014.515228815,-1.3866409063339233,-55.647098541259766,89.07061004638672,1.3866409063339233,-55.647098541259766,89.07061004638672,-1.3866409063339233,-55.647090911865234,89.07061004638672,1.3866409063339233,-55.647090911865234,89.07061004638672,Go,Stepping
1780509978.5489075,22014.535467559,-1.3866409063339233,-55.647098541259766,89.07061004638672,1.3866409063339233,-55.647098541259766,89.07061004638672,-1.3866409063339233,-55.647090911865234,89.07061004638672,1.3866409063339233,-55.647090911865234,89.07061004638672,Go,Stepping
1780509978.5688565,22014.554936483,-1.3866409063339233,-55.647098541259766,89.07061004638672,1.3866409063339233,-55.647098541259766,89.07061004638672,-1.3866409063339233,-55.647090911865234,89.07061004638672,1.3866409063339233,-55.647090911865234,89.07061004638672,Go,Stepping
1780509978.5888925,22014.574766787,-1.3866409063339233,-55.647098541259766,89.07061004638672,1.3866409063339233,-55.647098541259766,89.07061004638672,-1.3866409063339233,-55.647090911865234,89.07061004638672,1.3866409063339233,-55.647090911865234,89.07061004638672,Go,Stepping
1780509978.6089082,22014.594941266,-1.3866409063339233,-55.647098541259766,89.07061004638672,1.3866409063339233,-55.647098541259766,89.07061004638672,-1.3866409063339233,-55.647090911865234,89.07061004638672,1.3866409063339233,-55.647090911865234,89.07061004638672,Go,Stepping
1780509978.628893,22014.614859236,-1.3866409063339233,-55.647098541259766,89.07061004638672,1.3866409063339233,-55.647098541259766,89.07061004638672,-1.3866409063339233,-55.647090911865234,89.07061004638672,1.3866409063339233,-55.647090911865234,89.07061004638672,Go,Stepping
1780509978.6489239,22014.635777122,-1.3866409063339233,-55.647098541259766,89.07061004638672,1.3866409063339233,-55.647098541259766,89.07061004638672,-1.3866409063339233,-55.647090911865234,89.07061004638672,1.3866409063339233,-55.647090911865234,89.07061004638672,Go,Stepping
1780509978.6689265,22014.655777223,-1.3866409063339233,-55.647098541259766,89.07061004638672,1.3866409063339233,-55.647098541259766,89.07061004638672,-1.3866409063339233,-55.647090911865234,89.07061004638672,1.3866409063339233,-55.647090911865234,89.07061004638672,Go,Stepping
1780509978.6888998,22014.675365027,-1.3866409063339233,-55.647098541259766,89.07061004638672,1.3866409063339233,-55.647098541259766,89.07061004638672,-1.3866409063339233,-55.647090911865234,89.07061004638672,1.3866409063339233,-55.647090911865234,89.07061004638672,Go,Stepping
1780509978.708965,22014.695193317,-1.3866409063339233,-55.647098541259766,89.07061004638672,1.3866409063339233,-55.647098541259766,89.07061004638672,-1.3866409063339233,-55.647090911865234,89.07061004638672,1.3866409063339233,-55.647090911865234,89.07061004638672,Go,Stepping
1780509978.7289553,22014.714746507,-1.3866409063339233,-55.647098541259766,89.07061004638672,1.3866409063339233,-55.647098541259766,89.07061004638672,-1.3866409063339233,-55.647090911865234,89.07061004638672,1.3866409063339233,-55.647090911865234,89.07061004638672,Go,Stepping
1780509978.7489233,22014.734728804,-1.3866409063339233,-55.647098541259766,89.07061004638672,1.3866409063339233,-55.647098541259766,89.07061004638672,-1.3866409063339233,-55.647090911865234,89.07061004638672,1.3866409063339233,-55.647090911865234,89.07061004638672,Go,Stepping
1780509978.7689197,22014.754839902,-1.3866409063339233,-55.647098541259766,89.07061004638672,1.3866409063339233,-55.647098541259766,89.07061004638672,-1.3866409063339233,-55.647090911865234,89.07061004638672,1.3866409063339233,-55.647090911865234,89.07061004638672,Go,Stepping
1780509978.7889411,22014.775443145,-1.3866409063339233,-55.647098541259766,89.07061004638672,1.3866409063339233,-55.647098541259766,89.07061004638672,-1.3866409063339233,-55.647090911865234,89.07061004638672,1.3866409063339233,-55.647090911865234,89.07061004638672,Go,Stepping
1780509978.8089716,22014.794967659,-1.3866409063339233,-55.647098541259766,89.07061004638672,1.3866409063339233,-55.647098541259766,89.07061004638672,-1.3866409063339233,-55.647090911865234,89.07061004638672,1.3866409063339233,-55.647090911865234,89.07061004638672,Go,Stepping
1780509978.8289175,22014.814894181,-1.3866409063339233,-55.647098541259766,89.07061004638672,1.3866409063339233,-55.647098541259766,89.07061004638672,-1.3866409063339233,-55.647090911865234,89.07061004638672,1.3866409063339233,-55.647090911865234,89.07061004638672,Go,Stepping
1780509978.848927,22014.834716116,-1.3866409063339233,-55.647098541259766,89.07061004638672,1.3866409063339233,-55.647098541259766,89.07061004638672,-1.3866409063339233,-55.647090911865234,89.07061004638672,1.3866409063339233,-55.647090911865234,89.07061004638672,Go,Stepping
1780509978.8689237,22014.855100491,-1.3866409063339233,-55.647098541259766,89.07061004638672,1.3866409063339233,-55.647098541259766,89.07061004638672,-1.3866409063339233,-55.647090911865234,89.07061004638672,1.3866409063339233,-55.647090911865234,89.07061004638672,Go,Stepping
1780509978.8889172,22014.875786241,-1.3866409063339233,-55.647098541259766,89.07061004638672,1.3866409063339233,-55.647098541259766,89.07061004638672,-1.3866409063339233,-55.647090911865234,89.07061004638672,1.3866409063339233,-55.647090911865234,89.07061004638672,Go,Stepping
1780509978.9089203,22014.89553777,-1.3866409063339233,-55.647098541259766,89.07061004638672,1.3866409063339233,-55.647098541259766,89.07061004638672,-1.3866409063339233,-55.647090911865234,89.07061004638672,1.3866409063339233,-55.647090911865234,89.07061004638672,Go,Stepping
1780509978.928902,22014.914912503,-1.3866409063339233,-55.647098541259766,89.07061004638672,1.3866409063339233,-55.647098541259766,89.07061004638672,-1.3866409063339233,-55.647090911865234,89.07061004638672,1.3866409063339233,-55.647090911865234,89.07061004638672,Go,Stepping
1780509978.9489098,22014.934674783,-1.3866409063339233,-55.647098541259766,89.07061004638672,1.3866409063339233,-55.647098541259766,89.07061004638672,-1.3866409063339233,-55.647090911865234,89.07061004638672,1.3866409063339233,-55.647090911865234,89.07061004638672,Go,Stepping
1780509978.968899,22014.954781132,-1.3866409063339233,-55.647098541259766,89.07061004638672,1.3866409063339233,-55.647098541259766,89.07061004638672,-1.3866409063339233,-55.647090911865234,89.07061004638672,1.3866409063339233,-55.647090911865234,89.07061004638672,Go,Stepping
1780509978.988916,22014.974859314,-1.3866409063339233,-55.647098541259766,89.07061004638672,1.3866409063339233,-55.647098541259766,89.07061004638672,-1.3866409063339233,-55.647090911865234,89.07061004638672,1.3866409063339233,-55.647090911865234,89.07061004638672,Go,Stepping
1780509979.0088987,22014.995792943,-1.3866409063339233,-55.647098541259766,89.07061004638672,1.3866409063339233,-55.647098541259766,89.07061004638672,-1.3866409063339233,-55.647090911865234,89.07061004638672,1.3866409063339233,-55.647090911865234,89.07061004638672,Go,Stepping
1780509979.0289173,22015.01581883,-1.3866409063339233,-55.647098541259766,89.07061004638672,1.3866409063339233,-55.647098541259766,89.07061004638672,-1.3866409063339233,-55.647090911865234,89.07061004638672,1.3866409063339233,-55.647090911865234,89.07061004638672,Go,Stepping
1780509979.0488963,22015.034621797,-1.3866409063339233,-55.647098541259766,89.07061004638672,1.3866409063339233,-55.647098541259766,89.07061004638672,-1.3866409063339233,-55.647090911865234,89.07061004638672,1.3866409063339233,-55.647090911865234,89.07061004638672,Go,Stepping
1780509979.0689127,22015.054873358,-1.3866409063339233,-55.647098541259766,89.07061004638672,1.3866409063339233,-55.647098541259766,89.07061004638672,-1.3866409063339233,-55.647090911865234,89.07061004638672,1.3866409063339233,-55.647090911865234,89.07061004638672,Go,Stepping
1780509979.0888972,22015.075571748,-1.3866409063339233,-55.647098541259766,89.07061004638672,1.3866409063339233,-55.647098541259766,89.07061004638672,-1.3866409063339233,-55.647090911865234,89.07061004638672,1.3866409063339233,-55.647090911865234,89.07061004638672,Go,Stepping
1780509979.108907,22015.095076817,-1.3866409063339233,-55.647098541259766,89.07061004638672,1.3866409063339233,-55.647098541259766,89.07061004638672,-1.3866409063339233,-55.647090911865234,89.07061004638672,1.3866409063339233,-55.647090911865234,89.07061004638672,Go,Stepping
1780509979.1289012,22015.11560568,-1.3866409063339233,-55.647098541259766,89.07061004638672,1.3866409063339233,-55.647098541259766,89.07061004638672,-1.3866409063339233,-55.647090911865234,89.07061004638672,1.3866409063339233,-55.647090911865234,89.07061004638672,Go,Stepping
1780509979.1489005,22015.135416859,-1.3866409063339233,-55.647098541259766,89.07061004638672,1.3866409063339233,-55.647098541259766,89.07061004638672,-1.3866409063339233,-55.647090911865234,89.07061004638672,1.3866409063339233,-55.647090911865234,89.07061004638672,Go,Stepping
1780509979.1689072,22015.155200895,-1.3866409063339233,-55.647098541259766,89.07061004638672,1.3866409063339233,-55.647098541259766,89.07061004638672,-1.3866409063339233,-55.647090911865234,89.07061004638672,1.3866409063339233,-55.647090911865234,89.07061004638672,Go,Stepping
1780509979.1889017,22015.174723355,-1.3866409063339233,-55.647098541259766,89.07061004638672,1.3866409063339233,-55.647098541259766,89.07061004638672,-1.3866409063339233,-55.647090911865234,89.07061004638672,1.3866409063339233,-55.647090911865234,89.07061004638672,Go,Stepping
1780509979.2089078,22015.209845286,-1.3866409063339233,-55.647098541259766,89.07061004638672,1.3866409063339233,-55.647098541259766,89.07061004638672,-1.3866409063339233,-55.647090911865234,89.07061004638672,1.3866409063339233,-55.647090911865234,89.07061004638672,Go,Stepping
1780509979.2289095,22015.215886438,-1.3866409063339233,-55.647098541259766,89.07061004638672,1.3866409063339233,-55.647098541259766,89.07061004638672,-1.3866409063339233,-55.647090911865234,89.07061004638672,1.3866409063339233,-55.647090911865234,89.07061004638672,Go,Stepping
1780509979.248905,22015.235530638,-1.3866409063339233,-55.647098541259766,89.07061004638672,1.3866409063339233,-55.647098541259766,89.07061004638672,-1.3866409063339233,-55.647090911865234,89.07061004638672,1.3866409063339233,-55.647090911865234,89.07061004638672,Go,Stepping
1780509979.268922,22015.25520078,-1.3866409063339233,-55.647098541259766,89.07061004638672,1.3866409063339233,-55.647098541259766,89.07061004638672,-1.3866409063339233,-55.647090911865234,89.07061004638672,1.3866409063339233,-55.647090911865234,89.07061004638672,Go,Stepping
1780509979.2889376,22015.274744224,-1.3866409063339233,-55.647098541259766,89.07061004638672,1.3866409063339233,-55.647098541259766,89.07061004638672,-1.3866409063339233,-55.647090911865234,89.07061004638672,1.3866409063339233,-55.647090911865234,89.07061004638672,Go,Stepping
1780509979.3089542,22015.295067017,-1.3866409063339233,-55.647098541259766,89.07061004638672,1.3866409063339233,-55.647098541259766,89.07061004638672,-1.3866409063339233,-55.647090911865234,89.07061004638672,1.3866409063339233,-55.647090911865234,89.07061004638672,Go,Stepping
1780509979.3289382,22015.314940619,-1.3866409063339233,-55.647098541259766,89.07061004638672,1.3866409063339233,-55.647098541259766,89.07061004638672,-1.3866409063339233,-55.647090911865234,89.07061004638672,1.3866409063339233,-55.647090911865234,89.07061004638672,Go,Stepping
1780509979.3489456,22015.335636173,-1.3866409063339233,-55.647098541259766,89.07061004638672,1.3866409063339233,-55.647098541259766,89.07061004638672,-1.3866409063339233,-55.647090911865234,89.07061004638672,1.3866409063339233,-55.647090911865234,89.07061004638672,Go,Stepping
1780509979.3689394,22015.35488102,-1.3866409063339233,-55.647098541259766,89.07061004638672,1.3866409063339233,-55.647098541259766,89.07061004638672,-1.3866409063339233,-55.647090911865234,89.07061004638672,1.3866409063339233,-55.647090911865234,89.07061004638672,Go,Stepping
1780509979.3889735,22015.374844696,-1.3866409063339233,-55.647098541259766,89.07061004638672,1.3866409063339233,-55.647098541259766,89.07061004638672,-1.3866409063339233,-55.647090911865234,89.07061004638672,1.3866409063339233,-55.647090911865234,89.07061004638672,Go,Stepping
1780509979.408977,22015.395504013,-1.3866409063339233,-55.647098541259766,89.07061004638672,1.3866409063339233,-55.647098541259766,89.07061004638672,-1.3866409063339233,-55.647090911865234,89.07061004638672,1.3866409063339233,-55.647090911865234,89.07061004638672,Go,Stepping
1780509979.4289315,22015.415124759,-1.3866409063339233,-55.647098541259766,89.07061004638672,1.3866409063339233,-55.647098541259766,89.07061004638672,-1.3866409063339233,-55.647090911865234,89.07061004638672,1.3866409063339233,-55.647090911865234,89.07061004638672,Go,Stepping
1780509979.4489162,22015.435766281,-1.3866409063339233,-55.647098541259766,89.07061004638672,1.3866409063339233,-55.647098541259766,89.07061004638672,-1.3866409063339233,-55.647090911865234,89.07061004638672,1.3866409063339233,-55.647090911865234,89.07061004638672,Go,Stepping
1780509979.4689198,22015.455990715,-1.3866409063339233,-55.647098541259766,89.07061004638672,1.3866409063339233,-55.647098541259766,89.07061004638672,-1.3866409063339233,-55.647090911865234,89.07061004638672,1.3866409063339233,-55.647090911865234,89.07061004638672,Go,Stepping
1780509979.4889307,22015.475179821,-1.3866409063339233,-55.647098541259766,89.07061004638672,1.3866409063339233,-55.647098541259766,89.07061004638672,-1.3866409063339233,-55.647090911865234,89.07061004638672,1.3866409063339233,-55.647090911865234,89.07061004638672,Go,Stepping
1780509979.508946,22015.494718041,-1.3866409063339233,-55.647098541259766,89.07061004638672,1.3866409063339233,-55.647098541259766,89.07061004638672,-1.3866409063339233,-55.647090911865234,89.07061004638672,1.3866409063339233,-55.647090911865234,89.07061004638672,Go,Stepping
1780509979.5289338,22015.515236581,-1.3866409063339233,-55.647098541259766,89.07061004638672,1.3866409063339233,-55.647098541259766,89.07061004638672,-1.3866409063339233,-55.647090911865234,89.07061004638672,1.3866409063339233,-55.647090911865234,89.07061004638672,Go,Stepping
1780509979.5489893,22015.535802311,-1.3866409063339233,-55.647098541259766,89.07061004638672,1.3866409063339233,-55.647098541259766,89.07061004638672,-1.3866409063339233,-55.647090911865234,89.07061004638672,1.3866409063339233,-55.647090911865234,89.07061004638672,Go,Stepping
1780509979.5689075,22015.555460329,-1.3866409063339233,-55.647098541259766,89.07061004638672,1.3866409063339233,-55.647098541259766,89.07061004638672,-1.3866409063339233,-55.647090911865234,89.07061004638672,1.3866409063339233,-55.647090911865234,89.07061004638672,Go,Stepping
1780509979.588917,22015.576034189,-1.3866409063339233,-55.647098541259766,89.07061004638672,1.3866409063339233,-55.647098541259766,89.07061004638672,-1.3866409063339233,-55.647090911865234,89.07061004638672,1.3866409063339233,-55.647090911865234,89.07061004638672,Go,Stepping
1780509979.60893,22015.595132303,-1.3866409063339233,-55.647098541259766,89.07061004638672,1.3866409063339233,-55.647098541259766,89.07061004638672,-1.3866409063339233,-55.647090911865234,89.07061004638672,1.3866409063339233,-55.647090911865234,89.07061004638672,Go,Stepping
1780509979.62901,22015.615116046,-1.3866409063339233,-55.647098541259766,89.07061004638672,1.3866409063339233,-55.647098541259766,89.07061004638672,-1.3866409063339233,-55.647090911865234,89.07061004638672,1.3866409063339233,-55.647090911865234,89.07061004638672,Go,Stepping
1780509979.648926,22015.634767224,-1.3866409063339233,-55.647098541259766,89.07061004638672,1.3866409063339233,-55.647098541259766,89.07061004638672,-1.3866409063339233,-55.647090911865234,89.07061004638672,1.3866409063339233,-55.647090911865234,89.07061004638672,Go,Stepping
1780509979.6689436,22015.655118239,-1.3866409063339233,-55.647098541259766,89.07061004638672,1.3866409063339233,-55.647098541259766,89.07061004638672,-1.3866409063339233,-55.647090911865234,89.07061004638672,1.3866409063339233,-55.647090911865234,89.07061004638672,Go,Stepping
1780509979.6889336,22015.675491551,-1.3866409063339233,-55.647098541259766,89.07061004638672,1.3866409063339233,-55.647098541259766,89.07061004638672,-1.3866409063339233,-55.647090911865234,89.07061004638672,1.3866409063339233,-55.647090911865234,89.07061004638672,Go,Stepping
1780509979.708941,22015.695197111,-1.3866409063339233,-55.647098541259766,89.07061004638672,1.3866409063339233,-55.647098541259766,89.07061004638672,-1.3866409063339233,-55.647090911865234,89.07061004638672,1.3866409063339233,-55.647090911865234,89.07061004638672,Go,Stepping
1780509979.7289412,22015.714867923,-1.3866409063339233,-55.647098541259766,89.07061004638672,1.3866409063339233,-55.647098541259766,89.07061004638672,-1.3866409063339233,-55.647090911865234,89.07061004638672,1.3866409063339233,-55.647090911865234,89.07061004638672,Go,Stepping
1780509979.7489111,22015.73481942,-1.3866409063339233,-55.647098541259766,89.07061004638672,1.3866409063339233,-55.647098541259766,89.07061004638672,-1.3866409063339233,-55.647090911865234,89.07061004638672,1.3866409063339233,-55.647090911865234,89.07061004638672,Go,Stepping
1780509979.7689312,22015.755337881,-1.3866409063339233,-55.647098541259766,89.07061004638672,1.3866409063339233,-55.647098541259766,89.07061004638672,-1.3866409063339233,-55.647090911865234,89.07061004638672,1.3866409063339233,-55.647090911865234,89.07061004638672,Go,Stepping
1780509979.7892911,22015.77573533,-1.3866409063339233,-55.647098541259766,89.07061004638672,1.3866409063339233,-55.647098541259766,89.07061004638672,-1.3866409063339233,-55.647090911865234,89.07061004638672,1.3866409063339233,-55.647090911865234,89.07061004638672,Go,Stepping
1780509979.809031,22015.795757254,-1.3866409063339233,-55.647098541259766,89.07061004638672,1.3866409063339233,-55.647098541259766,89.07061004638672,-1.3866409063339233,-55.647090911865234,89.07061004638672,1.3866409063339233,-55.647090911865234,89.07061004638672,Go,Stepping
1780509979.8289464,22015.815118145,-1.3866409063339233,-55.647098541259766,89.07061004638672,1.3866409063339233,-55.647098541259766,89.07061004638672,-1.3866409063339233,-55.647090911865234,89.07061004638672,1.3866409063339233,-55.647090911865234,89.07061004638672,Go,Stepping
1780509979.848932,22015.834866595,-1.3866409063339233,-55.647098541259766,89.07061004638672,1.3866409063339233,-55.647098541259766,89.07061004638672,-1.3866409063339233,-55.647090911865234,89.07061004638672,1.3866409063339233,-55.647090911865234,89.07061004638672,Go,Stepping
1780509979.8689306,22015.855561041,-1.3866409063339233,-55.647098541259766,89.07061004638672,1.3866409063339233,-55.647098541259766,89.07061004638672,-1.3866409063339233,-55.647090911865234,89.07061004638672,1.3866409063339233,-55.647090911865234,89.07061004638672,Go,Stepping
1780509979.8889897,22015.875127958,-1.3866409063339233,-55.647098541259766,89.07061004638672,1.3866409063339233,-55.647098541259766,89.07061004638672,-1.3866409063339233,-55.647090911865234,89.07061004638672,1.3866409063339233,-55.647090911865234,89.07061004638672,Go,Stepping
1780509979.9089396,22015.895481567,-1.3866409063339233,-55.647098541259766,89.07061004638672,1.3866409063339233,-55.647098541259766,89.07061004638672,-1.3866409063339233,-55.647090911865234,89.07061004638672,1.3866409063339233,-55.647090911865234,89.07061004638672,Go,Stepping
1780509979.928938,22015.914859886,-1.3866409063339233,-55.647098541259766,89.07061004638672,1.3866409063339233,-55.647098541259766,89.07061004638672,-1.3866409063339233,-55.647090911865234,89.07061004638672,1.3866409063339233,-55.647090911865234,89.07061004638672,Go,Stepping
1780509979.9489636,22015.935141186,-1.3866409063339233,-55.647098541259766,89.07061004638672,1.3866409063339233,-55.647098541259766,89.07061004638672,-1.3866409063339233,-55.647090911865234,89.07061004638672,1.3866409063339233,-55.647090911865234,89.07061004638672,Go,Stepping
1780509979.9689455,22015.955215528,-1.3866409063339233,-55.647098541259766,89.07061004638672,1.3866409063339233,-55.647098541259766,89.07061004638672,-1.3866409063339233,-55.647090911865234,89.07061004638672,1.3866409063339233,-55.647090911865234,89.07061004638672,Go,Stepping
1780509979.9889421,22015.976599522,-1.3866409063339233,-55.647098541259766,89.07061004638672,1.3866409063339233,-55.647098541259766,89.07061004638672,-1.3866409063339233,-55.647090911865234,89.07061004638672,1.3866409063339233,-55.647090911865234,89.07061004638672,Go,Stepping
1780509980.0089493,22015.995888388,-1.3866409063339233,-55.647098541259766,89.07061004638672,1.3866409063339233,-55.647098541259766,89.07061004638672,-1.3866409063339233,-55.647090911865234,89.07061004638672,1.3866409063339233,-55.647090911865234,89.07061004638672,Go,Stepping
1780509980.0289464,22016.015541149,-1.3866409063339233,-55.647098541259766,89.07061004638672,1.3866409063339233,-55.647098541259766,89.07061004638672,-1.3866409063339233,-55.647090911865234,89.07061004638672,1.3866409063339233,-55.647090911865234,89.07061004638672,Go,Stepping
1780509980.0489519,22016.03567061,-1.3866409063339233,-55.647098541259766,89.07061004638672,1.3866409063339233,-55.647098541259766,89.07061004638672,-1.3866409063339233,-55.647090911865234,89.07061004638672,1.3866409063339233,-55.647090911865234,89.07061004638672,Go,Stepping
1780509980.0689442,22016.054852922,-1.3866409063339233,-55.647098541259766,89.07061004638672,1.3866409063339233,-55.647098541259766,89.07061004638672,-1.3866409063339233,-55.647090911865234,89.07061004638672,1.3866409063339233,-55.647090911865234,89.07061004638672,Go,Stepping
1780509980.0889301,22016.076858693,-1.3866409063339233,-55.647098541259766,89.07061004638672,1.3866409063339233,-55.647098541259766,89.07061004638672,-1.3866409063339233,-55.647090911865234,89.07061004638672,1.3866409063339233,-55.647090911865234,89.07061004638672,Go,Stepping
1780509980.1089342,22016.0990468,-1.3866409063339233,-55.647098541259766,89.07061004638672,1.3866409063339233,-55.647098541259766,89.07061004638672,-1.3866409063339233,-55.647090911865234,89.07061004638672,1.3866409063339233,-55.647090911865234,89.07061004638672,Go,Stepping
1780509980.1288557,22016.115642406,-1.3866409063339233,-55.647098541259766,89.07061004638672,1.3866409063339233,-55.647098541259766,89.07061004638672,-1.3866409063339233,-55.647090911865234,89.07061004638672,1.3866409063339233,-55.647090911865234,89.07061004638672,Go,Stepping
1780509980.148911,22016.135486584,-1.3866409063339233,-55.647098541259766,89.07061004638672,1.3866409063339233,-55.647098541259766,89.07061004638672,-1.3866409063339233,-55.647090911865234,89.07061004638672,1.3866409063339233,-55.647090911865234,89.07061004638672,Go,Stepping
1780509980.168942,22016.155673182,-1.3866409063339233,-55.647098541259766,89.07061004638672,1.3866409063339233,-55.647098541259766,89.07061004638672,-1.3866409063339233,-55.647090911865234,89.07061004638672,1.3866409063339233,-55.647090911865234,89.07061004638672,Go,Stepping
1780509980.188871,22016.175170932,-1.3866409063339233,-55.647098541259766,89.07061004638672,1.3866409063339233,-55.647098541259766,89.07061004638672,-1.3866409063339233,-55.647090911865234,89.07061004638672,1.3866409063339233,-55.647090911865234,89.07061004638672,Go,Stepping
1780509980.2089899,22016.195714456,-1.3866409063339233,-55.647098541259766,89.07061004638672,1.3866409063339233,-55.647098541259766,89.07061004638672,-1.3866409063339233,-55.647090911865234,89.07061004638672,1.3866409063339233,-55.647090911865234,89.07061004638672,Go,Stepping
1780509980.2289546,22016.216135389,-1.3866409063339233,-55.647098541259766,89.07061004638672,1.3866409063339233,-55.647098541259766,89.07061004638672,-1.3866409063339233,-55.647090911865234,89.07061004638672,1.3866409063339233,-55.647090911865234,89.07061004638672,Go,Stepping
1780509980.2489536,22016.235202389,-1.3866409063339233,-55.647098541259766,89.07061004638672,1.3866409063339233,-55.647098541259766,89.07061004638672,-1.3866409063339233,-55.647090911865234,89.07061004638672,1.3866409063339233,-55.647090911865234,89.07061004638672,Go,Stepping
1780509980.268956,22016.254735251,-1.3866409063339233,-55.647098541259766,89.07061004638672,1.3866409063339233,-55.647098541259766,89.07061004638672,-1.3866409063339233,-55.647090911865234,89.07061004638672,1.3866409063339233,-55.647090911865234,89.07061004638672,Go,Stepping
1780509980.2889528,22016.276027994,-1.3866409063339233,-55.647098541259766,89.07061004638672,1.3866409063339233,-55.647098541259766,89.07061004638672,-1.3866409063339233,-55.647090911865234,89.07061004638672,1.3866409063339233,-55.647090911865234,89.07061004638672,Go,Stepping
1780509980.308961,22016.296169993,-1.3866409063339233,-55.647098541259766,89.07061004638672,1.3866409063339233,-55.647098541259766,89.07061004638672,-1.3866409063339233,-55.647090911865234,89.07061004638672,1.3866409063339233,-55.647090911865234,89.07061004638672,Go,Stepping
1780509980.3289514,22016.317816708,-1.3866409063339233,-55.647098541259766,89.07061004638672,1.3866409063339233,-55.647098541259766,89.07061004638672,-1.3866409063339233,-55.647090911865234,89.07061004638672,1.3866409063339233,-55.647090911865234,89.07061004638672,Go,Stepping
1780509980.3489902,22016.337862424,-1.3866409063339233,-55.647098541259766,89.07061004638672,1.3866409063339233,-55.647098541259766,89.07061004638672,-1.3866409063339233,-55.647090911865234,89.07061004638672,1.3866409063339233,-55.647090911865234,89.07061004638672,Go,Stepping
1780509980.368944,22016.354810774,-1.3866409063339233,-55.647098541259766,89.07061004638672,1.3866409063339233,-55.647098541259766,89.07061004638672,-1.3866409063339233,-55.647090911865234,89.07061004638672,1.3866409063339233,-55.647090911865234,89.07061004638672,Go,Stepping
1780509980.3889372,22016.374849068,-1.3866409063339233,-55.647098541259766,89.07061004638672,1.3866409063339233,-55.647098541259766,89.07061004638672,-1.3866409063339233,-55.647090911865234,89.07061004638672,1.3866409063339233,-55.647090911865234,89.07061004638672,Go,Stepping
1780509980.4089365,22016.39486792,-1.3866409063339233,-55.647098541259766,89.07061004638672,1.3866409063339233,-55.647098541259766,89.07061004638672,-1.3866409063339233,-55.647090911865234,89.07061004638672,1.3866409063339233,-55.647090911865234,89.07061004638672,Go,Stepping
1780509980.428933,22016.414923081,-1.3866409063339233,-55.647098541259766,89.07061004638672,1.3866409063339233,-55.647098541259766,89.07061004638672,-1.3866409063339233,-55.647090911865234,89.07061004638672,1.3866409063339233,-55.647090911865234,89.07061004638672,Go,Stepping
1780509980.4489431,22016.435384312,-1.3866409063339233,-55.647098541259766,89.07061004638672,1.3866409063339233,-55.647098541259766,89.07061004638672,-1.3866409063339233,-55.647090911865234,89.07061004638672,1.3866409063339233,-55.647090911865234,89.07061004638672,Go,Stepping
1780509980.4689534,22016.454871081,-1.3866409063339233,-55.647098541259766,89.07061004638672,1.3866409063339233,-55.647098541259766,89.07061004638672,-1.3866409063339233,-55.647090911865234,89.07061004638672,1.3866409063339233,-55.647090911865234,89.07061004638672,Go,Stepping
1780509980.4889462,22016.475210513,-1.3866409063339233,-55.647098541259766,89.07061004638672,1.3866409063339233,-55.647098541259766,89.07061004638672,-1.3866409063339233,-55.647090911865234,89.07061004638672,1.3866409063339233,-55.647090911865234,89.07061004638672,Go,Stepping
1780509980.508958,22016.494896318,-1.3866409063339233,-55.647098541259766,89.07061004638672,1.3866409063339233,-55.647098541259766,89.07061004638672,-1.3866409063339233,-55.647090911865234,89.07061004638672,1.3866409063339233,-55.647090911865234,89.07061004638672,Go,Stepping
1780509980.52897,22016.515652494,-1.3866409063339233,-55.647098541259766,89.07061004638672,1.3866409063339233,-55.647098541259766,89.07061004638672,-1.3866409063339233,-55.647090911865234,89.07061004638672,1.3866409063339233,-55.647090911865234,89.07061004638672,Go,Stepping
1780509980.5489566,22016.53694755,-1.3866409063339233,-55.647098541259766,89.07061004638672,1.3866409063339233,-55.647098541259766,89.07061004638672,-1.3866409063339233,-55.647090911865234,89.07061004638672,1.3866409063339233,-55.647090911865234,89.07061004638672,Go,Stepping
1780509980.5689433,22016.555433418,-1.3866409063339233,-55.647098541259766,89.07061004638672,1.3866409063339233,-55.647098541259766,89.07061004638672,-1.3866409063339233,-55.647090911865234,89.07061004638672,1.3866409063339233,-55.647090911865234,89.07061004638672,Go,Stepping
1780509980.5889618,22016.575096398,-1.3866409063339233,-55.647098541259766,89.07061004638672,1.3866409063339233,-55.647098541259766,89.07061004638672,-1.3866409063339233,-55.647090911865234,89.07061004638672,1.3866409063339233,-55.647090911865234,89.07061004638672,Go,Stepping
1780509980.6089559,22016.59483978,-1.3866409063339233,-55.647098541259766,89.07061004638672,1.3866409063339233,-55.647098541259766,89.07061004638672,-1.3866409063339233,-55.647090911865234,89.07061004638672,1.3866409063339233,-55.647090911865234,89.07061004638672,Go,Stepping
1780509980.6292775,22016.615454253,-1.3866409063339233,-55.647098541259766,89.07061004638672,1.3866409063339233,-55.647098541259766,89.07061004638672,-1.3866409063339233,-55.647090911865234,89.07061004638672,1.3866409063339233,-55.647090911865234,89.07061004638672,Go,Stepping
1780509980.6489544,22016.63520632,-1.3866409063339233,-55.647098541259766,89.07061004638672,1.3866409063339233,-55.647098541259766,89.07061004638672,-1.3866409063339233,-55.647090911865234,89.07061004638672,1.3866409063339233,-55.647090911865234,89.07061004638672,Go,Stepping
1780509980.6689847,22016.655670442,-1.3866409063339233,-55.647098541259766,89.07061004638672,1.3866409063339233,-55.647098541259766,89.07061004638672,-1.3866409063339233,-55.647090911865234,89.07061004638672,1.3866409063339233,-55.647090911865234,89.07061004638672,Go,Stepping
1780509980.6889615,22016.675396034,-1.3866409063339233,-55.647098541259766,89.07061004638672,1.3866409063339233,-55.647098541259766,89.07061004638672,-1.3866409063339233,-55.647090911865234,89.07061004638672,1.3866409063339233,-55.647090911865234,89.07061004638672,Go,Stepping
1780509980.7089398,22016.696185065,-1.3866409063339233,-55.647098541259766,89.07061004638672,1.3866409063339233,-55.647098541259766,89.07061004638672,-1.3866409063339233,-55.647090911865234,89.07061004638672,1.3866409063339233,-55.647090911865234,89.07061004638672,Go,Stepping
1780509980.7289417,22016.71728715,-1.3866409063339233,-55.647098541259766,89.07061004638672,1.3866409063339233,-55.647098541259766,89.07061004638672,-1.3866409063339233,-55.647090911865234,89.07061004638672,1.3866409063339233,-55.647090911865234,89.07061004638672,Go,Stepping
1780509980.7489758,22016.73610106,-1.3866409063339233,-55.647098541259766,89.07061004638672,1.3866409063339233,-55.647098541259766,89.07061004638672,-1.3866409063339233,-55.647090911865234,89.07061004638672,1.3866409063339233,-55.647090911865234,89.07061004638672,Go,Stepping
1780509980.7689657,22016.756067161,-1.3866409063339233,-55.647098541259766,89.07061004638672,1.3866409063339233,-55.647098541259766,89.07061004638672,-1.3866409063339233,-55.647090911865234,89.07061004638672,1.3866409063339233,-55.647090911865234,89.07061004638672,Go,Stepping
1780509980.7889435,22016.775692606,-1.3866409063339233,-55.647098541259766,89.07061004638672,1.3866409063339233,-55.647098541259766,89.07061004638672,-1.3866409063339233,-55.647090911865234,89.07061004638672,1.3866409063339233,-55.647090911865234,89.07061004638672,Go,Stepping
1780509980.8089545,22016.796628122,-1.3866409063339233,-55.647098541259766,89.07061004638672,1.3866409063339233,-55.647098541259766,89.07061004638672,-1.3866409063339233,-55.647090911865234,89.07061004638672,1.3866409063339233,-55.647090911865234,89.07061004638672,Go,Stepping
1780509980.828969,22016.815221651,-1.3866409063339233,-55.647098541259766,89.07061004638672,1.3866409063339233,-55.647098541259766,89.07061004638672,-1.3866409063339233,-55.647090911865234,89.07061004638672,1.3866409063339233,-55.647090911865234,89.07061004638672,Go,Stepping
1780509980.8489382,22016.834831752,-1.3866409063339233,-55.647098541259766,89.07061004638672,1.3866409063339233,-55.647098541259766,89.07061004638672,-1.3866409063339233,-55.647090911865234,89.07061004638672,1.3866409063339233,-55.647090911865234,89.07061004638672,Go,Stepping
1780509980.8689713,22016.855095211,-1.3866409063339233,-55.647098541259766,89.07061004638672,1.3866409063339233,-55.647098541259766,89.07061004638672,-1.3866409063339233,-55.647090911865234,89.07061004638672,1.3866409063339233,-55.647090911865234,89.07061004638672,Go,Stepping
1780509980.888949,22016.875901175,-1.3866409063339233,-55.647098541259766,89.07061004638672,1.3866409063339233,-55.647098541259766,89.07061004638672,-1.3866409063339233,-55.647090911865234,89.07061004638672,1.3866409063339233,-55.647090911865234,89.07061004638672,Go,Stepping
1780509980.9092398,22016.897069007,-1.3866409063339233,-55.647098541259766,89.07061004638672,1.3866409063339233,-55.647098541259766,89.07061004638672,-1.3866409063339233,-55.647090911865234,89.07061004638672,1.3866409063339233,-55.647090911865234,89.07061004638672,Go,Stepping
1780509980.9289553,22016.915545783,-1.3866409063339233,-55.647098541259766,89.07061004638672,1.3866409063339233,-55.647098541259766,89.07061004638672,-1.3866409063339233,-55.647090911865234,89.07061004638672,1.3866409063339233,-55.647090911865234,89.07061004638672,Go,Stepping
1780509980.9489975,22016.934639915,-1.3866409063339233,-55.647098541259766,89.07061004638672,1.3866409063339233,-55.647098541259766,89.07061004638672,-1.3866409063339233,-55.647090911865234,89.07061004638672,1.3866409063339233,-55.647090911865234,89.07061004638672,Go,Stepping
1780509980.9689577,22016.954833894,-1.3866409063339233,-55.647098541259766,89.07061004638672,1.3866409063339233,-55.647098541259766,89.07061004638672,-1.3866409063339233,-55.647090911865234,89.07061004638672,1.3866409063339233,-55.647090911865234,89.07061004638672,Go,Stepping
1780509980.9889686,22016.975632809,-1.3866409063339233,-55.647098541259766,89.07061004638672,1.3866409063339233,-55.647098541259766,89.07061004638672,-1.3866409063339233,-55.647090911865234,89.07061004638672,1.3866409063339233,-55.647090911865234,89.07061004638672,Go,Stepping
1780509981.0089788,22016.995605321,-1.3866409063339233,-55.647098541259766,89.07061004638672,1.3866409063339233,-55.647098541259766,89.07061004638672,-1.3866409063339233,-55.647090911865234,89.07061004638672,1.3866409063339233,-55.647090911865234,89.07061004638672,Go,Stepping
1780509981.0289447,22017.015329446,-1.3866409063339233,-55.647098541259766,89.07061004638672,1.3866409063339233,-55.647098541259766,89.07061004638672,-1.3866409063339233,-55.647090911865234,89.07061004638672,1.3866409063339233,-55.647090911865234,89.07061004638672,Go,Stepping
1780509981.0490048,22017.034973566,-1.3866409063339233,-55.647098541259766,89.07061004638672,1.3866409063339233,-55.647098541259766,89.07061004638672,-1.3866409063339233,-55.647090911865234,89.07061004638672,1.3866409063339233,-55.647090911865234,89.07061004638672,Go,Stepping
1780509981.0689902,22017.055293447,-1.3866409063339233,-55.647098541259766,89.07061004638672,1.3866409063339233,-55.647098541259766,89.07061004638672,-1.3866409063339233,-55.647090911865234,89.07061004638672,1.3866409063339233,-55.647090911865234,89.07061004638672,Go,Stepping
1780509981.0890183,22017.075729509,-1.3866409063339233,-55.647098541259766,89.07061004638672,1.3866409063339233,-55.647098541259766,89.07061004638672,-1.3866409063339233,-55.647090911865234,89.07061004638672,1.3866409063339233,-55.647090911865234,89.07061004638672,Go,Stepping
1780509981.1089694,22017.095516972,-1.3866409063339233,-55.647098541259766,89.07061004638672,1.3866409063339233,-55.647098541259766,89.07061004638672,-1.3866409063339233,-55.647090911865234,89.07061004638672,1.3866409063339233,-55.647090911865234,89.07061004638672,Go,Stepping
1780509981.1290991,22017.115580552,-1.3866409063339233,-55.647098541259766,89.07061004638672,1.3866409063339233,-55.647098541259766,89.07061004638672,-1.3866409063339233,-55.647090911865234,89.07061004638672,1.3866409063339233,-55.647090911865234,89.07061004638672,Go,Stepping
1780509981.1489985,22017.135155057,-1.3866409063339233,-55.647098541259766,89.07061004638672,1.3866409063339233,-55.647098541259766,89.07061004638672,-1.3866409063339233,-55.647090911865234,89.07061004638672,1.3866409063339233,-55.647090911865234,89.07061004638672,Go,Stepping
1780509981.168965,22017.154862973,-1.3866409063339233,-55.647098541259766,89.07061004638672,1.3866409063339233,-55.647098541259766,89.07061004638672,-1.3866409063339233,-55.647090911865234,89.07061004638672,1.3866409063339233,-55.647090911865234,89.07061004638672,Go,Stepping
1780509981.1889555,22017.17496082,-1.3866409063339233,-55.647098541259766,89.07061004638672,1.3866409063339233,-55.647098541259766,89.07061004638672,-1.3866409063339233,-55.647090911865234,89.07061004638672,1.3866409063339233,-55.647090911865234,89.07061004638672,Go,Stepping
1780509981.2089589,22017.195388834,-1.3866409063339233,-55.647098541259766,89.07061004638672,1.3866409063339233,-55.647098541259766,89.07061004638672,-1.3866409063339233,-55.647090911865234,89.07061004638672,1.3866409063339233,-55.647090911865234,89.07061004638672,Go,Stepping
1780509981.2289398,22017.214964146,-1.3866409063339233,-55.647098541259766,89.07061004638672,1.3866409063339233,-55.647098541259766,89.07061004638672,-1.3866409063339233,-55.647090911865234,89.07061004638672,1.3866409063339233,-55.647090911865234,89.07061004638672,Go,Stepping
1780509981.2489707,22017.234531455,-1.3866409063339233,-55.647098541259766,89.07061004638672,1.3866409063339233,-55.647098541259766,89.07061004638672,-1.3866409063339233,-55.647090911865234,89.07061004638672,1.3866409063339233,-55.647090911865234,89.07061004638672,Go,Stepping
1780509981.2690184,22017.255162918,-1.3866409063339233,-55.647098541259766,89.07061004638672,1.3866409063339233,-55.647098541259766,89.07061004638672,-1.3866409063339233,-55.647090911865234,89.07061004638672,1.3866409063339233,-55.647090911865234,89.07061004638672,Go,Stepping
1780509981.2890353,22017.275434596,-1.3866409063339233,-55.647098541259766,89.07061004638672,1.3866409063339233,-55.647098541259766,89.07061004638672,-1.3866409063339233,-55.647090911865234,89.07061004638672,1.3866409063339233,-55.647090911865234,89.07061004638672,Go,Stepping
1780509981.3089676,22017.29501335,-1.3866409063339233,-55.647098541259766,89.07061004638672,1.3866409063339233,-55.647098541259766,89.07061004638672,-1.3866409063339233,-55.647090911865234,89.07061004638672,1.3866409063339233,-55.647090911865234,89.07061004638672,Go,Stepping
1780509981.3290074,22017.315064078,-1.3866409063339233,-55.647098541259766,89.07061004638672,1.3866409063339233,-55.647098541259766,89.07061004638672,-1.3866409063339233,-55.647090911865234,89.07061004638672,1.3866409063339233,-55.647090911865234,89.07061004638672,Go,Stepping
1780509981.34897,22017.335315028,-1.3866409063339233,-55.647098541259766,89.07061004638672,1.3866409063339233,-55.647098541259766,89.07061004638672,-1.3866409063339233,-55.647090911865234,89.07061004638672,1.3866409063339233,-55.647090911865234,89.07061004638672,Go,Stepping
1780509981.3689945,22017.357342492,-1.3866409063339233,-55.647098541259766,89.07061004638672,1.3866409063339233,-55.647098541259766,89.07061004638672,-1.3866409063339233,-55.647090911865234,89.07061004638672,1.3866409063339233,-55.647090911865234,89.07061004638672,Go,Stepping
1780509981.3889835,22017.377982974,-1.3866409063339233,-55.647098541259766,89.07061004638672,1.3866409063339233,-55.647098541259766,89.07061004638672,-1.3866409063339233,-55.647090911865234,89.07061004638672,1.3866409063339233,-55.647090911865234,89.07061004638672,Go,Stepping
1780509981.4089637,22017.394883067,-1.3866409063339233,-55.647098541259766,89.07061004638672,1.3866409063339233,-55.647098541259766,89.07061004638672,-1.3866409063339233,-55.647090911865234,89.07061004638672,1.3866409063339233,-55.647090911865234,89.07061004638672,Go,Stepping
1780509981.4289703,22017.416063801,-1.3866409063339233,-55.647098541259766,89.07061004638672,1.3866409063339233,-55.647098541259766,89.07061004638672,-1.3866409063339233,-55.647090911865234,89.07061004638672,1.3866409063339233,-55.647090911865234,89.07061004638672,Go,Stepping
1780509981.4489746,22017.435551552,-1.3866409063339233,-55.647098541259766,89.07061004638672,1.3866409063339233,-55.647098541259766,89.07061004638672,-1.3866409063339233,-55.647090911865234,89.07061004638672,1.3866409063339233,-55.647090911865234,89.07061004638672,Go,Stepping
1780509981.4689636,22017.454852088,-1.3866409063339233,-55.647098541259766,89.07061004638672,1.3866409063339233,-55.647098541259766,89.07061004638672,-1.3866409063339233,-55.647090911865234,89.07061004638672,1.3866409063339233,-55.647090911865234,89.07061004638672,Go,Stepping
1780509981.4889498,22017.476649578,-1.3866409063339233,-55.647098541259766,89.07061004638672,1.3866409063339233,-55.647098541259766,89.07061004638672,-1.3866409063339233,-55.647090911865234,89.07061004638672,1.3866409063339233,-55.647090911865234,89.07061004638672,Go,Stepping
1780509981.508953,22017.495345654,-1.3866409063339233,-55.647098541259766,89.07061004638672,1.3866409063339233,-55.647098541259766,89.07061004638672,-1.3866409063339233,-55.647090911865234,89.07061004638672,1.3866409063339233,-55.647090911865234,89.07061004638672,Go,Stepping
1780509981.52896,22017.515066567,-1.3866409063339233,-55.647098541259766,89.07061004638672,1.3866409063339233,-55.647098541259766,89.07061004638672,-1.3866409063339233,-55.647090911865234,89.07061004638672,1.3866409063339233,-55.647090911865234,89.07061004638672,Go,Stepping
1780509981.5489814,22017.534662107,-1.3866409063339233,-55.647098541259766,89.07061004638672,1.3866409063339233,-55.647098541259766,89.07061004638672,-1.3866409063339233,-55.647090911865234,89.07061004638672,1.3866409063339233,-55.647090911865234,89.07061004638672,Go,Stepping
1780509981.568895,22017.554750628,-1.3866409063339233,-55.647098541259766,89.07061004638672,1.3866409063339233,-55.647098541259766,89.07061004638672,-1.3866409063339233,-55.647090911865234,89.07061004638672,1.3866409063339233,-55.647090911865234,89.07061004638672,Go,Stepping
1780509981.588984,22017.57499015,-1.3866409063339233,-55.647098541259766,89.07061004638672,1.3866409063339233,-55.647098541259766,89.07061004638672,-1.3866409063339233,-55.647090911865234,89.07061004638672,1.3866409063339233,-55.647090911865234,89.07061004638672,Go,Stepping
1780509981.6089785,22017.595314067,-1.3866409063339233,-55.647098541259766,89.07061004638672,1.3866409063339233,-55.647098541259766,89.07061004638672,-1.3866409063339233,-55.647090911865234,89.07061004638672,1.3866409063339233,-55.647090911865234,89.07061004638672,Go,Stepping
1780509981.6289587,22017.615879203,-1.3866409063339233,-55.647098541259766,89.07061004638672,1.3866409063339233,-55.647098541259766,89.07061004638672,-1.3866409063339233,-55.647090911865234,89.07061004638672,1.3866409063339233,-55.647090911865234,89.07061004638672,Go,Stepping
1780509981.6489782,22017.635812767,-1.3866409063339233,-55.647098541259766,89.07061004638672,1.3866409063339233,-55.647098541259766,89.07061004638672,-1.3866409063339233,-55.647090911865234,89.07061004638672,1.3866409063339233,-55.647090911865234,89.07061004638672,Go,Stepping
1780509981.6689742,22017.654836729,-1.3866409063339233,-55.647098541259766,89.07061004638672,1.3866409063339233,-55.647098541259766,89.07061004638672,-1.3866409063339233,-55.647090911865234,89.07061004638672,1.3866409063339233,-55.647090911865234,89.07061004638672,Go,Stepping
1780509981.6889725,22017.674875874,-1.3866409063339233,-55.647098541259766,89.07061004638672,1.3866409063339233,-55.647098541259766,89.07061004638672,-1.3866409063339233,-55.647090911865234,89.07061004638672,1.3866409063339233,-55.647090911865234,89.07061004638672,Go,Stepping
1780509981.708992,22017.694946422,-1.3866409063339233,-55.647098541259766,89.07061004638672,1.3866409063339233,-55.647098541259766,89.07061004638672,-1.3866409063339233,-55.647090911865234,89.07061004638672,1.3866409063339233,-55.647090911865234,89.07061004638672,Go,Stepping
1780509981.7289739,22017.716221948,-1.3866409063339233,-55.647098541259766,89.07061004638672,1.3866409063339233,-55.647098541259766,89.07061004638672,-1.3866409063339233,-55.647090911865234,89.07061004638672,1.3866409063339233,-55.647090911865234,89.07061004638672,Go,Stepping
1780509981.7489765,22017.735752998,-1.3866409063339233,-55.647098541259766,89.07061004638672,1.3866409063339233,-55.647098541259766,89.07061004638672,-1.3866409063339233,-55.647090911865234,89.07061004638672,1.3866409063339233,-55.647090911865234,89.07061004638672,Go,Stepping
1780509981.7689774,22017.755280055,-1.3866409063339233,-55.647098541259766,89.07061004638672,1.3866409063339233,-55.647098541259766,89.07061004638672,-1.3866409063339233,-55.647090911865234,89.07061004638672,1.3866409063339233,-55.647090911865234,89.07061004638672,Go,Stepping
1780509981.788986,22017.774815146,-1.3866409063339233,-55.647098541259766,89.07061004638672,1.3866409063339233,-55.647098541259766,89.07061004638672,-1.3866409063339233,-55.647090911865234,89.07061004638672,1.3866409063339233,-55.647090911865234,89.07061004638672,Go,Stepping
1780509981.8089628,22017.794793152,-1.3866409063339233,-55.647098541259766,89.07061004638672,1.3866409063339233,-55.647098541259766,89.07061004638672,-1.3866409063339233,-55.647090911865234,89.07061004638672,1.3866409063339233,-55.647090911865234,89.07061004638672,Go,Stepping
1780509981.8290122,22017.81810005,-1.3866409063339233,-55.647098541259766,89.07061004638672,1.3866409063339233,-55.647098541259766,89.07061004638672,-1.3866409063339233,-55.647090911865234,89.07061004638672,1.3866409063339233,-55.647090911865234,89.07061004638672,Go,Stepping
1780509981.8489828,22017.835356451,-1.3866409063339233,-55.647098541259766,89.07061004638672,1.3866409063339233,-55.647098541259766,89.07061004638672,-1.3866409063339233,-55.647090911865234,89.07061004638672,1.3866409063339233,-55.647090911865234,89.07061004638672,Go,Stepping
1780509981.869018,22017.855192933,-1.3866409063339233,-55.647098541259766,89.07061004638672,1.3866409063339233,-55.647098541259766,89.07061004638672,-1.3866409063339233,-55.647090911865234,89.07061004638672,1.3866409063339233,-55.647090911865234,89.07061004638672,Go,Stepping
1780509981.8890026,22017.874998819,-1.3866409063339233,-55.647098541259766,89.07061004638672,1.3866409063339233,-55.647098541259766,89.07061004638672,-1.3866409063339233,-55.647090911865234,89.07061004638672,1.3866409063339233,-55.647090911865234,89.07061004638672,Go,Stepping
1780509981.9090247,22017.895281781,-1.3866409063339233,-55.647098541259766,89.07061004638672,1.3866409063339233,-55.647098541259766,89.07061004638672,-1.3866409063339233,-55.647090911865234,89.07061004638672,1.3866409063339233,-55.647090911865234,89.07061004638672,Go,Stepping
1780509981.929233,22017.915550959,-1.3866409063339233,-55.647098541259766,89.07061004638672,1.3866409063339233,-55.647098541259766,89.07061004638672,-1.3866409063339233,-55.647090911865234,89.07061004638672,1.3866409063339233,-55.647090911865234,89.07061004638672,Go,Stepping
1780509981.9490104,22017.935871855,-1.3866409063339233,-55.647098541259766,89.07061004638672,1.3866409063339233,-55.647098541259766,89.07061004638672,-1.3866409063339233,-55.647090911865234,89.07061004638672,1.3866409063339233,-55.647090911865234,89.07061004638672,Go,Stepping
1780509981.9690166,22017.955098983,-1.3866409063339233,-55.647098541259766,89.07061004638672,1.3866409063339233,-55.647098541259766,89.07061004638672,-1.3866409063339233,-55.647090911865234,89.07061004638672,1.3866409063339233,-55.647090911865234,89.07061004638672,Go,Stepping
1780509981.989013,22017.975282564,-1.3866409063339233,-55.647098541259766,89.07061004638672,1.3866409063339233,-55.647098541259766,89.07061004638672,-1.3866409063339233,-55.647090911865234,89.07061004638672,1.3866409063339233,-55.647090911865234,89.07061004638672,Go,Stepping
1780509982.0090184,22017.994907423,-1.3866409063339233,-55.647098541259766,89.07061004638672,1.3866409063339233,-55.647098541259766,89.07061004638672,-1.3866409063339233,-55.647090911865234,89.07061004638672,1.3866409063339233,-55.647090911865234,89.07061004638672,Go,Stepping
1780509982.0290077,22018.014921396,-1.3866409063339233,-55.647098541259766,89.07061004638672,1.3866409063339233,-55.647098541259766,89.07061004638672,-1.3866409063339233,-55.647090911865234,89.07061004638672,1.3866409063339233,-55.647090911865234,89.07061004638672,Go,Stepping
1780509982.048987,22018.03523303,-1.3866409063339233,-55.647098541259766,89.07061004638672,1.3866409063339233,-55.647098541259766,89.07061004638672,-1.3866409063339233,-55.647090911865234,89.07061004638672,1.3866409063339233,-55.647090911865234,89.07061004638672,Go,Stepping
1780509982.0689752,22018.055082953,-1.3866409063339233,-55.647098541259766,89.07061004638672,1.3866409063339233,-55.647098541259766,89.07061004638672,-1.3866409063339233,-55.647090911865234,89.07061004638672,1.3866409063339233,-55.647090911865234,89.07061004638672,Go,Stepping
1780509982.0889544,22018.075669944,-1.3866409063339233,-55.647098541259766,89.07061004638672,1.3866409063339233,-55.647098541259766,89.07061004638672,-1.3866409063339233,-55.647090911865234,89.07061004638672,1.3866409063339233,-55.647090911865234,89.07061004638672,Go,Stepping
1780509982.1088982,22018.09566599,-1.3866409063339233,-55.647098541259766,89.07061004638672,1.3866409063339233,-55.647098541259766,89.07061004638672,-1.3866409063339233,-55.647090911865234,89.07061004638672,1.3866409063339233,-55.647090911865234,89.07061004638672,Go,Stepping
1780509982.1289694,22018.115797198,-1.3866409063339233,-55.647098541259766,89.07061004638672,1.3866409063339233,-55.647098541259766,89.07061004638672,-1.3866409063339233,-55.647090911865234,89.07061004638672,1.3866409063339233,-55.647090911865234,89.07061004638672,Go,Stepping
1780509982.149051,22018.135607391,-1.3866409063339233,-55.647098541259766,89.07061004638672,1.3866409063339233,-55.647098541259766,89.07061004638672,-1.3866409063339233,-55.647090911865234,89.07061004638672,1.3866409063339233,-55.647090911865234,89.07061004638672,Go,Stepping
1780509982.1689878,22018.156027984,-1.3866409063339233,-55.647098541259766,89.07061004638672,1.3866409063339233,-55.647098541259766,89.07061004638672,-1.3866409063339233,-55.647090911865234,89.07061004638672,1.3866409063339233,-55.647090911865234,89.07061004638672,Go,Stepping
1780509982.1890101,22018.175801339,-1.3866409063339233,-55.647098541259766,89.07061004638672,1.3866409063339233,-55.647098541259766,89.07061004638672,-1.3866409063339233,-55.647090911865234,89.07061004638672,1.3866409063339233,-55.647090911865234,89.07061004638672,Go,Stepping
1780509982.2090237,22018.195492319,-1.3866409063339233,-55.647098541259766,89.07061004638672,1.3866409063339233,-55.647098541259766,89.07061004638672,-1.3866409063339233,-55.647090911865234,89.07061004638672,1.3866409063339233,-55.647090911865234,89.07061004638672,Go,Stepping
1780509982.2289832,22018.215500426,-1.3866409063339233,-55.647098541259766,89.07061004638672,1.3866409063339233,-55.647098541259766,89.07061004638672,-1.3866409063339233,-55.647090911865234,89.07061004638672,1.3866409063339233,-55.647090911865234,89.07061004638672,Go,Stepping
1780509982.2489822,22018.235766666,-1.3866409063339233,-55.647098541259766,89.07061004638672,1.3866409063339233,-55.647098541259766,89.07061004638672,-1.3866409063339233,-55.647090911865234,89.07061004638672,1.3866409063339233,-55.647090911865234,89.07061004638672,Go,Stepping
1780509982.268989,22018.255776861,-1.3866409063339233,-55.647098541259766,89.07061004638672,1.3866409063339233,-55.647098541259766,89.07061004638672,-1.3866409063339233,-55.647090911865234,89.07061004638672,1.3866409063339233,-55.647090911865234,89.07061004638672,Go,Stepping
1780509982.2890415,22018.275126588,-1.3866409063339233,-55.647098541259766,89.07061004638672,1.3866409063339233,-55.647098541259766,89.07061004638672,-1.3866409063339233,-55.647090911865234,89.07061004638672,1.3866409063339233,-55.647090911865234,89.07061004638672,Go,Stepping
1780509982.309012,22018.294908748,-1.3866409063339233,-55.647098541259766,89.07061004638672,1.3866409063339233,-55.647098541259766,89.07061004638672,-1.3866409063339233,-55.647090911865234,89.07061004638672,1.3866409063339233,-55.647090911865234,89.07061004638672,Go,Stepping
1780509982.3289893,22018.314751637,-1.3866409063339233,-55.647098541259766,89.07061004638672,1.3866409063339233,-55.647098541259766,89.07061004638672,-1.3866409063339233,-55.647090911865234,89.07061004638672,1.3866409063339233,-55.647090911865234,89.07061004638672,Go,Stepping
1780509982.3489773,22018.334864076,-1.3866409063339233,-55.647098541259766,89.07061004638672,1.3866409063339233,-55.647098541259766,89.07061004638672,-1.3866409063339233,-55.647090911865234,89.07061004638672,1.3866409063339233,-55.647090911865234,89.07061004638672,Go,Stepping
1780509982.3689737,22018.355292949,-1.3866409063339233,-55.647098541259766,89.07061004638672,1.3866409063339233,-55.647098541259766,89.07061004638672,-1.3866409063339233,-55.647090911865234,89.07061004638672,1.3866409063339233,-55.647090911865234,89.07061004638672,Go,Stepping
1780509982.3889756,22018.374922996,-1.3866409063339233,-55.647098541259766,89.07061004638672,1.3866409063339233,-55.647098541259766,89.07061004638672,-1.3866409063339233,-55.647090911865234,89.07061004638672,1.3866409063339233,-55.647090911865234,89.07061004638672,Go,Stepping
1780509982.4089658,22018.395271196,-1.3866409063339233,-55.647098541259766,89.07061004638672,1.3866409063339233,-55.647098541259766,89.07061004638672,-1.3866409063339233,-55.647090911865234,89.07061004638672,1.3866409063339233,-55.647090911865234,89.07061004638672,Go,Stepping
1780509982.4289594,22018.415983611,-1.3866409063339233,-55.647098541259766,89.07061004638672,1.3866409063339233,-55.647098541259766,89.07061004638672,-1.3866409063339233,-55.647090911865234,89.07061004638672,1.3866409063339233,-55.647090911865234,89.07061004638672,Go,Stepping
1780509982.448958,22018.435573779,-1.3866409063339233,-55.647098541259766,89.07061004638672,1.3866409063339233,-55.647098541259766,89.07061004638672,-1.3866409063339233,-55.647090911865234,89.07061004638672,1.3866409063339233,-55.647090911865234,89.07061004638672,Go,Stepping
1780509982.4689639,22018.455352965,-1.3866409063339233,-55.647098541259766,89.07061004638672,1.3866409063339233,-55.647098541259766,89.07061004638672,-1.3866409063339233,-55.647090911865234,89.07061004638672,1.3866409063339233,-55.647090911865234,89.07061004638672,Go,Stepping
1780509982.4889576,22018.475655471,-1.3866409063339233,-55.647098541259766,89.07061004638672,1.3866409063339233,-55.647098541259766,89.07061004638672,-1.3866409063339233,-55.647090911865234,89.07061004638672,1.3866409063339233,-55.647090911865234,89.07061004638672,Go,Stepping
1780509982.5089805,22018.49550144,-1.3866409063339233,-55.647098541259766,89.07061004638672,1.3866409063339233,-55.647098541259766,89.07061004638672,-1.3866409063339233,-55.647090911865234,89.07061004638672,1.3866409063339233,-55.647090911865234,89.07061004638672,Go,Stepping
1780509982.5289726,22018.515516622,-1.3866409063339233,-55.647098541259766,89.07061004638672,1.3866409063339233,-55.647098541259766,89.07061004638672,-1.3866409063339233,-55.647090911865234,89.07061004638672,1.3866409063339233,-55.647090911865234,89.07061004638672,Go,Stepping
1780509982.5491138,22018.53483098,-1.3866409063339233,-55.647098541259766,89.07061004638672,1.3866409063339233,-55.647098541259766,89.07061004638672,-1.3866409063339233,-55.647090911865234,89.07061004638672,1.3866409063339233,-55.647090911865234,89.07061004638672,Go,Stepping
1780509982.569001,22018.554986798,-1.3866409063339233,-55.647098541259766,89.07061004638672,1.3866409063339233,-55.647098541259766,89.07061004638672,-1.3866409063339233,-55.647090911865234,89.07061004638672,1.3866409063339233,-55.647090911865234,89.07061004638672,Go,Stepping
1780509982.5889947,22018.575220224,-1.3866409063339233,-55.647098541259766,89.07061004638672,1.3866409063339233,-55.647098541259766,89.07061004638672,-1.3866409063339233,-55.647090911865234,89.07061004638672,1.3866409063339233,-55.647090911865234,89.07061004638672,Go,Stepping
1780509982.6089804,22018.596307037,-1.3866409063339233,-55.647098541259766,89.07061004638672,1.3866409063339233,-55.647098541259766,89.07061004638672,-1.3866409063339233,-55.647090911865234,89.07061004638672,1.3866409063339233,-55.647090911865234,89.07061004638672,Go,Stepping
1780509982.6289754,22018.615036828,-1.3866409063339233,-55.647098541259766,89.07061004638672,1.3866409063339233,-55.647098541259766,89.07061004638672,-1.3866409063339233,-55.647090911865234,89.07061004638672,1.3866409063339233,-55.647090911865234,89.07061004638672,Go,Stepping
1780509982.6489732,22018.635263535,-1.3866409063339233,-55.647098541259766,89.07061004638672,1.3866409063339233,-55.647098541259766,89.07061004638672,-1.3866409063339233,-55.647090911865234,89.07061004638672,1.3866409063339233,-55.647090911865234,89.07061004638672,Go,Stepping
1780509982.6689723,22018.655142591,-1.3866409063339233,-55.647098541259766,89.07061004638672,1.3866409063339233,-55.647098541259766,89.07061004638672,-1.3866409063339233,-55.647090911865234,89.07061004638672,1.3866409063339233,-55.647090911865234,89.07061004638672,Go,Stepping
1780509982.6890702,22018.674822415,-1.3866409063339233,-55.647098541259766,89.07061004638672,1.3866409063339233,-55.647098541259766,89.07061004638672,-1.3866409063339233,-55.647090911865234,89.07061004638672,1.3866409063339233,-55.647090911865234,89.07061004638672,Go,Stepping
1780509982.7089772,22018.69511746,-1.3866409063339233,-55.647098541259766,89.07061004638672,1.3866409063339233,-55.647098541259766,89.07061004638672,-1.3866409063339233,-55.647090911865234,89.07061004638672,1.3866409063339233,-55.647090911865234,89.07061004638672,Go,Stepping
1780509982.7289643,22018.715034314,-1.3866409063339233,-55.647098541259766,89.07061004638672,1.3866409063339233,-55.647098541259766,89.07061004638672,-1.3866409063339233,-55.647090911865234,89.07061004638672,1.3866409063339233,-55.647090911865234,89.07061004638672,Go,Stepping
1780509982.7489705,22018.735443572,-1.3866409063339233,-55.647098541259766,89.07061004638672,1.3866409063339233,-55.647098541259766,89.07061004638672,-1.3866409063339233,-55.647090911865234,89.07061004638672,1.3866409063339233,-55.647090911865234,89.07061004638672,Go,Stepping
1780509982.768973,22018.755620834,-1.3866409063339233,-55.647098541259766,89.07061004638672,1.3866409063339233,-55.647098541259766,89.07061004638672,-1.3866409063339233,-55.647090911865234,89.07061004638672,1.3866409063339233,-55.647090911865234,89.07061004638672,Go,Stepping
1780509982.7889817,22018.776675659,-1.3866409063339233,-55.647098541259766,89.07061004638672,1.3866409063339233,-55.647098541259766,89.07061004638672,-1.3866409063339233,-55.647090911865234,89.07061004638672,1.3866409063339233,-55.647090911865234,89.07061004638672,Go,Stepping
1780509982.8089678,22018.795781447,-1.3866409063339233,-55.647098541259766,89.07061004638672,1.3866409063339233,-55.647098541259766,89.07061004638672,-1.3866409063339233,-55.647090911865234,89.07061004638672,1.3866409063339233,-55.647090911865234,89.07061004638672,Go,Stepping
1780509982.8289754,22018.815497722,-1.3866409063339233,-55.647098541259766,89.07061004638672,1.3866409063339233,-55.647098541259766,89.07061004638672,-1.3866409063339233,-55.647090911865234,89.07061004638672,1.3866409063339233,-55.647090911865234,89.07061004638672,Go,Stepping
1780509982.848923,22018.834835966,-1.3866409063339233,-55.647098541259766,89.07061004638672,1.3866409063339233,-55.647098541259766,89.07061004638672,-1.3866409063339233,-55.647090911865234,89.07061004638672,1.3866409063339233,-55.647090911865234,89.07061004638672,Go,Stepping
1780509982.8689828,22018.855697508,-1.3866409063339233,-55.647098541259766,89.07061004638672,1.3866409063339233,-55.647098541259766,89.07061004638672,-1.3866409063339233,-55.647090911865234,89.07061004638672,1.3866409063339233,-55.647090911865234,89.07061004638672,Go,Stepping
1780509982.8889818,22018.875145599,-1.3866409063339233,-55.647098541259766,89.07061004638672,1.3866409063339233,-55.647098541259766,89.07061004638672,-1.3866409063339233,-55.647090911865234,89.07061004638672,1.3866409063339233,-55.647090911865234,89.07061004638672,Go,Stepping
1780509982.909001,22018.895877804,-1.3866409063339233,-55.647098541259766,89.07061004638672,1.3866409063339233,-55.647098541259766,89.07061004638672,-1.3866409063339233,-55.647090911865234,89.07061004638672,1.3866409063339233,-55.647090911865234,89.07061004638672,Go,Stepping
1780509982.9290462,22018.91589052,-1.3866409063339233,-55.647098541259766,89.07061004638672,1.3866409063339233,-55.647098541259766,89.07061004638672,-1.3866409063339233,-55.647090911865234,89.07061004638672,1.3866409063339233,-55.647090911865234,89.07061004638672,Go,Stepping
1780509982.9490001,22018.935606214,-1.3866409063339233,-55.647098541259766,89.07061004638672,1.3866409063339233,-55.647098541259766,89.07061004638672,-1.3866409063339233,-55.647090911865234,89.07061004638672,1.3866409063339233,-55.647090911865234,89.07061004638672,Go,Stepping
1780509982.9689913,22018.955276017,-1.3866409063339233,-55.647098541259766,89.07061004638672,1.3866409063339233,-55.647098541259766,89.07061004638672,-1.3866409063339233,-55.647090911865234,89.07061004638672,1.3866409063339233,-55.647090911865234,89.07061004638672,Go,Stepping
1780509982.9889905,22018.974970923,-1.3866409063339233,-55.647098541259766,89.07061004638672,1.3866409063339233,-55.647098541259766,89.07061004638672,-1.3866409063339233,-55.647090911865234,89.07061004638672,1.3866409063339233,-55.647090911865234,89.07061004638672,Go,Stepping
1780509983.008986,22018.995275803,-1.3866409063339233,-55.647098541259766,89.07061004638672,1.3866409063339233,-55.647098541259766,89.07061004638672,-1.3866409063339233,-55.647090911865234,89.07061004638672,1.3866409063339233,-55.647090911865234,89.07061004638672,Go,Stepping
1780509983.0289948,22019.0166319,-1.3866409063339233,-55.647098541259766,89.07061004638672,1.3866409063339233,-55.647098541259766,89.07061004638672,-1.3866409063339233,-55.647090911865234,89.07061004638672,1.3866409063339233,-55.647090911865234,89.07061004638672,Go,Stepping
1780509983.0489848,22019.036139741,-1.3866409063339233,-55.647098541259766,89.07061004638672,1.3866409063339233,-55.647098541259766,89.07061004638672,-1.3866409063339233,-55.647090911865234,89.07061004638672,1.3866409063339233,-55.647090911865234,89.07061004638672,Go,Stepping
1780509983.0689914,22019.056113336,-1.3866409063339233,-55.647098541259766,89.07061004638672,1.3866409063339233,-55.647098541259766,89.07061004638672,-1.3866409063339233,-55.647090911865234,89.07061004638672,1.3866409063339233,-55.647090911865234,89.07061004638672,Go,Stepping
1780509983.0889883,22019.075036276,-1.3866409063339233,-55.647098541259766,89.07061004638672,1.3866409063339233,-55.647098541259766,89.07061004638672,-1.3866409063339233,-55.647090911865234,89.07061004638672,1.3866409063339233,-55.647090911865234,89.07061004638672,Go,Stepping
1780509983.1089847,22019.094780524,-1.3866409063339233,-55.647098541259766,89.07061004638672,1.3866409063339233,-55.647098541259766,89.07061004638672,-1.3866409063339233,-55.647090911865234,89.07061004638672,1.3866409063339233,-55.647090911865234,89.07061004638672,Go,Stepping
1780509983.1290035,22019.115015383,-1.3866409063339233,-55.647098541259766,89.07061004638672,1.3866409063339233,-55.647098541259766,89.07061004638672,-1.3866409063339233,-55.647090911865234,89.07061004638672,1.3866409063339233,-55.647090911865234,89.07061004638672,Go,Stepping
1780509983.149013,22019.135764504,-1.3866409063339233,-55.647098541259766,89.07061004638672,1.3866409063339233,-55.647098541259766,89.07061004638672,-1.3866409063339233,-55.647090911865234,89.07061004638672,1.3866409063339233,-55.647090911865234,89.07061004638672,Go,Stepping
1780509983.1690114,22019.155247598,-1.3866409063339233,-55.647098541259766,89.07061004638672,1.3866409063339233,-55.647098541259766,89.07061004638672,-1.3866409063339233,-55.647090911865234,89.07061004638672,1.3866409063339233,-55.647090911865234,89.07061004638672,Go,Stepping
1780509983.1889813,22019.175486164,-1.3866409063339233,-55.647098541259766,89.07061004638672,1.3866409063339233,-55.647098541259766,89.07061004638672,-1.3866409063339233,-55.647090911865234,89.07061004638672,1.3866409063339233,-55.647090911865234,89.07061004638672,Go,Stepping
1780509983.2090967,22019.195077214,-1.3866409063339233,-55.647098541259766,89.07061004638672,1.3866409063339233,-55.647098541259766,89.07061004638672,-1.3866409063339233,-55.647090911865234,89.07061004638672,1.3866409063339233,-55.647090911865234,89.07061004638672,Go,Stepping
1780509983.2289872,22019.216936817,-1.3866409063339233,-55.647098541259766,89.07061004638672,1.3866409063339233,-55.647098541259766,89.07061004638672,-1.3866409063339233,-55.647090911865234,89.07061004638672,1.3866409063339233,-55.647090911865234,89.07061004638672,Go,Stepping
1780509983.2489815,22019.235602893,-1.3866409063339233,-55.647098541259766,89.07061004638672,1.3866409063339233,-55.647098541259766,89.07061004638672,-1.3866409063339233,-55.647090911865234,89.07061004638672,1.3866409063339233,-55.647090911865234,89.07061004638672,Go,Stepping
1780509983.2689977,22019.255196223,-1.3866409063339233,-55.647098541259766,89.07061004638672,1.3866409063339233,-55.647098541259766,89.07061004638672,-1.3866409063339233,-55.647090911865234,89.07061004638672,1.3866409063339233,-55.647090911865234,89.07061004638672,Go,Stepping
1780509983.2889788,22019.274990852,-1.3866409063339233,-55.647098541259766,89.07061004638672,1.3866409063339233,-55.647098541259766,89.07061004638672,-1.3866409063339233,-55.647090911865234,89.07061004638672,1.3866409063339233,-55.647090911865234,89.07061004638672,Go,Stepping
1780509983.30901,22019.295344358,-1.3866409063339233,-55.647098541259766,89.07061004638672,1.3866409063339233,-55.647098541259766,89.07061004638672,-1.3866409063339233,-55.647090911865234,89.07061004638672,1.3866409063339233,-55.647090911865234,89.07061004638672,Go,Stepping
1780509983.3289208,22019.31522586,-1.3866409063339233,-55.647098541259766,89.07061004638672,1.3866409063339233,-55.647098541259766,89.07061004638672,-1.3866409063339233,-55.647090911865234,89.07061004638672,1.3866409063339233,-55.647090911865234,89.07061004638672,Go,Stepping
1780509983.3490002,22019.335528499,-1.3866409063339233,-55.647098541259766,89.07061004638672,1.3866409063339233,-55.647098541259766,89.07061004638672,-1.3866409063339233,-55.647090911865234,89.07061004638672,1.3866409063339233,-55.647090911865234,89.07061004638672,Go,Stepping
1780509983.369011,22019.356796074,-1.3866409063339233,-55.647098541259766,89.07061004638672,1.3866409063339233,-55.647098541259766,89.07061004638672,-1.3866409063339233,-55.647090911865234,89.07061004638672,1.3866409063339233,-55.647090911865234,89.07061004638672,Go,Stepping
1780509983.389011,22019.375457093,-1.3866409063339233,-55.647098541259766,89.07061004638672,1.3866409063339233,-55.647098541259766,89.07061004638672,-1.3866409063339233,-55.647090911865234,89.07061004638672,1.3866409063339233,-55.647090911865234,89.07061004638672,Go,Stepping
1780509983.4090223,22019.395369193,-1.3866409063339233,-55.647098541259766,89.07061004638672,1.3866409063339233,-55.647098541259766,89.07061004638672,-1.3866409063339233,-55.647090911865234,89.07061004638672,1.3866409063339233,-55.647090911865234,89.07061004638672,Go,Stepping
1780509983.4290047,22019.415272761,-1.3866409063339233,-55.647098541259766,89.07061004638672,1.3866409063339233,-55.647098541259766,89.07061004638672,-1.3866409063339233,-55.647090911865234,89.07061004638672,1.3866409063339233,-55.647090911865234,89.07061004638672,Go,Stepping
1780509983.449007,22019.435720363,-1.3866409063339233,-55.647098541259766,89.07061004638672,1.3866409063339233,-55.647098541259766,89.07061004638672,-1.3866409063339233,-55.647090911865234,89.07061004638672,1.3866409063339233,-55.647090911865234,89.07061004638672,Go,Stepping
1780509983.4689996,22019.458131243,-1.3866409063339233,-55.647098541259766,89.07061004638672,1.3866409063339233,-55.647098541259766,89.07061004638672,-1.3866409063339233,-55.647090911865234,89.07061004638672,1.3866409063339233,-55.647090911865234,89.07061004638672,Go,Stepping
1780509983.4889998,22019.474864704,-1.3866409063339233,-55.647098541259766,89.07061004638672,1.3866409063339233,-55.647098541259766,89.07061004638672,-1.3866409063339233,-55.647090911865234,89.07061004638672,1.3866409063339233,-55.647090911865234,89.07061004638672,Go,Stepping
1780509983.5090528,22019.495328286,-1.3866409063339233,-55.647098541259766,89.07061004638672,1.3866409063339233,-55.647098541259766,89.07061004638672,-1.3866409063339233,-55.647090911865234,89.07061004638672,1.3866409063339233,-55.647090911865234,89.07061004638672,Go,Stepping
1780509983.5290115,22019.515102206,-1.3866409063339233,-55.647098541259766,89.07061004638672,1.3866409063339233,-55.647098541259766,89.07061004638672,-1.3866409063339233,-55.647090911865234,89.07061004638672,1.3866409063339233,-55.647090911865234,89.07061004638672,Go,Stepping
1780509983.549018,22019.535509816,-1.3866409063339233,-55.647098541259766,89.07061004638672,1.3866409063339233,-55.647098541259766,89.07061004638672,-1.3866409063339233,-55.647090911865234,89.07061004638672,1.3866409063339233,-55.647090911865234,89.07061004638672,Go,Stepping
1780509983.5690525,22019.558610028,-1.3866409063339233,-55.647098541259766,89.07061004638672,1.3866409063339233,-55.647098541259766,89.07061004638672,-1.3866409063339233,-55.647090911865234,89.07061004638672,1.3866409063339233,-55.647090911865234,89.07061004638672,Go,Stepping
1780509983.5890012,22019.575812924,-1.3866409063339233,-55.647098541259766,89.07061004638672,1.3866409063339233,-55.647098541259766,89.07061004638672,-1.3866409063339233,-55.647090911865234,89.07061004638672,1.3866409063339233,-55.647090911865234,89.07061004638672,Go,Stepping
1780509983.609006,22019.595250578,-1.3866409063339233,-55.647098541259766,89.07061004638672,1.3866409063339233,-55.647098541259766,89.07061004638672,-1.3866409063339233,-55.647090911865234,89.07061004638672,1.3866409063339233,-55.647090911865234,89.07061004638672,Go,Stepping
1780509983.6290464,22019.616621014,-1.3866409063339233,-55.647098541259766,89.07061004638672,1.3866409063339233,-55.647098541259766,89.07061004638672,-1.3866409063339233,-55.647090911865234,89.07061004638672,1.3866409063339233,-55.647090911865234,89.07061004638672,Go,Stepping
1780509983.6490088,22019.634594551,-1.3866409063339233,-55.647098541259766,89.07061004638672,1.3866409063339233,-55.647098541259766,89.07061004638672,-1.3866409063339233,-55.647090911865234,89.07061004638672,1.3866409063339233,-55.647090911865234,89.07061004638672,Go,Stepping
1780509983.6690004,22019.654863706,-1.3866409063339233,-55.647098541259766,89.07061004638672,1.3866409063339233,-55.647098541259766,89.07061004638672,-1.3866409063339233,-55.647090911865234,89.07061004638672,1.3866409063339233,-55.647090911865234,89.07061004638672,Go,Stepping
1780509983.6890004,22019.675487391,-1.3866409063339233,-55.647098541259766,89.07061004638672,1.3866409063339233,-55.647098541259766,89.07061004638672,-1.3866409063339233,-55.647090911865234,89.07061004638672,1.3866409063339233,-55.647090911865234,89.07061004638672,Go,Stepping
1780509983.708986,22019.694885745,-1.3866409063339233,-55.647098541259766,89.07061004638672,1.3866409063339233,-55.647098541259766,89.07061004638672,-1.3866409063339233,-55.647090911865234,89.07061004638672,1.3866409063339233,-55.647090911865234,89.07061004638672,Go,Stepping
1780509983.728988,22019.715426837,-1.3866409063339233,-55.647098541259766,89.07061004638672,1.3866409063339233,-55.647098541259766,89.07061004638672,-1.3866409063339233,-55.647090911865234,89.07061004638672,1.3866409063339233,-55.647090911865234,89.07061004638672,Go,Stepping
1780509983.7489872,22019.735501978,-1.3866409063339233,-55.647098541259766,89.07061004638672,1.3866409063339233,-55.647098541259766,89.07061004638672,-1.3866409063339233,-55.647090911865234,89.07061004638672,1.3866409063339233,-55.647090911865234,89.07061004638672,Go,Stepping
1780509983.7689807,22019.755500429,-1.3866409063339233,-55.647098541259766,89.07061004638672,1.3866409063339233,-55.647098541259766,89.07061004638672,-1.3866409063339233,-55.647090911865234,89.07061004638672,1.3866409063339233,-55.647090911865234,89.07061004638672,Go,Stepping
1780509983.7889905,22019.77579044,-1.3866409063339233,-55.647098541259766,89.07061004638672,1.3866409063339233,-55.647098541259766,89.07061004638672,-1.3866409063339233,-55.647090911865234,89.07061004638672,1.3866409063339233,-55.647090911865234,89.07061004638672,Go,Stepping
1780509983.8089914,22019.795458662,-1.3866409063339233,-55.647098541259766,89.07061004638672,1.3866409063339233,-55.647098541259766,89.07061004638672,-1.3866409063339233,-55.647090911865234,89.07061004638672,1.3866409063339233,-55.647090911865234,89.07061004638672,Go,Stepping
1780509983.828987,22019.815961018,-1.3866409063339233,-55.647098541259766,89.07061004638672,1.3866409063339233,-55.647098541259766,89.07061004638672,-1.3866409063339233,-55.647090911865234,89.07061004638672,1.3866409063339233,-55.647090911865234,89.07061004638672,Go,Stepping
1780509983.8489988,22019.835349512,-1.3866409063339233,-55.647098541259766,89.07061004638672,1.3866409063339233,-55.647098541259766,89.07061004638672,-1.3866409063339233,-55.647090911865234,89.07061004638672,1.3866409063339233,-55.647090911865234,89.07061004638672,Go,Stepping
1780509983.869058,22019.855130426,-1.3866409063339233,-55.647098541259766,89.07061004638672,1.3866409063339233,-55.647098541259766,89.07061004638672,-1.3866409063339233,-55.647090911865234,89.07061004638672,1.3866409063339233,-55.647090911865234,89.07061004638672,Go,Stepping
1780509983.889009,22019.874800379,-1.3866409063339233,-55.647098541259766,89.07061004638672,1.3866409063339233,-55.647098541259766,89.07061004638672,-1.3866409063339233,-55.647090911865234,89.07061004638672,1.3866409063339233,-55.647090911865234,89.07061004638672,Go,Stepping
1780509983.9090106,22019.895092182,-1.3866409063339233,-55.647098541259766,89.07061004638672,1.3866409063339233,-55.647098541259766,89.07061004638672,-1.3866409063339233,-55.647090911865234,89.07061004638672,1.3866409063339233,-55.647090911865234,89.07061004638672,Go,Stepping
1780509983.9290607,22019.915301743,-1.3866409063339233,-55.647098541259766,89.07061004638672,1.3866409063339233,-55.647098541259766,89.07061004638672,-1.3866409063339233,-55.647090911865234,89.07061004638672,1.3866409063339233,-55.647090911865234,89.07061004638672,Go,Stepping
1780509983.949037,22019.935221606,-1.3866409063339233,-55.647098541259766,89.07061004638672,1.3866409063339233,-55.647098541259766,89.07061004638672,-1.3866409063339233,-55.647090911865234,89.07061004638672,1.3866409063339233,-55.647090911865234,89.07061004638672,Go,Stepping
1780509983.9690812,22019.954865857,-1.3866409063339233,-55.647098541259766,89.07061004638672,1.3866409063339233,-55.647098541259766,89.07061004638672,-1.3866409063339233,-55.647090911865234,89.07061004638672,1.3866409063339233,-55.647090911865234,89.07061004638672,Go,Stepping
1780509983.9890585,22019.97499892,-1.3866409063339233,-55.647098541259766,89.07061004638672,1.3866409063339233,-55.647098541259766,89.07061004638672,-1.3866409063339233,-55.647090911865234,89.07061004638672,1.3866409063339233,-55.647090911865234,89.07061004638672,Go,Stepping
1780509984.0090494,22019.995395564,-1.3866409063339233,-55.647098541259766,89.07061004638672,1.3866409063339233,-55.647098541259766,89.07061004638672,-1.3866409063339233,-55.647090911865234,89.07061004638672,1.3866409063339233,-55.647090911865234,89.07061004638672,Go,Stepping
1780509984.0290663,22020.016258173,-1.3866409063339233,-55.647098541259766,89.07061004638672,1.3866409063339233,-55.647098541259766,89.07061004638672,-1.3866409063339233,-55.647090911865234,89.07061004638672,1.3866409063339233,-55.647090911865234,89.07061004638672,Go,Stepping
1780509984.0490687,22020.03592332,-1.3866409063339233,-55.647098541259766,89.07061004638672,1.3866409063339233,-55.647098541259766,89.07061004638672,-1.3866409063339233,-55.647090911865234,89.07061004638672,1.3866409063339233,-55.647090911865234,89.07061004638672,Go,Stepping
1780509984.069034,22020.055121671,-1.3866409063339233,-55.647098541259766,89.07061004638672,1.3866409063339233,-55.647098541259766,89.07061004638672,-1.3866409063339233,-55.647090911865234,89.07061004638672,1.3866409063339233,-55.647090911865234,89.07061004638672,Go,Stepping
1780509984.0890365,22020.076021498,-1.3866409063339233,-55.647098541259766,89.07061004638672,1.3866409063339233,-55.647098541259766,89.07061004638672,-1.3866409063339233,-55.647090911865234,89.07061004638672,1.3866409063339233,-55.647090911865234,89.07061004638672,Go,Stepping
1780509984.109064,22020.095314978,-1.3866409063339233,-55.647098541259766,89.07061004638672,1.3866409063339233,-55.647098541259766,89.07061004638672,-1.3866409063339233,-55.647090911865234,89.07061004638672,1.3866409063339233,-55.647090911865234,89.07061004638672,Go,Stepping
1780509984.1290252,22020.1156341,-1.3866409063339233,-55.647098541259766,89.07061004638672,1.3866409063339233,-55.647098541259766,89.07061004638672,-1.3866409063339233,-55.647090911865234,89.07061004638672,1.3866409063339233,-55.647090911865234,89.07061004638672,Go,Stepping
1780509984.1490197,22020.135777495,-1.3866409063339233,-55.647098541259766,89.07061004638672,1.3866409063339233,-55.647098541259766,89.07061004638672,-1.3866409063339233,-55.647090911865234,89.07061004638672,1.3866409063339233,-55.647090911865234,89.07061004638672,Go,Stepping
1780509984.1690605,22020.154984188,-1.3866409063339233,-55.647098541259766,89.07061004638672,1.3866409063339233,-55.647098541259766,89.07061004638672,-1.3866409063339233,-55.647090911865234,89.07061004638672,1.3866409063339233,-55.647090911865234,89.07061004638672,Go,Stepping
1780509984.1890435,22020.175216611,-1.3866409063339233,-55.647098541259766,89.07061004638672,1.3866409063339233,-55.647098541259766,89.07061004638672,-1.3866409063339233,-55.647090911865234,89.07061004638672,1.3866409063339233,-55.647090911865234,89.07061004638672,Go,Stepping
1780509984.2090125,22020.199187342,-1.3866409063339233,-55.647098541259766,89.07061004638672,1.3866409063339233,-55.647098541259766,89.07061004638672,-1.3866409063339233,-55.647090911865234,89.07061004638672,1.3866409063339233,-55.647090911865234,89.07061004638672,Go,Stepping
1780509984.229007,22020.215651813,-1.3866409063339233,-55.647098541259766,89.07061004638672,1.3866409063339233,-55.647098541259766,89.07061004638672,-1.3866409063339233,-55.647090911865234,89.07061004638672,1.3866409063339233,-55.647090911865234,89.07061004638672,Go,Stepping
1780509984.249014,22020.236062072,-1.3866409063339233,-55.647098541259766,89.07061004638672,1.3866409063339233,-55.647098541259766,89.07061004638672,-1.3866409063339233,-55.647090911865234,89.07061004638672,1.3866409063339233,-55.647090911865234,89.07061004638672,Go,Stepping
1780509984.2690282,22020.257091881,-1.3866409063339233,-55.647098541259766,89.07061004638672,1.3866409063339233,-55.647098541259766,89.07061004638672,-1.3866409063339233,-55.647090911865234,89.07061004638672,1.3866409063339233,-55.647090911865234,89.07061004638672,Go,Stepping
1780509984.2890058,22020.276101785,-1.3866409063339233,-55.647098541259766,89.07061004638672,1.3866409063339233,-55.647098541259766,89.07061004638672,-1.3866409063339233,-55.647090911865234,89.07061004638672,1.3866409063339233,-55.647090911865234,89.07061004638672,Go,Stepping
1780509984.3090487,22020.29488957,-1.3866409063339233,-55.647098541259766,89.07061004638672,1.3866409063339233,-55.647098541259766,89.07061004638672,-1.3866409063339233,-55.647090911865234,89.07061004638672,1.3866409063339233,-55.647090911865234,89.07061004638672,Go,Stepping
1780509984.329021,22020.31505435,-1.3866409063339233,-55.647098541259766,89.07061004638672,1.3866409063339233,-55.647098541259766,89.07061004638672,-1.3866409063339233,-55.647090911865234,89.07061004638672,1.3866409063339233,-55.647090911865234,89.07061004638672,Go,Stepping
1780509984.3489888,22020.336364128,-1.3866409063339233,-55.647098541259766,89.07061004638672,1.3866409063339233,-55.647098541259766,89.07061004638672,-1.3866409063339233,-55.647090911865234,89.07061004638672,1.3866409063339233,-55.647090911865234,89.07061004638672,Go,Stepping
1780509984.3690288,22020.355451261,-1.3866409063339233,-55.647098541259766,89.07061004638672,1.3866409063339233,-55.647098541259766,89.07061004638672,-1.3866409063339233,-55.647090911865234,89.07061004638672,1.3866409063339233,-55.647090911865234,89.07061004638672,Go,Stepping
1780509984.389048,22020.377770145,-1.3866409063339233,-55.647098541259766,89.07061004638672,1.3866409063339233,-55.647098541259766,89.07061004638672,-1.3866409063339233,-55.647090911865234,89.07061004638672,1.3866409063339233,-55.647090911865234,89.07061004638672,Go,Stepping
1780509984.40906,22020.398920388,-1.3866409063339233,-55.647098541259766,89.07061004638672,1.3866409063339233,-55.647098541259766,89.07061004638672,-1.3866409063339233,-55.647090911865234,89.07061004638672,1.3866409063339233,-55.647090911865234,89.07061004638672,Go,Stepping
1780509984.4290602,22020.421187835,-1.3866409063339233,-55.647098541259766,89.07061004638672,1.3866409063339233,-55.647098541259766,89.07061004638672,-1.3866409063339233,-55.647090911865234,89.07061004638672,1.3866409063339233,-55.647090911865234,89.07061004638672,Go,Stepping
1780509984.4490564,22020.435089652,-1.3866409063339233,-55.647098541259766,89.07061004638672,1.3866409063339233,-55.647098541259766,89.07061004638672,-1.3866409063339233,-55.647090911865234,89.07061004638672,1.3866409063339233,-55.647090911865234,89.07061004638672,Go,Stepping
1780509984.469047,22020.455154146,-1.3866409063339233,-55.647098541259766,89.07061004638672,1.3866409063339233,-55.647098541259766,89.07061004638672,-1.3866409063339233,-55.647090911865234,89.07061004638672,1.3866409063339233,-55.647090911865234,89.07061004638672,Go,Stepping
1780509984.489076,22020.475170325,-1.3866409063339233,-55.647098541259766,89.07061004638672,1.3866409063339233,-55.647098541259766,89.07061004638672,-1.3866409063339233,-55.647090911865234,89.07061004638672,1.3866409063339233,-55.647090911865234,89.07061004638672,Go,Stepping
1780509984.5090566,22020.494893538,-1.3866409063339233,-55.647098541259766,89.07061004638672,1.3866409063339233,-55.647098541259766,89.07061004638672,-1.3866409063339233,-55.647090911865234,89.07061004638672,1.3866409063339233,-55.647090911865234,89.07061004638672,Go,Stepping
1780509984.5292377,22020.515226499,-1.3866409063339233,-55.647098541259766,89.07061004638672,1.3866409063339233,-55.647098541259766,89.07061004638672,-1.3866409063339233,-55.647090911865234,89.07061004638672,1.3866409063339233,-55.647090911865234,89.07061004638672,Go,Stepping
1780509984.5492752,22020.536990404,-1.3866409063339233,-55.647098541259766,89.07061004638672,1.3866409063339233,-55.647098541259766,89.07061004638672,-1.3866409063339233,-55.647090911865234,89.07061004638672,1.3866409063339233,-55.647090911865234,89.07061004638672,Go,Stepping
1780509984.5690608,22020.555367063,-1.3866409063339233,-55.647098541259766,89.07061004638672,1.3866409063339233,-55.647098541259766,89.07061004638672,-1.3866409063339233,-55.647090911865234,89.07061004638672,1.3866409063339233,-55.647090911865234,89.07061004638672,Go,Stepping
1780509984.5890598,22020.574742067,-1.3866409063339233,-55.647098541259766,89.07061004638672,1.3866409063339233,-55.647098541259766,89.07061004638672,-1.3866409063339233,-55.647090911865234,89.07061004638672,1.3866409063339233,-55.647090911865234,89.07061004638672,Go,Stepping
1780509984.6090536,22020.59503993,-1.3866409063339233,-55.647098541259766,89.07061004638672,1.3866409063339233,-55.647098541259766,89.07061004638672,-1.3866409063339233,-55.647090911865234,89.07061004638672,1.3866409063339233,-55.647090911865234,89.07061004638672,Go,Stepping
1780509984.629001,22020.615259622,-1.3866409063339233,-55.647098541259766,89.07061004638672,1.3866409063339233,-55.647098541259766,89.07061004638672,-1.3866409063339233,-55.647090911865234,89.07061004638672,1.3866409063339233,-55.647090911865234,89.07061004638672,Go,Stepping
1780509984.649341,22020.635410535,-1.3866409063339233,-55.647098541259766,89.07061004638672,1.3866409063339233,-55.647098541259766,89.07061004638672,-1.3866409063339233,-55.647090911865234,89.07061004638672,1.3866409063339233,-55.647090911865234,89.07061004638672,Go,Stepping
1780509984.6690035,22020.655791598,-1.3866409063339233,-55.647098541259766,89.07061004638672,1.3866409063339233,-55.647098541259766,89.07061004638672,-1.3866409063339233,-55.647090911865234,89.07061004638672,1.3866409063339233,-55.647090911865234,89.07061004638672,Go,Stepping
1780509984.6890259,22020.675680989,-1.3866409063339233,-55.647098541259766,89.07061004638672,1.3866409063339233,-55.647098541259766,89.07061004638672,-1.3866409063339233,-55.647090911865234,89.07061004638672,1.3866409063339233,-55.647090911865234,89.07061004638672,Go,Stepping
1780509984.7092755,22020.695368458,-1.3866409063339233,-55.647098541259766,89.07061004638672,1.3866409063339233,-55.647098541259766,89.07061004638672,-1.3866409063339233,-55.647090911865234,89.07061004638672,1.3866409063339233,-55.647090911865234,89.07061004638672,Go,Stepping
1780509984.7290196,22020.71503492,-1.3866409063339233,-55.647098541259766,89.07061004638672,1.3866409063339233,-55.647098541259766,89.07061004638672,-1.3866409063339233,-55.647090911865234,89.07061004638672,1.3866409063339233,-55.647090911865234,89.07061004638672,Go,Stepping
1780509984.749037,22020.734889099,-1.3866409063339233,-55.647098541259766,89.07061004638672,1.3866409063339233,-55.647098541259766,89.07061004638672,-1.3866409063339233,-55.647090911865234,89.07061004638672,1.3866409063339233,-55.647090911865234,89.07061004638672,Go,Stepping
1780509984.769289,22020.75560738,-1.3866409063339233,-55.647098541259766,89.07061004638672,1.3866409063339233,-55.647098541259766,89.07061004638672,-1.3866409063339233,-55.647090911865234,89.07061004638672,1.3866409063339233,-55.647090911865234,89.07061004638672,Go,Stepping
1780509984.7890487,22020.775660919,-1.3866409063339233,-55.647098541259766,89.07061004638672,1.3866409063339233,-55.647098541259766,89.07061004638672,-1.3866409063339233,-55.647090911865234,89.07061004638672,1.3866409063339233,-55.647090911865234,89.07061004638672,Go,Stepping
1780509984.8090236,22020.795588925,-1.3866409063339233,-55.647098541259766,89.07061004638672,1.3866409063339233,-55.647098541259766,89.07061004638672,-1.3866409063339233,-55.647090911865234,89.07061004638672,1.3866409063339233,-55.647090911865234,89.07061004638672,Go,Stepping
1780509984.8290281,22020.815348831,-1.3866409063339233,-55.647098541259766,89.07061004638672,1.3866409063339233,-55.647098541259766,89.07061004638672,-1.3866409063339233,-55.647090911865234,89.07061004638672,1.3866409063339233,-55.647090911865234,89.07061004638672,Go,Stepping
1780509984.8490224,22020.834985133,-1.3866409063339233,-55.647098541259766,89.07061004638672,1.3866409063339233,-55.647098541259766,89.07061004638672,-1.3866409063339233,-55.647090911865234,89.07061004638672,1.3866409063339233,-55.647090911865234,89.07061004638672,Go,Stepping
1780509984.86903,22020.855188259,-1.3866409063339233,-55.647098541259766,89.07061004638672,1.3866409063339233,-55.647098541259766,89.07061004638672,-1.3866409063339233,-55.647090911865234,89.07061004638672,1.3866409063339233,-55.647090911865234,89.07061004638672,Go,Stepping
1780509984.88903,22020.874923322,-1.3866409063339233,-55.647098541259766,89.07061004638672,1.3866409063339233,-55.647098541259766,89.07061004638672,-1.3866409063339233,-55.647090911865234,89.07061004638672,1.3866409063339233,-55.647090911865234,89.07061004638672,Go,Stepping
1780509984.9090157,22020.89738872,-1.3866409063339233,-55.647098541259766,89.07061004638672,1.3866409063339233,-55.647098541259766,89.07061004638672,-1.3866409063339233,-55.647090911865234,89.07061004638672,1.3866409063339233,-55.647090911865234,89.07061004638672,Go,Stepping
1780509984.9290266,22020.915717997,-1.3866409063339233,-55.647098541259766,89.07061004638672,1.3866409063339233,-55.647098541259766,89.07061004638672,-1.3866409063339233,-55.647090911865234,89.07061004638672,1.3866409063339233,-55.647090911865234,89.07061004638672,Go,Stepping
1780509984.9490294,22020.937840258,-1.3866409063339233,-55.647098541259766,89.07061004638672,1.3866409063339233,-55.647098541259766,89.07061004638672,-1.3866409063339233,-55.647090911865234,89.07061004638672,1.3866409063339233,-55.647090911865234,89.07061004638672,Go,Stepping
1780509984.969021,22020.954579164,-1.3866409063339233,-55.647098541259766,89.07061004638672,1.3866409063339233,-55.647098541259766,89.07061004638672,-1.3866409063339233,-55.647090911865234,89.07061004638672,1.3866409063339233,-55.647090911865234,89.07061004638672,Go,Stepping
1780509984.9890277,22020.975722202,-1.3866409063339233,-55.647098541259766,89.07061004638672,1.3866409063339233,-55.647098541259766,89.07061004638672,-1.3866409063339233,-55.647090911865234,89.07061004638672,1.3866409063339233,-55.647090911865234,89.07061004638672,Go,Stepping
1780509985.0090172,22020.996035524,-1.3866409063339233,-55.647098541259766,89.07061004638672,1.3866409063339233,-55.647098541259766,89.07061004638672,-1.3866409063339233,-55.647090911865234,89.07061004638672,1.3866409063339233,-55.647090911865234,89.07061004638672,Stop,Stepping
1780509985.0290189,22021.015794004,-1.3866409063339233,-55.647098541259766,89.07061004638672,1.3866409063339233,-55.647098541259766,89.07061004638672,-1.3866409063339233,-55.647090911865234,89.07061004638672,1.3866409063339233,-55.647090911865234,89.07061004638672,Stop,Stepping
1780509985.0491161,22021.035188451,-1.3866409063339233,-55.647098541259766,89.07061004638672,1.3866409063339233,-55.647098541259766,89.07061004638672,-1.3866409063339233,-55.647090911865234,89.07061004638672,1.3866409063339233,-55.647090911865234,89.07061004638672,Stop,Stepping
1780509985.069064,22021.067717415,-1.3866409063339233,-55.647098541259766,89.07061004638672,1.3866409063339233,-55.647098541259766,89.07061004638672,-1.3866409063339233,-55.647090911865234,89.07061004638672,1.3866409063339233,-55.647090911865234,89.07061004638672,Stop,Stepping
1780509985.0889728,22021.074877858,-1.3866409063339233,-55.647098541259766,89.07061004638672,1.3866409063339233,-55.647098541259766,89.07061004638672,-1.3866409063339233,-55.647090911865234,89.07061004638672,1.3866409063339233,-55.647090911865234,89.07061004638672,Stop,Stepping
1780509985.109327,22021.097484389,-1.3866409063339233,-55.647098541259766,89.07061004638672,1.3866409063339233,-55.647098541259766,89.07061004638672,-1.3866409063339233,-55.647090911865234,89.07061004638672,1.3866409063339233,-55.647090911865234,89.07061004638672,Stop,Stepping
1780509985.1290436,22021.117672388,-1.3866409063339233,-55.647098541259766,89.07061004638672,1.3866409063339233,-55.647098541259766,89.07061004638672,-1.3866409063339233,-55.647090911865234,89.07061004638672,1.3866409063339233,-55.647090911865234,89.07061004638672,Stop,Stepping
1780509985.1490693,22021.1350201,-1.3866409063339233,-55.647098541259766,89.07061004638672,1.3866409063339233,-55.647098541259766,89.07061004638672,-1.3866409063339233,-55.647090911865234,89.07061004638672,1.3866409063339233,-55.647090911865234,89.07061004638672,Stop,Stepping
1780509985.1690447,22021.156043039,-1.3866409063339233,-55.647098541259766,89.07061004638672,1.3866409063339233,-55.647098541259766,89.07061004638672,-1.3866409063339233,-55.647090911865234,89.07061004638672,1.3866409063339233,-55.647090911865234,89.07061004638672,Stop,Stepping
1780509985.1890678,22021.176097487,-1.3866409063339233,-55.647098541259766,89.07061004638672,1.3866409063339233,-55.647098541259766,89.07061004638672,-1.3866409063339233,-55.647090911865234,89.07061004638672,1.3866409063339233,-55.647090911865234,89.07061004638672,Stop,Stepping
1780509985.2090714,22021.198538795,-1.3866409063339233,-55.647098541259766,89.07061004638672,1.3866409063339233,-55.647098541259766,89.07061004638672,-1.3866409063339233,-55.647090911865234,89.07061004638672,1.3866409063339233,-55.647090911865234,89.07061004638672,Stop,Stepping
1780509985.2290618,22021.215792109,-1.3866409063339233,-55.647098541259766,89.07061004638672,1.3866409063339233,-55.647098541259766,89.07061004638672,-1.3866409063339233,-55.647090911865234,89.07061004638672,1.3866409063339233,-55.647090911865234,89.07061004638672,Stop,Stepping
1780509985.2490432,22021.23532688,-1.3866409063339233,-55.647098541259766,89.07061004638672,1.3866409063339233,-55.647098541259766,89.07061004638672,-1.3866409063339233,-55.647090911865234,89.07061004638672,1.3866409063339233,-55.647090911865234,89.07061004638672,Stop,Stepping
1780509985.269028,22021.255216427,-1.3866409063339233,-55.647098541259766,89.07061004638672,1.3866409063339233,-55.647098541259766,89.07061004638672,-1.3866409063339233,-55.647090911865234,89.07061004638672,1.3866409063339233,-55.647090911865234,89.07061004638672,Stop,Stepping
1780509985.289032,22021.274918553,-1.3866409063339233,-55.647098541259766,89.07061004638672,1.3866409063339233,-55.647098541259766,89.07061004638672,-1.3866409063339233,-55.647090911865234,89.07061004638672,1.3866409063339233,-55.647090911865234,89.07061004638672,Stop,Stepping
1780509985.3090184,22021.296182855,-1.3866409063339233,-55.647098541259766,89.07061004638672,1.3866409063339233,-55.647098541259766,89.07061004638672,-1.3866409063339233,-55.647090911865234,89.07061004638672,1.3866409063339233,-55.647090911865234,89.07061004638672,Stop,Stepping
1780509985.3291142,22021.321491228,-1.3866409063339233,-55.647098541259766,89.07061004638672,1.3866409063339233,-55.647098541259766,89.07061004638672,-1.3866409063339233,-55.647090911865234,89.07061004638672,1.3866409063339233,-55.647090911865234,89.07061004638672,Stop,Stepping
1780509985.3490412,22021.338810725,-1.3866409063339233,-55.647098541259766,89.07061004638672,1.3866409063339233,-55.647098541259766,89.07061004638672,-1.3866409063339233,-55.647090911865234,89.07061004638672,1.3866409063339233,-55.647090911865234,89.07061004638672,Stop,Stepping
1780509985.3690372,22021.356571055,-1.3866409063339233,-55.647098541259766,89.07061004638672,1.3866409063339233,-55.647098541259766,89.07061004638672,-1.3866409063339233,-55.647090911865234,89.07061004638672,1.3866409063339233,-55.647090911865234,89.07061004638672,Stop,Stepping
1780509985.3890288,22021.416853422,-1.3866409063339233,-55.647098541259766,89.07061004638672,1.3866409063339233,-55.647098541259766,89.07061004638672,-1.3866409063339233,-55.647090911865234,89.07061004638672,1.3866409063339233,-55.647090911865234,89.07061004638672,Stop,Stepping
1780509985.409023,22021.41905016,-1.3866409063339233,-55.647098541259766,89.07061004638672,1.3866409063339233,-55.647098541259766,89.07061004638672,-1.3866409063339233,-55.647090911865234,89.07061004638672,1.3866409063339233,-55.647090911865234,89.07061004638672,Stop,Stepping
1780509985.4290438,22021.421192066,-1.3866409063339233,-55.647098541259766,89.07061004638672,1.3866409063339233,-55.647098541259766,89.07061004638672,-1.3866409063339233,-55.647090911865234,89.07061004638672,1.3866409063339233,-55.647090911865234,89.07061004638672,Stop,Stepping
1780509985.449017,22021.438125337,-1.3866409063339233,-55.647098541259766,89.07061004638672,1.3866409063339233,-55.647098541259766,89.07061004638672,-1.3866409063339233,-55.647090911865234,89.07061004638672,1.3866409063339233,-55.647090911865234,89.07061004638672,Stop,Stepping
1780509985.4690337,22021.455163678,-1.3866409063339233,-55.647098541259766,89.07061004638672,1.3866409063339233,-55.647098541259766,89.07061004638672,-1.3866409063339233,-55.647090911865234,89.07061004638672,1.3866409063339233,-55.647090911865234,89.07061004638672,Stop,Stepping
1780509985.489076,22021.479987989,-1.3866409063339233,-55.647098541259766,89.07061004638672,1.3866409063339233,-55.647098541259766,89.07061004638672,-1.3866409063339233,-55.647090911865234,89.07061004638672,1.3866409063339233,-55.647090911865234,89.07061004638672,Stop,Stepping
1780509985.5091267,22021.495439594,-1.3866409063339233,-55.647098541259766,89.07061004638672,1.3866409063339233,-55.647098541259766,89.07061004638672,-1.3866409063339233,-55.647090911865234,89.07061004638672,1.3866409063339233,-55.647090911865234,89.07061004638672,Stop,Stepping
1780509985.5290382,22021.518502556,-1.3866409063339233,-55.647098541259766,89.07061004638672,1.3866409063339233,-55.647098541259766,89.07061004638672,-1.3866409063339233,-55.647090911865234,89.07061004638672,1.3866409063339233,-55.647090911865234,89.07061004638672,Stop,Stepping
1780509985.5490296,22021.535047643,-1.3866409063339233,-55.647098541259766,89.07061004638672,1.3866409063339233,-55.647098541259766,89.07061004638672,-1.3866409063339233,-55.647090911865234,89.07061004638672,1.3866409063339233,-55.647090911865234,89.07061004638672,Stop,Stepping
1780509985.5690289,22021.557510782,-1.3866409063339233,-55.647098541259766,89.07061004638672,1.3866409063339233,-55.647098541259766,89.07061004638672,-1.3866409063339233,-55.647090911865234,89.07061004638672,1.3866409063339233,-55.647090911865234,89.07061004638672,Stop,Stepping
1780509985.5890727,22021.579621808,-1.3866409063339233,-55.647098541259766,89.07061004638672,1.3866409063339233,-55.647098541259766,89.07061004638672,-1.3866409063339233,-55.647090911865234,89.07061004638672,1.3866409063339233,-55.647090911865234,89.07061004638672,Stop,Stepping
1780509985.6090293,22021.596090773,-1.3866409063339233,-55.647098541259766,89.07061004638672,1.3866409063339233,-55.647098541259766,89.07061004638672,-1.3866409063339233,-55.647090911865234,89.07061004638672,1.3866409063339233,-55.647090911865234,89.07061004638672,Stop,Stepping
1780509985.6290283,22021.618338485,-1.3866409063339233,-55.647098541259766,89.07061004638672,1.3866409063339233,-55.647098541259766,89.07061004638672,-1.3866409063339233,-55.647090911865234,89.07061004638672,1.3866409063339233,-55.647090911865234,89.07061004638672,Stop,Stepping
1780509985.649026,22021.637184432,-1.3866409063339233,-55.647098541259766,89.07061004638672,1.3866409063339233,-55.647098541259766,89.07061004638672,-1.3866409063339233,-55.647090911865234,89.07061004638672,1.3866409063339233,-55.647090911865234,89.07061004638672,Stop,Stepping
1780509985.6690397,22021.666474113,-1.3866409063339233,-55.647098541259766,89.07061004638672,1.3866409063339233,-55.647098541259766,89.07061004638672,-1.3866409063339233,-55.647090911865234,89.07061004638672,1.3866409063339233,-55.647090911865234,89.07061004638672,Stop,Stepping
1780509985.6890292,22021.675945229,-1.3866409063339233,-55.647098541259766,89.07061004638672,1.3866409063339233,-55.647098541259766,89.07061004638672,-1.3866409063339233,-55.647090911865234,89.07061004638672,1.3866409063339233,-55.647090911865234,89.07061004638672,Stop,Stepping
1780509985.7090487,22021.704462718,-1.3866409063339233,-55.647098541259766,89.07061004638672,1.3866409063339233,-55.647098541259766,89.07061004638672,-1.3866409063339233,-55.647090911865234,89.07061004638672,1.3866409063339233,-55.647090911865234,89.07061004638672,Stop,Stepping
1780509985.7290242,22021.716112981,-1.3866409063339233,-55.647098541259766,89.07061004638672,1.3866409063339233,-55.647098541259766,89.07061004638672,-1.3866409063339233,-55.647090911865234,89.07061004638672,1.3866409063339233,-55.647090911865234,89.07061004638672,Stop,Stepping
1780509985.7490327,22021.735311853,-1.3866409063339233,-55.647098541259766,89.07061004638672,1.3866409063339233,-55.647098541259766,89.07061004638672,-1.3866409063339233,-55.647090911865234,89.07061004638672,1.3866409063339233,-55.647090911865234,89.07061004638672,Stop,Stepping
1780509985.769037,22021.755294291,-1.3866409063339233,-55.647098541259766,89.07061004638672,1.3866409063339233,-55.647098541259766,89.07061004638672,-1.3866409063339233,-55.647090911865234,89.07061004638672,1.3866409063339233,-55.647090911865234,89.07061004638672,Stop,Stepping
1780509985.7890491,22021.783787082,-1.3866409063339233,-55.647098541259766,89.07061004638672,1.3866409063339233,-55.647098541259766,89.07061004638672,-1.3866409063339233,-55.647090911865234,89.07061004638672,1.3866409063339233,-55.647090911865234,89.07061004638672,Stop,Stepping
1780509985.8090577,22021.801773962,-1.3866409063339233,-55.647098541259766,89.07061004638672,1.3866409063339233,-55.647098541259766,89.07061004638672,-1.3866409063339233,-55.647090911865234,89.07061004638672,1.3866409063339233,-55.647090911865234,89.07061004638672,Stop,Stepping
1780509985.8290067,22021.81488621,-1.3866409063339233,-55.647098541259766,89.07061004638672,1.3866409063339233,-55.647098541259766,89.07061004638672,-1.3866409063339233,-55.647090911865234,89.07061004638672,1.3866409063339233,-55.647090911865234,89.07061004638672,Stop,Stepping
1780509985.849013,22021.839926207,-1.3866409063339233,-55.647098541259766,89.07061004638672,1.3866409063339233,-55.647098541259766,89.07061004638672,-1.3866409063339233,-55.647090911865234,89.07061004638672,1.3866409063339233,-55.647090911865234,89.07061004638672,Stop,Stepping
1780509985.8690758,22021.904624516,-1.3866409063339233,-55.647098541259766,89.07061004638672,1.3866409063339233,-55.647098541259766,89.07061004638672,-1.3866409063339233,-55.647090911865234,89.07061004638672,1.3866409063339233,-55.647090911865234,89.07061004638672,Stop,Stepping
1780509985.889077,22021.906823592,-1.3866409063339233,-55.647098541259766,89.07061004638672,1.3866409063339233,-55.647098541259766,89.07061004638672,-1.3866409063339233,-55.647090911865234,89.07061004638672,1.3866409063339233,-55.647090911865234,89.07061004638672,Stop,Stepping
1780509985.909077,22021.908981748,-1.3866409063339233,-55.647098541259766,89.07061004638672,1.3866409063339233,-55.647098541259766,89.07061004638672,-1.3866409063339233,-55.647090911865234,89.07061004638672,1.3866409063339233,-55.647090911865234,89.07061004638672,Stop,Stepping
1780509985.9290457,22021.916390938,-1.3866409063339233,-55.647098541259766,89.07061004638672,1.3866409063339233,-55.647098541259766,89.07061004638672,-1.3866409063339233,-55.647090911865234,89.07061004638672,1.3866409063339233,-55.647090911865234,89.07061004638672,Stop,Stepping
1780509985.9490867,22021.936855279,-1.3866409063339233,-55.647098541259766,89.07061004638672,1.3866409063339233,-55.647098541259766,89.07061004638672,-1.3866409063339233,-55.647090911865234,89.07061004638672,1.3866409063339233,-55.647090911865234,89.07061004638672,Stop,Stepping
1780509985.9690392,22021.955852869,-1.3866409063339233,-55.647098541259766,89.07061004638672,1.3866409063339233,-55.647098541259766,89.07061004638672,-1.3866409063339233,-55.647090911865234,89.07061004638672,1.3866409063339233,-55.647090911865234,89.07061004638672,Stop,Stepping
1780509985.9890876,22021.983910932,-1.3866409063339233,-55.647098541259766,89.07061004638672,1.3866409063339233,-55.647098541259766,89.07061004638672,-1.3866409063339233,-55.647090911865234,89.07061004638672,1.3866409063339233,-55.647090911865234,89.07061004638672,Stop,Stepping
1780509986.009118,22021.997579104,-1.3866409063339233,-55.647098541259766,89.07061004638672,1.3866409063339233,-55.647098541259766,89.07061004638672,-1.3866409063339233,-55.647090911865234,89.07061004638672,1.3866409063339233,-55.647090911865234,89.07061004638672,Stop,Stepping
1780509986.029033,22022.017624165,-1.3866409063339233,-55.647098541259766,89.07061004638672,1.3866409063339233,-55.647098541259766,89.07061004638672,-1.3866409063339233,-55.647090911865234,89.07061004638672,1.3866409063339233,-55.647090911865234,89.07061004638672,Stop,Stepping
1780509986.049093,22022.040526609,-1.3866409063339233,-55.647098541259766,89.07061004638672,1.3866409063339233,-55.647098541259766,89.07061004638672,-1.3866409063339233,-55.647090911865234,89.07061004638672,1.3866409063339233,-55.647090911865234,89.07061004638672,Stop,Stepping
1780509986.0690808,22022.069546988,-1.3866409063339233,-55.647098541259766,89.07061004638672,1.3866409063339233,-55.647098541259766,89.07061004638672,-1.3866409063339233,-55.647090911865234,89.07061004638672,1.3866409063339233,-55.647090911865234,89.07061004638672,Stop,Stepping
1780509986.0890484,22022.094412541,-1.3866409063339233,-55.647098541259766,89.07061004638672,1.3866409063339233,-55.647098541259766,89.07061004638672,-1.3866409063339233,-55.647090911865234,89.07061004638672,1.3866409063339233,-55.647090911865234,89.07061004638672,Stop,Stepping
1780509986.109057,22022.098630687,-1.3866409063339233,-55.647098541259766,89.07061004638672,1.3866409063339233,-55.647098541259766,89.07061004638672,-1.3866409063339233,-55.647090911865234,89.07061004638672,1.3866409063339233,-55.647090911865234,89.07061004638672,Stop,Stepping
1780509986.1292303,22022.119694038,-1.3866409063339233,-55.647098541259766,89.07061004638672,1.3866409063339233,-55.647098541259766,89.07061004638672,-1.3866409063339233,-55.647090911865234,89.07061004638672,1.3866409063339233,-55.647090911865234,89.07061004638672,Stop,Stepping
1780509986.1490474,22022.135924736,-1.3866409063339233,-55.647098541259766,89.07061004638672,1.3866409063339233,-55.647098541259766,89.07061004638672,-1.3866409063339233,-55.647090911865234,89.07061004638672,1.3866409063339233,-55.647090911865234,89.07061004638672,Stop,Stepping
1780509986.169037,22022.155216133,-1.3866409063339233,-55.647098541259766,89.07061004638672,1.3866409063339233,-55.647098541259766,89.07061004638672,-1.3866409063339233,-55.647090911865234,89.07061004638672,1.3866409063339233,-55.647090911865234,89.07061004638672,Stop,Stepping
1780509986.1890662,22022.1765357,-1.3866409063339233,-55.647098541259766,89.07061004638672,1.3866409063339233,-55.647098541259766,89.07061004638672,-1.3866409063339233,-55.647090911865234,89.07061004638672,1.3866409063339233,-55.647090911865234,89.07061004638672,Stop,Stepping
1780509986.2090333,22022.196267654,-1.3866409063339233,-55.647098541259766,89.07061004638672,1.3866409063339233,-55.647098541259766,89.07061004638672,-1.3866409063339233,-55.647090911865234,89.07061004638672,1.3866409063339233,-55.647090911865234,89.07061004638672,Stop,Stepping
1780509986.2291043,22022.215303068,-1.3866409063339233,-55.647098541259766,89.07061004638672,1.3866409063339233,-55.647098541259766,89.07061004638672,-1.3866409063339233,-55.647090911865234,89.07061004638672,1.3866409063339233,-55.647090911865234,89.07061004638672,Stop,Stepping
1780509986.2491074,22022.236346843,-1.3866409063339233,-55.647098541259766,89.07061004638672,1.3866409063339233,-55.647098541259766,89.07061004638672,-1.3866409063339233,-55.647090911865234,89.07061004638672,1.3866409063339233,-55.647090911865234,89.07061004638672,Stop,Stepping
1780509986.2690532,22022.255270996,-1.3866409063339233,-55.647098541259766,89.07061004638672,1.3866409063339233,-55.647098541259766,89.07061004638672,-1.3866409063339233,-55.647090911865234,89.07061004638672,1.3866409063339233,-55.647090911865234,89.07061004638672,Stop,Stepping
1780509986.2890632,22022.275013303,-1.3866409063339233,-55.647098541259766,89.07061004638672,1.3866409063339233,-55.647098541259766,89.07061004638672,-1.3866409063339233,-55.647090911865234,89.07061004638672,1.3866409063339233,-55.647090911865234,89.07061004638672,Stop,Stepping
1780509986.3091218,22022.295316443,-1.3866409063339233,-55.647098541259766,89.07061004638672,1.3866409063339233,-55.647098541259766,89.07061004638672,-1.3866409063339233,-55.647090911865234,89.07061004638672,1.3866409063339233,-55.647090911865234,89.07061004638672,Stop,Stepping
1780509986.3291004,22022.31496573,-1.3866409063339233,-55.647098541259766,89.07061004638672,1.3866409063339233,-55.647098541259766,89.07061004638672,-1.3866409063339233,-55.647090911865234,89.07061004638672,1.3866409063339233,-55.647090911865234,89.07061004638672,Stop,Stepping
1780509986.349055,22022.335296864,-1.3866409063339233,-55.647098541259766,89.07061004638672,1.3866409063339233,-55.647098541259766,89.07061004638672,-1.3866409063339233,-55.647090911865234,89.07061004638672,1.3866409063339233,-55.647090911865234,89.07061004638672,Stop,Stepping
1780509986.3690467,22022.354889603,-1.3866409063339233,-55.647098541259766,89.07061004638672,1.3866409063339233,-55.647098541259766,89.07061004638672,-1.3866409063339233,-55.647090911865234,89.07061004638672,1.3866409063339233,-55.647090911865234,89.07061004638672,Stop,Stepping
1780509986.3890421,22022.377249779,-1.3866409063339233,-55.647098541259766,89.07061004638672,1.3866409063339233,-55.647098541259766,89.07061004638672,-1.3866409063339233,-55.647090911865234,89.07061004638672,1.3866409063339233,-55.647090911865234,89.07061004638672,Stop,Stepping
1780509986.4090579,22022.395126101,-1.3866409063339233,-55.647098541259766,89.07061004638672,1.3866409063339233,-55.647098541259766,89.07061004638672,-1.3866409063339233,-55.647090911865234,89.07061004638672,1.3866409063339233,-55.647090911865234,89.07061004638672,Stop,Stepping
1780509986.4290576,22022.415194519,-1.3866409063339233,-55.647098541259766,89.07061004638672,1.3866409063339233,-55.647098541259766,89.07061004638672,-1.3866409063339233,-55.647090911865234,89.07061004638672,1.3866409063339233,-55.647090911865234,89.07061004638672,Stop,Stepping
1780509986.449058,22022.435296251,-1.3866409063339233,-55.647098541259766,89.07061004638672,1.3866409063339233,-55.647098541259766,89.07061004638672,-1.3866409063339233,-55.647090911865234,89.07061004638672,1.3866409063339233,-55.647090911865234,89.07061004638672,Stop,Stepping
1780509986.4690332,22022.459255378,-1.3866409063339233,-55.647098541259766,89.07061004638672,1.3866409063339233,-55.647098541259766,89.07061004638672,-1.3866409063339233,-55.647090911865234,89.07061004638672,1.3866409063339233,-55.647090911865234,89.07061004638672,Stop,Stepping
1780509986.4890916,22022.499374149,-1.3866409063339233,-55.647098541259766,89.07061004638672,1.3866409063339233,-55.647098541259766,89.07061004638672,-1.3866409063339233,-55.647090911865234,89.07061004638672,1.3866409063339233,-55.647090911865234,89.07061004638672,Stop,Stepping
1780509986.5090866,22022.501157779,-1.3866409063339233,-55.647098541259766,89.07061004638672,1.3866409063339233,-55.647098541259766,89.07061004638672,-1.3866409063339233,-55.647090911865234,89.07061004638672,1.3866409063339233,-55.647090911865234,89.07061004638672,Stop,Stepping
1780509986.529058,22022.516822121,-1.3866409063339233,-55.647098541259766,89.07061004638672,1.3866409063339233,-55.647098541259766,89.07061004638672,-1.3866409063339233,-55.647090911865234,89.07061004638672,1.3866409063339233,-55.647090911865234,89.07061004638672,Stop,Stepping
1780509986.5491004,22022.53773509,-1.3866409063339233,-55.647098541259766,89.07061004638672,1.3866409063339233,-55.647098541259766,89.07061004638672,-1.3866409063339233,-55.647090911865234,89.07061004638672,1.3866409063339233,-55.647090911865234,89.07061004638672,Stop,Stepping
1780509986.5690413,22022.555394497,-1.3866409063339233,-55.647098541259766,89.07061004638672,1.3866409063339233,-55.647098541259766,89.07061004638672,-1.3866409063339233,-55.647090911865234,89.07061004638672,1.3866409063339233,-55.647090911865234,89.07061004638672,Stop,Stepping
1780509986.589061,22022.576257023,-1.3866409063339233,-55.647098541259766,89.07061004638672,1.3866409063339233,-55.647098541259766,89.07061004638672,-1.3866409063339233,-55.647090911865234,89.07061004638672,1.3866409063339233,-55.647090911865234,89.07061004638672,Stop,Stepping
1780509986.6090524,22022.595224512,-1.3866409063339233,-55.647098541259766,89.07061004638672,1.3866409063339233,-55.647098541259766,89.07061004638672,-1.3866409063339233,-55.647090911865234,89.07061004638672,1.3866409063339233,-55.647090911865234,89.07061004638672,Stop,Stepping
1780509986.629036,22022.614946106,-1.3866409063339233,-55.647098541259766,89.07061004638672,1.3866409063339233,-55.647098541259766,89.07061004638672,-1.3866409063339233,-55.647090911865234,89.07061004638672,1.3866409063339233,-55.647090911865234,89.07061004638672,Stop,Stepping
1780509986.649024,22022.63470688,-1.3866409063339233,-55.647098541259766,89.07061004638672,1.3866409063339233,-55.647098541259766,89.07061004638672,-1.3866409063339233,-55.647090911865234,89.07061004638672,1.3866409063339233,-55.647090911865234,89.07061004638672,Stop,Stepping
1780509986.6690803,22022.654978473,-1.3866409063339233,-55.647098541259766,89.07061004638672,1.3866409063339233,-55.647098541259766,89.07061004638672,-1.3866409063339233,-55.647090911865234,89.07061004638672,1.3866409063339233,-55.647090911865234,89.07061004638672,Stop,Stepping
1780509986.689103,22022.675417586,-1.3866409063339233,-55.647098541259766,89.07061004638672,1.3866409063339233,-55.647098541259766,89.07061004638672,-1.3866409063339233,-55.647090911865234,89.07061004638672,1.3866409063339233,-55.647090911865234,89.07061004638672,Stop,Stepping
1780509986.7090497,22022.695225163,-1.3866409063339233,-55.647098541259766,89.07061004638672,1.3866409063339233,-55.647098541259766,89.07061004638672,-1.3866409063339233,-55.647090911865234,89.07061004638672,1.3866409063339233,-55.647090911865234,89.07061004638672,Stop,Stepping
1780509986.7290537,22022.715615357,-1.3866409063339233,-55.647098541259766,89.07061004638672,1.3866409063339233,-55.647098541259766,89.07061004638672,-1.3866409063339233,-55.647090911865234,89.07061004638672,1.3866409063339233,-55.647090911865234,89.07061004638672,Stop,Stepping
1780509986.7490678,22022.735590201,-1.3866409063339233,-55.647098541259766,89.07061004638672,1.3866409063339233,-55.647098541259766,89.07061004638672,-1.3866409063339233,-55.647090911865234,89.07061004638672,1.3866409063339233,-55.647090911865234,89.07061004638672,Stop,Stepping
1780509986.769055,22022.755600577,-1.3866409063339233,-55.647098541259766,89.07061004638672,1.3866409063339233,-55.647098541259766,89.07061004638672,-1.3866409063339233,-55.647090911865234,89.07061004638672,1.3866409063339233,-55.647090911865234,89.07061004638672,Stop,Stepping
1780509986.7890456,22022.775629406,-1.3866409063339233,-55.647098541259766,89.07061004638672,1.3866409063339233,-55.647098541259766,89.07061004638672,-1.3866409063339233,-55.647090911865234,89.07061004638672,1.3866409063339233,-55.647090911865234,89.07061004638672,Stop,Stepping
1780509986.8090582,22022.795432979,-1.3866409063339233,-55.647098541259766,89.07061004638672,1.3866409063339233,-55.647098541259766,89.07061004638672,-1.3866409063339233,-55.647090911865234,89.07061004638672,1.3866409063339233,-55.647090911865234,89.07061004638672,Stop,Stepping
1780509986.8290648,22022.81515823,-1.3866409063339233,-55.647098541259766,89.07061004638672,1.3866409063339233,-55.647098541259766,89.07061004638672,-1.3866409063339233,-55.647090911865234,89.07061004638672,1.3866409063339233,-55.647090911865234,89.07061004638672,Stop,Stepping
1780509986.8490448,22022.837145568,-1.3866409063339233,-55.647098541259766,89.07061004638672,1.3866409063339233,-55.647098541259766,89.07061004638672,-1.3866409063339233,-55.647090911865234,89.07061004638672,1.3866409063339233,-55.647090911865234,89.07061004638672,Stop,Stepping
1780509986.8690577,22022.855206093,-1.3866409063339233,-55.647098541259766,89.07061004638672,1.3866409063339233,-55.647098541259766,89.07061004638672,-1.3866409063339233,-55.647090911865234,89.07061004638672,1.3866409063339233,-55.647090911865234,89.07061004638672,Stop,Stepping
1780509986.8890595,22022.876147225,-1.3866409063339233,-55.647098541259766,89.07061004638672,1.3866409063339233,-55.647098541259766,89.07061004638672,-1.3866409063339233,-55.647090911865234,89.07061004638672,1.3866409063339233,-55.647090911865234,89.07061004638672,Stop,Stepping
1780509986.909048,22022.896129247,-1.3866409063339233,-55.647098541259766,89.07061004638672,1.3866409063339233,-55.647098541259766,89.07061004638672,-1.3866409063339233,-55.647090911865234,89.07061004638672,1.3866409063339233,-55.647090911865234,89.07061004638672,Stop,Stepping
1780509986.92906,22022.915269247,-1.3866409063339233,-55.647098541259766,89.07061004638672,1.3866409063339233,-55.647098541259766,89.07061004638672,-1.3866409063339233,-55.647090911865234,89.07061004638672,1.3866409063339233,-55.647090911865234,89.07061004638672,Stop,Stepping
1780509986.9490857,22022.934636753,-1.3866409063339233,-55.647098541259766,89.07061004638672,1.3866409063339233,-55.647098541259766,89.07061004638672,-1.3866409063339233,-55.647090911865234,89.07061004638672,1.3866409063339233,-55.647090911865234,89.07061004638672,Stop,Stepping
1780509986.9690487,22022.964642609,-1.3866409063339233,-55.647098541259766,89.07061004638672,1.3866409063339233,-55.647098541259766,89.07061004638672,-1.3866409063339233,-55.647090911865234,89.07061004638672,1.3866409063339233,-55.647090911865234,89.07061004638672,Stop,Stepping
1780509986.9890661,22022.975787615,-1.3866409063339233,-55.647098541259766,89.07061004638672,1.3866409063339233,-55.647098541259766,89.07061004638672,-1.3866409063339233,-55.647090911865234,89.07061004638672,1.3866409063339233,-55.647090911865234,89.07061004638672,Stop,Stepping
1780509987.0090492,22022.995564529,-1.3866409063339233,-55.647098541259766,89.07061004638672,1.3866409063339233,-55.647098541259766,89.07061004638672,-1.3866409063339233,-55.647090911865234,89.07061004638672,1.3866409063339233,-55.647090911865234,89.07061004638672,Stop,Stepping
1780509987.0290604,22023.015294787,-1.3866409063339233,-55.647098541259766,89.07061004638672,1.3866409063339233,-55.647098541259766,89.07061004638672,-1.3866409063339233,-55.647090911865234,89.07061004638672,1.3866409063339233,-55.647090911865234,89.07061004638672,Stop,Stepping
1780509987.0490606,22023.035233987,-1.3866409063339233,-55.647098541259766,89.07061004638672,1.3866409063339233,-55.647098541259766,89.07061004638672,-1.3866409063339233,-55.647090911865234,89.07061004638672,1.3866409063339233,-55.647090911865234,89.07061004638672,Stop,Stepping
1780509987.0690455,22023.055148644,-1.3866409063339233,-55.647098541259766,89.07061004638672,1.3866409063339233,-55.647098541259766,89.07061004638672,-1.3866409063339233,-55.647090911865234,89.07061004638672,1.3866409063339233,-55.647090911865234,89.07061004638672,Stop,Stepping
1780509987.0890496,22023.075327018,-1.3866409063339233,-55.647098541259766,89.07061004638672,1.3866409063339233,-55.647098541259766,89.07061004638672,-1.3866409063339233,-55.647090911865234,89.07061004638672,1.3866409063339233,-55.647090911865234,89.07061004638672,Stop,Stepping
1780509987.1090446,22023.095804945,-1.3866409063339233,-55.647098541259766,89.07061004638672,1.3866409063339233,-55.647098541259766,89.07061004638672,-1.3866409063339233,-55.647090911865234,89.07061004638672,1.3866409063339233,-55.647090911865234,89.07061004638672,Stop,Stepping
1780509987.1290803,22023.115833021,-1.3866409063339233,-55.647098541259766,89.07061004638672,1.3866409063339233,-55.647098541259766,89.07061004638672,-1.3866409063339233,-55.647090911865234,89.07061004638672,1.3866409063339233,-55.647090911865234,89.07061004638672,Stop,Stepping
1780509987.1490736,22023.13533942,-1.3866409063339233,-55.647098541259766,89.07061004638672,1.3866409063339233,-55.647098541259766,89.07061004638672,-1.3866409063339233,-55.647090911865234,89.07061004638672,1.3866409063339233,-55.647090911865234,89.07061004638672,Stop,Stepping
1780509987.1691337,22023.155072342,-1.3866409063339233,-55.647098541259766,89.07061004638672,1.3866409063339233,-55.647098541259766,89.07061004638672,-1.3866409063339233,-55.647090911865234,89.07061004638672,1.3866409063339233,-55.647090911865234,89.07061004638672,Stop,Stepping
1780509987.1891394,22023.175285973,-1.3866409063339233,-55.647098541259766,89.07061004638672,1.3866409063339233,-55.647098541259766,89.07061004638672,-1.3866409063339233,-55.647090911865234,89.07061004638672,1.3866409063339233,-55.647090911865234,89.07061004638672,Stop,Stepping
1780509987.2091362,22023.195303627,-1.3866409063339233,-55.647098541259766,89.07061004638672,1.3866409063339233,-55.647098541259766,89.07061004638672,-1.3866409063339233,-55.647090911865234,89.07061004638672,1.3866409063339233,-55.647090911865234,89.07061004638672,Stop,Stepping
1780509987.2290826,22023.216098293,-1.3866409063339233,-55.647098541259766,89.07061004638672,1.3866409063339233,-55.647098541259766,89.07061004638672,-1.3866409063339233,-55.647090911865234,89.07061004638672,1.3866409063339233,-55.647090911865234,89.07061004638672,Stop,Stepping
1780509987.2490788,22023.234868692,-1.3866409063339233,-55.647098541259766,89.07061004638672,1.3866409063339233,-55.647098541259766,89.07061004638672,-1.3866409063339233,-55.647090911865234,89.07061004638672,1.3866409063339233,-55.647090911865234,89.07061004638672,Stop,Stepping
1780509987.2690752,22023.255075729,-1.3866409063339233,-55.647098541259766,89.07061004638672,1.3866409063339233,-55.647098541259766,89.07061004638672,-1.3866409063339233,-55.647090911865234,89.07061004638672,1.3866409063339233,-55.647090911865234,89.07061004638672,Stop,Stepping
1780509987.2890713,22023.275007846,-1.3866409063339233,-55.647098541259766,89.07061004638672,1.3866409063339233,-55.647098541259766,89.07061004638672,-1.3866409063339233,-55.647090911865234,89.07061004638672,1.3866409063339233,-55.647090911865234,89.07061004638672,Stop,Stepping
1780509987.3090777,22023.295760947,-1.3866409063339233,-55.647098541259766,89.07061004638672,1.3866409063339233,-55.647098541259766,89.07061004638672,-1.3866409063339233,-55.647090911865234,89.07061004638672,1.3866409063339233,-55.647090911865234,89.07061004638672,Stop,Stepping
1780509987.3290846,22023.315811724,-1.3866409063339233,-55.647098541259766,89.07061004638672,1.3866409063339233,-55.647098541259766,89.07061004638672,-1.3866409063339233,-55.647090911865234,89.07061004638672,1.3866409063339233,-55.647090911865234,89.07061004638672,Stop,Stepping
1780509987.3490546,22023.335649829,-1.3866409063339233,-55.647098541259766,89.07061004638672,1.3866409063339233,-55.647098541259766,89.07061004638672,-1.3866409063339233,-55.647090911865234,89.07061004638672,1.3866409063339233,-55.647090911865234,89.07061004638672,Stop,Stepping
1780509987.369111,22023.355646581,-1.3866409063339233,-55.647098541259766,89.07061004638672,1.3866409063339233,-55.647098541259766,89.07061004638672,-1.3866409063339233,-55.647090911865234,89.07061004638672,1.3866409063339233,-55.647090911865234,89.07061004638672,Stop,Stepping
1780509987.3890846,22023.374929877,-1.3866409063339233,-55.647098541259766,89.07061004638672,1.3866409063339233,-55.647098541259766,89.07061004638672,-1.3866409063339233,-55.647090911865234,89.07061004638672,1.3866409063339233,-55.647090911865234,89.07061004638672,Stop,Stepping
1780509987.4090762,22023.39507752,-1.3866409063339233,-55.647098541259766,89.07061004638672,1.3866409063339233,-55.647098541259766,89.07061004638672,-1.3866409063339233,-55.647090911865234,89.07061004638672,1.3866409063339233,-55.647090911865234,89.07061004638672,Stop,Stepping
1780509987.429065,22023.415970487,-1.3866409063339233,-55.647098541259766,89.07061004638672,1.3866409063339233,-55.647098541259766,89.07061004638672,-1.3866409063339233,-55.647090911865234,89.07061004638672,1.3866409063339233,-55.647090911865234,89.07061004638672,Stop,Stepping
1780509987.4490747,22023.435698107,-1.3866409063339233,-55.647098541259766,89.07061004638672,1.3866409063339233,-55.647098541259766,89.07061004638672,-1.3866409063339233,-55.647090911865234,89.07061004638672,1.3866409063339233,-55.647090911865234,89.07061004638672,Stop,Stepping
1780509987.4690745,22023.455095854,-1.3866409063339233,-55.647098541259766,89.07061004638672,1.3866409063339233,-55.647098541259766,89.07061004638672,-1.3866409063339233,-55.647090911865234,89.07061004638672,1.3866409063339233,-55.647090911865234,89.07061004638672,Stop,Stepping
1780509987.4890666,22023.474859466,-1.3866409063339233,-55.647098541259766,89.07061004638672,1.3866409063339233,-55.647098541259766,89.07061004638672,-1.3866409063339233,-55.647090911865234,89.07061004638672,1.3866409063339233,-55.647090911865234,89.07061004638672,Stop,Stepping
1780509987.5091152,22023.495062427,-1.3866409063339233,-55.647098541259766,89.07061004638672,1.3866409063339233,-55.647098541259766,89.07061004638672,-1.3866409063339233,-55.647090911865234,89.07061004638672,1.3866409063339233,-55.647090911865234,89.07061004638672,Stop,Stepping
1780509987.5290892,22023.514866184,-1.3866409063339233,-55.647098541259766,89.07061004638672,1.3866409063339233,-55.647098541259766,89.07061004638672,-1.3866409063339233,-55.647090911865234,89.07061004638672,1.3866409063339233,-55.647090911865234,89.07061004638672,Stop,Stepping
1780509987.5490685,22023.535367808,-1.3866409063339233,-55.647098541259766,89.07061004638672,1.3866409063339233,-55.647098541259766,89.07061004638672,-1.3866409063339233,-55.647090911865234,89.07061004638672,1.3866409063339233,-55.647090911865234,89.07061004638672,Stop,Stepping
1780509987.569074,22023.556277833,-1.3866409063339233,-55.647098541259766,89.07061004638672,1.3866409063339233,-55.647098541259766,89.07061004638672,-1.3866409063339233,-55.647090911865234,89.07061004638672,1.3866409063339233,-55.647090911865234,89.07061004638672,Stop,Stepping
1780509987.589075,22023.576272613,-1.3866409063339233,-55.647098541259766,89.07061004638672,1.3866409063339233,-55.647098541259766,89.07061004638672,-1.3866409063339233,-55.647090911865234,89.07061004638672,1.3866409063339233,-55.647090911865234,89.07061004638672,Stop,Stepping
1780509987.6091182,22023.599190767,-1.3866409063339233,-55.647098541259766,89.07061004638672,1.3866409063339233,-55.647098541259766,89.07061004638672,-1.3866409063339233,-55.647090911865234,89.07061004638672,1.3866409063339233,-55.647090911865234,89.07061004638672,Stop,Stepping
1780509987.629106,22023.616600591,-1.3866409063339233,-55.647098541259766,89.07061004638672,1.3866409063339233,-55.647098541259766,89.07061004638672,-1.3866409063339233,-55.647090911865234,89.07061004638672,1.3866409063339233,-55.647090911865234,89.07061004638672,Stop,Stepping
1780509987.6490805,22023.634948566,-1.3866409063339233,-55.647098541259766,89.07061004638672,1.3866409063339233,-55.647098541259766,89.07061004638672,-1.3866409063339233,-55.647090911865234,89.07061004638672,1.3866409063339233,-55.647090911865234,89.07061004638672,Stop,Stepping
1780509987.6690824,22023.655583945,-1.3866409063339233,-55.647098541259766,89.07061004638672,1.3866409063339233,-55.647098541259766,89.07061004638672,-1.3866409063339233,-55.647090911865234,89.07061004638672,1.3866409063339233,-55.647090911865234,89.07061004638672,Stop,Stepping
1780509987.6890838,22023.675549443,-1.3866409063339233,-55.647098541259766,89.07061004638672,1.3866409063339233,-55.647098541259766,89.07061004638672,-1.3866409063339233,-55.647090911865234,89.07061004638672,1.3866409063339233,-55.647090911865234,89.07061004638672,Stop,Stepping
1780509987.7091246,22023.695509511,-1.3866409063339233,-55.647098541259766,89.07061004638672,1.3866409063339233,-55.647098541259766,89.07061004638672,-1.3866409063339233,-55.647090911865234,89.07061004638672,1.3866409063339233,-55.647090911865234,89.07061004638672,Stop,Stepping
1780509987.729061,22023.715778681,-1.3866409063339233,-55.647098541259766,89.07061004638672,1.3866409063339233,-55.647098541259766,89.07061004638672,-1.3866409063339233,-55.647090911865234,89.07061004638672,1.3866409063339233,-55.647090911865234,89.07061004638672,Stop,Stepping
1780509987.7490447,22023.73584783,-1.3866409063339233,-55.647098541259766,89.07061004638672,1.3866409063339233,-55.647098541259766,89.07061004638672,-1.3866409063339233,-55.647090911865234,89.07061004638672,1.3866409063339233,-55.647090911865234,89.07061004638672,Stop,Stepping
1780509987.7690706,22023.757706346,-1.3866409063339233,-55.647098541259766,89.07061004638672,1.3866409063339233,-55.647098541259766,89.07061004638672,-1.3866409063339233,-55.647090911865234,89.07061004638672,1.3866409063339233,-55.647090911865234,89.07061004638672,Stop,Stepping
1780509987.7891176,22023.775194062,-1.3866409063339233,-55.647098541259766,89.07061004638672,1.3866409063339233,-55.647098541259766,89.07061004638672,-1.3866409063339233,-55.647090911865234,89.07061004638672,1.3866409063339233,-55.647090911865234,89.07061004638672,Stop,Stepping
1780509987.809123,22023.795295939,-1.3866409063339233,-55.647098541259766,89.07061004638672,1.3866409063339233,-55.647098541259766,89.07061004638672,-1.3866409063339233,-55.647090911865234,89.07061004638672,1.3866409063339233,-55.647090911865234,89.07061004638672,Stop,Stepping
1780509987.8291197,22023.815304271,-1.3866409063339233,-55.647098541259766,89.07061004638672,1.3866409063339233,-55.647098541259766,89.07061004638672,-1.3866409063339233,-55.647090911865234,89.07061004638672,1.3866409063339233,-55.647090911865234,89.07061004638672,Stop,Stepping
1780509987.8491175,22023.835531958,-1.3866409063339233,-55.647098541259766,89.07061004638672,1.3866409063339233,-55.647098541259766,89.07061004638672,-1.3866409063339233,-55.647090911865234,89.07061004638672,1.3866409063339233,-55.647090911865234,89.07061004638672,Stop,Stepping
1780509987.8691142,22023.857326411,-1.3866409063339233,-55.647098541259766,89.07061004638672,1.3866409063339233,-55.647098541259766,89.07061004638672,-1.3866409063339233,-55.647090911865234,89.07061004638672,1.3866409063339233,-55.647090911865234,89.07061004638672,Stop,Stepping
1780509987.889119,22023.875491837,-1.3866409063339233,-55.647098541259766,89.07061004638672,1.3866409063339233,-55.647098541259766,89.07061004638672,-1.3866409063339233,-55.647090911865234,89.07061004638672,1.3866409063339233,-55.647090911865234,89.07061004638672,Stop,Stepping
1780509987.9091196,22023.895965184,-1.3866409063339233,-55.647098541259766,89.07061004638672,1.3866409063339233,-55.647098541259766,89.07061004638672,-1.3866409063339233,-55.647090911865234,89.07061004638672,1.3866409063339233,-55.647090911865234,89.07061004638672,Stop,Stepping
1780509987.929305,22023.915330158,-1.3866409063339233,-55.647098541259766,89.07061004638672,1.3866409063339233,-55.647098541259766,89.07061004638672,-1.3866409063339233,-55.647090911865234,89.07061004638672,1.3866409063339233,-55.647090911865234,89.07061004638672,Stop,Stepping
1780509987.9490716,22023.935898189,-1.3866409063339233,-55.647098541259766,89.07061004638672,1.3866409063339233,-55.647098541259766,89.07061004638672,-1.3866409063339233,-55.647090911865234,89.07061004638672,1.3866409063339233,-55.647090911865234,89.07061004638672,Stop,Stepping
1780509987.969077,22023.955755392,-1.3866409063339233,-55.647098541259766,89.07061004638672,1.3866409063339233,-55.647098541259766,89.07061004638672,-1.3866409063339233,-55.647090911865234,89.07061004638672,1.3866409063339233,-55.647090911865234,89.07061004638672,Go,Stepping
1780509987.989075,22023.975762106,-1.3866409063339233,-55.647098541259766,89.07061004638672,1.3866409063339233,-55.647098541259766,89.07061004638672,-1.3866409063339233,-55.647090911865234,89.07061004638672,1.3866409063339233,-55.647090911865234,89.07061004638672,Go,Stepping
1780509988.009066,22023.995914109,-1.3866409063339233,-55.647098541259766,89.07061004638672,1.3866409063339233,-55.647098541259766,89.07061004638672,-1.3866409063339233,-55.647090911865234,89.07061004638672,1.3866409063339233,-55.647090911865234,89.07061004638672,Go,Stepping
1780509988.0290844,22024.015868406,-1.3866409063339233,-55.647098541259766,89.07061004638672,1.3866409063339233,-55.647098541259766,89.07061004638672,-1.3866409063339233,-55.647090911865234,89.07061004638672,1.3866409063339233,-55.647090911865234,89.07061004638672,Go,Stepping
1780509988.0491264,22024.035173279,-1.3866409063339233,-55.647098541259766,89.07061004638672,1.3866409063339233,-55.647098541259766,89.07061004638672,-1.3866409063339233,-55.647090911865234,89.07061004638672,1.3866409063339233,-55.647090911865234,89.07061004638672,Go,Stepping
1780509988.0690951,22024.055490306,-1.3866409063339233,-55.647098541259766,89.07061004638672,1.3866409063339233,-55.647098541259766,89.07061004638672,-1.3866409063339233,-55.647090911865234,89.07061004638672,1.3866409063339233,-55.647090911865234,89.07061004638672,Go,Stepping
1780509988.089128,22024.075333707,-1.3866409063339233,-55.647098541259766,89.07061004638672,1.3866409063339233,-55.647098541259766,89.07061004638672,-1.3866409063339233,-55.647090911865234,89.07061004638672,1.3866409063339233,-55.647090911865234,89.07061004638672,Go,Stepping
1780509988.1090865,22024.095491189,-1.3866409063339233,-55.647098541259766,89.07061004638672,1.3866409063339233,-55.647098541259766,89.07061004638672,-1.3866409063339233,-55.647090911865234,89.07061004638672,1.3866409063339233,-55.647090911865234,89.07061004638672,Go,Stepping
1780509988.1290753,22024.115897252,-1.3866409063339233,-55.647098541259766,89.07061004638672,1.3866409063339233,-55.647098541259766,89.07061004638672,-1.3866409063339233,-55.647090911865234,89.07061004638672,1.3866409063339233,-55.647090911865234,89.07061004638672,Go,Stepping
1780509988.1490743,22024.135477904,-1.3866409063339233,-55.647098541259766,89.07061004638672,1.3866409063339233,-55.647098541259766,89.07061004638672,-1.3866409063339233,-55.647090911865234,89.07061004638672,1.3866409063339233,-55.647090911865234,89.07061004638672,Go,Stepping
1780509988.1691024,22024.155021837,-1.3866409063339233,-55.647098541259766,89.07061004638672,1.3866409063339233,-55.647098541259766,89.07061004638672,-1.3866409063339233,-55.647090911865234,89.07061004638672,1.3866409063339233,-55.647090911865234,89.07061004638672,Go,Stepping
1780509988.1890976,22024.175039184,-1.3866409063339233,-55.647098541259766,89.07061004638672,1.3866409063339233,-55.647098541259766,89.07061004638672,-1.3866409063339233,-55.647090911865234,89.07061004638672,1.3866409063339233,-55.647090911865234,89.07061004638672,Go,Stepping
1780509988.2090921,22024.195571413,-1.3866409063339233,-55.647098541259766,89.07061004638672,1.3866409063339233,-55.647098541259766,89.07061004638672,-1.3866409063339233,-55.647090911865234,89.07061004638672,1.3866409063339233,-55.647090911865234,89.07061004638672,Go,Stepping
1780509988.2290792,22024.216071302,-1.3866409063339233,-55.647098541259766,89.07061004638672,1.3866409063339233,-55.647098541259766,89.07061004638672,-1.3866409063339233,-55.647090911865234,89.07061004638672,1.3866409063339233,-55.647090911865234,89.07061004638672,Go,Stepping
1780509988.249094,22024.235329821,-1.3866409063339233,-55.647098541259766,89.07061004638672,1.3866409063339233,-55.647098541259766,89.07061004638672,-1.3866409063339233,-55.647090911865234,89.07061004638672,1.3866409063339233,-55.647090911865234,89.07061004638672,Go,Stepping
1780509988.2693875,22024.255816833,-1.3866409063339233,-55.647098541259766,89.07061004638672,1.3866409063339233,-55.647098541259766,89.07061004638672,-1.3866409063339233,-55.647090911865234,89.07061004638672,1.3866409063339233,-55.647090911865234,89.07061004638672,Go,Stepping
1780509988.289091,22024.275194593,-1.3866409063339233,-55.647098541259766,89.07061004638672,1.3866409063339233,-55.647098541259766,89.07061004638672,-1.3866409063339233,-55.647090911865234,89.07061004638672,1.3866409063339233,-55.647090911865234,89.07061004638672,Go,Stepping
1780509988.3091135,22024.295530046,-1.3866409063339233,-55.647098541259766,89.07061004638672,1.3866409063339233,-55.647098541259766,89.07061004638672,-1.3866409063339233,-55.647090911865234,89.07061004638672,1.3866409063339233,-55.647090911865234,89.07061004638672,Go,Stepping
1780509988.3290126,22024.316025253,-1.3866409063339233,-55.647098541259766,89.07061004638672,1.3866409063339233,-55.647098541259766,89.07061004638672,-1.3866409063339233,-55.647090911865234,89.07061004638672,1.3866409063339233,-55.647090911865234,89.07061004638672,Go,Stepping
1780509988.349076,22024.335190026,-1.3866409063339233,-55.647098541259766,89.07061004638672,1.3866409063339233,-55.647098541259766,89.07061004638672,-1.3866409063339233,-55.647090911865234,89.07061004638672,1.3866409063339233,-55.647090911865234,89.07061004638672,Go,Stepping
1780509988.369081,22024.355143139,-1.3866409063339233,-55.647098541259766,89.07061004638672,1.3866409063339233,-55.647098541259766,89.07061004638672,-1.3866409063339233,-55.647090911865234,89.07061004638672,1.3866409063339233,-55.647090911865234,89.07061004638672,Go,Stepping
1780509988.3890827,22024.374835021,-1.3866409063339233,-55.647098541259766,89.07061004638672,1.3866409063339233,-55.647098541259766,89.07061004638672,-1.3866409063339233,-55.647090911865234,89.07061004638672,1.3866409063339233,-55.647090911865234,89.07061004638672,Go,Stepping
1780509988.4090788,22024.395383451,-1.3866409063339233,-55.647098541259766,89.07061004638672,1.3866409063339233,-55.647098541259766,89.07061004638672,-1.3866409063339233,-55.647090911865234,89.07061004638672,1.3866409063339233,-55.647090911865234,89.07061004638672,Go,Stepping
1780509988.4290833,22024.415136471,-1.3866409063339233,-55.647098541259766,89.07061004638672,1.3866409063339233,-55.647098541259766,89.07061004638672,-1.3866409063339233,-55.647090911865234,89.07061004638672,1.3866409063339233,-55.647090911865234,89.07061004638672,Go,Stepping
1780509988.4490824,22024.435337735,-1.3866409063339233,-55.647098541259766,89.07061004638672,1.3866409063339233,-55.647098541259766,89.07061004638672,-1.3866409063339233,-55.647090911865234,89.07061004638672,1.3866409063339233,-55.647090911865234,89.07061004638672,Go,Stepping
1780509988.4690833,22024.457758041,-1.3866409063339233,-55.647098541259766,89.07061004638672,1.3866409063339233,-55.647098541259766,89.07061004638672,-1.3866409063339233,-55.647090911865234,89.07061004638672,1.3866409063339233,-55.647090911865234,89.07061004638672,Go,Stepping
1780509988.489082,22024.475567654,-1.3866409063339233,-55.647098541259766,89.07061004638672,1.3866409063339233,-55.647098541259766,89.07061004638672,-1.3866409063339233,-55.647090911865234,89.07061004638672,1.3866409063339233,-55.647090911865234,89.07061004638672,Go,Stepping
1780509988.50899,22024.496501043,-1.3866409063339233,-55.647098541259766,89.07061004638672,1.3866409063339233,-55.647098541259766,89.07061004638672,-1.3866409063339233,-55.647090911865234,89.07061004638672,1.3866409063339233,-55.647090911865234,89.07061004638672,Go,Stepping
1780509988.52909,22024.515132649,-1.3866409063339233,-55.647098541259766,89.07061004638672,1.3866409063339233,-55.647098541259766,89.07061004638672,-1.3866409063339233,-55.647090911865234,89.07061004638672,1.3866409063339233,-55.647090911865234,89.07061004638672,Go,Stepping
1780509988.549089,22024.537107298,-1.3866409063339233,-55.647098541259766,89.07061004638672,1.3866409063339233,-55.647098541259766,89.07061004638672,-1.3866409063339233,-55.647090911865234,89.07061004638672,1.3866409063339233,-55.647090911865234,89.07061004638672,Go,Stepping
1780509988.569088,22024.555050862,-1.3866409063339233,-55.647098541259766,89.07061004638672,1.3866409063339233,-55.647098541259766,89.07061004638672,-1.3866409063339233,-55.647090911865234,89.07061004638672,1.3866409063339233,-55.647090911865234,89.07061004638672,Go,Stepping
1780509988.5890934,22024.576161795,-1.3866409063339233,-55.647098541259766,89.07061004638672,1.3866409063339233,-55.647098541259766,89.07061004638672,-1.3866409063339233,-55.647090911865234,89.07061004638672,1.3866409063339233,-55.647090911865234,89.07061004638672,Go,Stepping
1780509988.609074,22024.596658283,-1.3866409063339233,-55.647098541259766,89.07061004638672,1.3866409063339233,-55.647098541259766,89.07061004638672,-1.3866409063339233,-55.647090911865234,89.07061004638672,1.3866409063339233,-55.647090911865234,89.07061004638672,Go,Stepping
1780509988.6290848,22024.616343157,-1.3866409063339233,-55.647098541259766,89.07061004638672,1.3866409063339233,-55.647098541259766,89.07061004638672,-1.3866409063339233,-55.647090911865234,89.07061004638672,1.3866409063339233,-55.647090911865234,89.07061004638672,Go,Stepping
1780509988.6490812,22024.637844116,-1.3866409063339233,-55.647098541259766,89.07061004638672,1.3866409063339233,-55.647098541259766,89.07061004638672,-1.3866409063339233,-55.647090911865234,89.07061004638672,1.3866409063339233,-55.647090911865234,89.07061004638672,Go,Stepping
1780509988.6690238,22024.656307807,-1.3866409063339233,-55.647098541259766,89.07061004638672,1.3866409063339233,-55.647098541259766,89.07061004638672,-1.3866409063339233,-55.647090911865234,89.07061004638672,1.3866409063339233,-55.647090911865234,89.07061004638672,Go,Stepping
1780509988.6890826,22024.675843823,-1.3866409063339233,-55.647098541259766,89.07061004638672,1.3866409063339233,-55.647098541259766,89.07061004638672,-1.3866409063339233,-55.647090911865234,89.07061004638672,1.3866409063339233,-55.647090911865234,89.07061004638672,Go,Stepping
1780509988.709078,22024.696829527,-1.3866409063339233,-55.647098541259766,89.07061004638672,1.3866409063339233,-55.647098541259766,89.07061004638672,-1.3866409063339233,-55.647090911865234,89.07061004638672,1.3866409063339233,-55.647090911865234,89.07061004638672,Go,Stepping
1780509988.7291024,22024.715226955,-1.3866409063339233,-55.647098541259766,89.07061004638672,1.3866409063339233,-55.647098541259766,89.07061004638672,-1.3866409063339233,-55.647090911865234,89.07061004638672,1.3866409063339233,-55.647090911865234,89.07061004638672,Go,Stepping
1780509988.7490897,22024.735443349,-1.3866409063339233,-55.647098541259766,89.07061004638672,1.3866409063339233,-55.647098541259766,89.07061004638672,-1.3866409063339233,-55.647090911865234,89.07061004638672,1.3866409063339233,-55.647090911865234,89.07061004638672,Go,Stepping
1780509988.769141,22024.75925717,-1.3866409063339233,-55.647098541259766,89.07061004638672,1.3866409063339233,-55.647098541259766,89.07061004638672,-1.3866409063339233,-55.647090911865234,89.07061004638672,1.3866409063339233,-55.647090911865234,89.07061004638672,Go,Stepping
1780509988.7891126,22024.775997456,-1.3866409063339233,-55.647098541259766,89.07061004638672,1.3866409063339233,-55.647098541259766,89.07061004638672,-1.3866409063339233,-55.647090911865234,89.07061004638672,1.3866409063339233,-55.647090911865234,89.07061004638672,Go,Stepping
1780509988.8091629,22024.797976184,-1.3866409063339233,-55.647098541259766,89.07061004638672,1.3866409063339233,-55.647098541259766,89.07061004638672,-1.3866409063339233,-55.647090911865234,89.07061004638672,1.3866409063339233,-55.647090911865234,89.07061004638672,Go,Stepping
1780509988.8291605,22024.81521655,-1.3866409063339233,-55.647098541259766,89.07061004638672,1.3866409063339233,-55.647098541259766,89.07061004638672,-1.3866409063339233,-55.647090911865234,89.07061004638672,1.3866409063339233,-55.647090911865234,89.07061004638672,Go,Stepping
1780509988.849137,22024.836046881,-1.3866409063339233,-55.647098541259766,89.07061004638672,1.3866409063339233,-55.647098541259766,89.07061004638672,-1.3866409063339233,-55.647090911865234,89.07061004638672,1.3866409063339233,-55.647090911865234,89.07061004638672,Go,Stepping
1780509988.8691356,22024.855788181,-1.3866409063339233,-55.647098541259766,89.07061004638672,1.3866409063339233,-55.647098541259766,89.07061004638672,-1.3866409063339233,-55.647090911865234,89.07061004638672,1.3866409063339233,-55.647090911865234,89.07061004638672,Go,Stepping
1780509988.889147,22024.876035844,-1.3866409063339233,-55.647098541259766,89.07061004638672,1.3866409063339233,-55.647098541259766,89.07061004638672,-1.3866409063339233,-55.647090911865234,89.07061004638672,1.3866409063339233,-55.647090911865234,89.07061004638672,Go,Stepping
1780509988.9091368,22024.89521979,-1.3866409063339233,-55.647098541259766,89.07061004638672,1.3866409063339233,-55.647098541259766,89.07061004638672,-1.3866409063339233,-55.647090911865234,89.07061004638672,1.3866409063339233,-55.647090911865234,89.07061004638672,Go,Stepping
1780509988.9291816,22024.916402625,-1.3866409063339233,-55.647098541259766,89.07061004638672,1.3866409063339233,-55.647098541259766,89.07061004638672,-1.3866409063339233,-55.647090911865234,89.07061004638672,1.3866409063339233,-55.647090911865234,89.07061004638672,Go,Stepping
1780509988.9491413,22024.93522425,-1.3866409063339233,-55.647098541259766,89.07061004638672,1.3866409063339233,-55.647098541259766,89.07061004638672,-1.3866409063339233,-55.647090911865234,89.07061004638672,1.3866409063339233,-55.647090911865234,89.07061004638672,Go,Stepping
1780509988.9690962,22024.956118315,-1.3866409063339233,-55.647098541259766,89.07061004638672,1.3866409063339233,-55.647098541259766,89.07061004638672,-1.3866409063339233,-55.647090911865234,89.07061004638672,1.3866409063339233,-55.647090911865234,89.07061004638672,Go,Stepping
1780509988.9891007,22024.976247769,-1.3866409063339233,-55.647098541259766,89.07061004638672,1.3866409063339233,-55.647098541259766,89.07061004638672,-1.3866409063339233,-55.647090911865234,89.07061004638672,1.3866409063339233,-55.647090911865234,89.07061004638672,Go,Stepping
1780509989.009094,22024.995123612,-1.3866409063339233,-55.647098541259766,89.07061004638672,1.3866409063339233,-55.647098541259766,89.07061004638672,-1.3866409063339233,-55.647090911865234,89.07061004638672,1.3866409063339233,-55.647090911865234,89.07061004638672,Go,Stepping
1780509989.0291553,22025.01559602,-1.3866409063339233,-55.647098541259766,89.07061004638672,1.3866409063339233,-55.647098541259766,89.07061004638672,-1.3866409063339233,-55.647090911865234,89.07061004638672,1.3866409063339233,-55.647090911865234,89.07061004638672,Go,Stepping
1780509989.0491452,22025.035541513,-1.3866409063339233,-55.647098541259766,89.07061004638672,1.3866409063339233,-55.647098541259766,89.07061004638672,-1.3866409063339233,-55.647090911865234,89.07061004638672,1.3866409063339233,-55.647090911865234,89.07061004638672,Go,Stepping
1780509989.069149,22025.055808102,-1.3866409063339233,-55.647098541259766,89.07061004638672,1.3866409063339233,-55.647098541259766,89.07061004638672,-1.3866409063339233,-55.647090911865234,89.07061004638672,1.3866409063339233,-55.647090911865234,89.07061004638672,Go,Stepping
1780509989.0890942,22025.076195128,-1.3866409063339233,-55.647098541259766,89.07061004638672,1.3866409063339233,-55.647098541259766,89.07061004638672,-1.3866409063339233,-55.647090911865234,89.07061004638672,1.3866409063339233,-55.647090911865234,89.07061004638672,Go,Stepping
1780509989.109089,22025.095399321,-1.3866409063339233,-55.647098541259766,89.07061004638672,1.3866409063339233,-55.647098541259766,89.07061004638672,-1.3866409063339233,-55.647090911865234,89.07061004638672,1.3866409063339233,-55.647090911865234,89.07061004638672,Go,Stepping
1780509989.129104,22025.114856391,-1.3866409063339233,-55.647098541259766,89.07061004638672,1.3866409063339233,-55.647098541259766,89.07061004638672,-1.3866409063339233,-55.647090911865234,89.07061004638672,1.3866409063339233,-55.647090911865234,89.07061004638672,Go,Stepping
1780509989.1491113,22025.136550473,-1.3866409063339233,-55.647098541259766,89.07061004638672,1.3866409063339233,-55.647098541259766,89.07061004638672,-1.3866409063339233,-55.647090911865234,89.07061004638672,1.3866409063339233,-55.647090911865234,89.07061004638672,Go,Stepping
1780509989.169102,22025.155667122,-1.3866409063339233,-55.647098541259766,89.07061004638672,1.3866409063339233,-55.647098541259766,89.07061004638672,-1.3866409063339233,-55.647090911865234,89.07061004638672,1.3866409063339233,-55.647090911865234,89.07061004638672,Go,Stepping
1780509989.1890948,22025.176299116,-1.3866409063339233,-55.647098541259766,89.07061004638672,1.3866409063339233,-55.647098541259766,89.07061004638672,-1.3866409063339233,-55.647090911865234,89.07061004638672,1.3866409063339233,-55.647090911865234,89.07061004638672,Go,Stepping
1780509989.209104,22025.195253948,-1.3866409063339233,-55.647098541259766,89.07061004638672,1.3866409063339233,-55.647098541259766,89.07061004638672,-1.3866409063339233,-55.647090911865234,89.07061004638672,1.3866409063339233,-55.647090911865234,89.07061004638672,Go,Stepping
1780509989.2290947,22025.215051276,-1.3866409063339233,-55.647098541259766,89.07061004638672,1.3866409063339233,-55.647098541259766,89.07061004638672,-1.3866409063339233,-55.647090911865234,89.07061004638672,1.3866409063339233,-55.647090911865234,89.07061004638672,Go,Stepping
1780509989.2491455,22025.235776962,-0.7437102198600769,-54.98540496826172,88.54183959960938,0.8748942613601685,-55.09052658081055,87.694580078125,-0.8748942613601685,-54.91863250732422,87.77774047851562,0.7437102198600769,-55.20726776123047,88.43993377685547,Go,Stepping
1780509989.2691474,22025.256139745,-0.8344478607177734,-54.49585723876953,88.21830749511719,0.7914120554924011,-55.655216217041016,87.92671203613281,-0.7911342978477478,-55.45281219482422,88.03397369384766,0.8347705602645874,-54.687217712402344,88.12834167480469,Go,Stepping
1780509989.2891395,22025.276359729,-0.9252014756202698,-54.14056396484375,87.88742065429688,0.7112945318222046,-56.299217224121094,88.14507293701172,-0.7101649641990662,-56.07736587524414,88.28520965576172,0.9258838891983032,-54.29597091674805,87.81023406982422,Go,Stepping
1780509989.3092062,22025.295095101,-1.0175493955612183,-53.993953704833984,87.520751953125,0.5690217614173889,-59.9636344909668,93.13744354248047,-0.565997838973999,-59.66155242919922,93.3011474609375,1.0182747840881348,-54.114593505859375,87.45906829833984,Go,Stepping
1780509989.329207,22025.315255109,-1.1041780710220337,-54.041351318359375,87.13972473144531,0.5419765114784241,-69.9398193359375,108.36425018310547,-0.5359455943107605,-69.53059387207031,108.55828857421875,1.1046826839447021,-54.13066482543945,87.0942611694336,Go,Stepping
1780509989.3492854,22025.335472207,-1.1887969970703125,-54.012332916259766,86.87380981445312,0.7599913477897644,-76.36775970458984,117.2906494140625,-0.754334568977356,-75.95598602294922,117.47512817382812,1.1890045404434204,-54.071964263916016,86.84486389160156,Go,Stepping
1780509989.369209,22025.355385138,-1.2736365795135498,-54.02733612060547,86.6806411743164,1.2546358108520508,-78.78030395507812,121.05290222167969,-1.250900149345398,-78.49887084960938,121.17301940917969,1.2737090587615967,-54.05668258666992,86.66658020019531,Go,Stepping
1780509989.389211,22025.375583516,-1.3564373254776,-54.13338088989258,86.54100799560547,1.8870325088500977,-79.42529296875,123.08890533447266,-1.886132001876831,-79.33919525146484,123.12303924560547,1.3564373254776,-54.133365631103516,86.54100799560547,Go,Stepping
1780509989.4093351,22025.395253093,-1.4366512298583984,-54.4743537902832,86.38388061523438,2.5261569023132324,-77.80564880371094,124.6709213256836,-2.526803493499756,-77.93575286865234,124.62982940673828,1.4366512298583984,-54.44667434692383,86.39791107177734,Go,Stepping
1780509989.4293294,22025.416398517,-1.514275074005127,-54.95136260986328,86.24608612060547,2.9564414024353027,-72.99152374267578,123.14456176757812,-2.9531185626983643,-73.32808685302734,123.07015991210938,1.5145032405853271,-54.898780822753906,86.27587890625,Go,Stepping
1780509989.4492462,22025.436489561,-1.5731676816940308,-55.75859832763672,86.00117492675781,2.752861261367798,-63.07782745361328,114.04415130615234,-2.742154598236084,-63.46904754638672,113.99725341796875,1.5739156007766724,-55.691505432128906,86.04879760742188,Go,Stepping
1780509989.469208,22025.456147464,-1.6323893070220947,-56.59402084350586,85.77885437011719,2.156191825866699,-52.383216857910156,95.98184204101562,-2.1419363021850586,-52.66916275024414,95.95023345947266,1.634345293045044,-56.51918029785156,85.85459899902344,Go,Stepping
1780509989.4891503,22025.475313219,-1.6972647905349731,-57.393245697021484,85.60787200927734,1.8878785371780396,-50.30778884887695,89.85508728027344,-1.8735041618347168,-50.40050506591797,89.6229019165039,1.7010133266448975,-57.316680908203125,85.72440338134766,Go,Stepping
1780509989.5091572,22025.495842718,-1.7447429895401,-58.4436149597168,85.25853729248047,1.7867684364318848,-50.28264617919922,89.41204833984375,-1.7772998809814453,-50.375362396240234,89.25260162353516,1.750541090965271,-58.380741119384766,85.42571258544922,Go,Stepping
1780509989.5291557,22025.515183785,-1.7750604152679443,-59.38725662231445,84.97100067138672,1.6879873275756836,-50.65470886230469,88.93384552001953,-1.6810575723648071,-50.727783203125,88.81359100341797,1.7837190628051758,-59.35749816894531,85.20555877685547,Go,Stepping
1780509989.5492203,22025.535388077,-1.812097430229187,-60.44702911376953,85.4657211303711,1.6053599119186401,-51.33076095581055,88.3993148803711,-1.6008332967758179,-51.39070129394531,88.31755828857422,1.8206968307495117,-60.328834533691406,85.57904052734375,Go,Stepping
1780509989.5690994,22025.555877191,-1.3866409063339233,-55.647098541259766,89.07061004638672,1.3866409063339233,-55.647098541259766,89.07061004638672,-1.3866409063339233,-55.647090911865234,89.07061004638672,1.3866409063339233,-55.647090911865234,89.07061004638672,Stop,Stepping
1780509989.589118,22025.576229566,-1.3866409063339233,-55.647098541259766,89.07061004638672,1.3866409063339233,-55.647098541259766,89.07061004638672,-1.3866409063339233,-55.647090911865234,89.07061004638672,1.3866409063339233,-55.647090911865234,89.07061004638672,Stop,Stepping
1780509989.6091216,22025.595144731,-1.3866409063339233,-55.647098541259766,89.07061004638672,1.3866409063339233,-55.647098541259766,89.07061004638672,-1.3866409063339233,-55.647090911865234,89.07061004638672,1.3866409063339233,-55.647090911865234,89.07061004638672,Stop,Stepping
1780509989.6291196,22025.615137007,-1.3866409063339233,-55.647098541259766,89.07061004638672,1.3866409063339233,-55.647098541259766,89.07061004638672,-1.3866409063339233,-55.647090911865234,89.07061004638672,1.3866409063339233,-55.647090911865234,89.07061004638672,Stop,Stepping
1780509989.649114,22025.635169183,-1.3866409063339233,-55.647098541259766,89.07061004638672,1.3866409063339233,-55.647098541259766,89.07061004638672,-1.3866409063339233,-55.647090911865234,89.07061004638672,1.3866409063339233,-55.647090911865234,89.07061004638672,Stop,Stepping
1780509989.6691108,22025.655137185,-1.3866409063339233,-55.647098541259766,89.07061004638672,1.3866409063339233,-55.647098541259766,89.07061004638672,-1.3866409063339233,-55.647090911865234,89.07061004638672,1.3866409063339233,-55.647090911865234,89.07061004638672,Stop,Stepping
1780509989.6891046,22025.675331339,-1.3866409063339233,-55.647098541259766,89.07061004638672,1.3866409063339233,-55.647098541259766,89.07061004638672,-1.3866409063339233,-55.647090911865234,89.07061004638672,1.3866409063339233,-55.647090911865234,89.07061004638672,Stop,Stepping
1780509989.7090979,22025.695146341,-1.3866409063339233,-55.647098541259766,89.07061004638672,1.3866409063339233,-55.647098541259766,89.07061004638672,-1.3866409063339233,-55.647090911865234,89.07061004638672,1.3866409063339233,-55.647090911865234,89.07061004638672,Stop,Stepping
1780509989.7290974,22025.71577351,-1.3866409063339233,-55.647098541259766,89.07061004638672,1.3866409063339233,-55.647098541259766,89.07061004638672,-1.3866409063339233,-55.647090911865234,89.07061004638672,1.3866409063339233,-55.647090911865234,89.07061004638672,Stop,Stepping
1780509989.7491908,22025.736028119,-1.3866409063339233,-55.647098541259766,89.07061004638672,1.3866409063339233,-55.647098541259766,89.07061004638672,-1.3866409063339233,-55.647090911865234,89.07061004638672,1.3866409063339233,-55.647090911865234,89.07061004638672,Stop,Stepping
1780509989.7691307,22025.755875569,-1.3866409063339233,-55.647098541259766,89.07061004638672,1.3866409063339233,-55.647098541259766,89.07061004638672,-1.3866409063339233,-55.647090911865234,89.07061004638672,1.3866409063339233,-55.647090911865234,89.07061004638672,Stop,Stepping
1780509989.7891169,22025.777782016,-1.3866409063339233,-55.647098541259766,89.07061004638672,1.3866409063339233,-55.647098541259766,89.07061004638672,-1.3866409063339233,-55.647090911865234,89.07061004638672,1.3866409063339233,-55.647090911865234,89.07061004638672,Stop,Stepping
1780509989.809121,22025.79587115,-1.3866409063339233,-55.647098541259766,89.07061004638672,1.3866409063339233,-55.647098541259766,89.07061004638672,-1.3866409063339233,-55.647090911865234,89.07061004638672,1.3866409063339233,-55.647090911865234,89.07061004638672,Stop,Stepping
1780509989.8291116,22025.815249008,-1.3866409063339233,-55.647098541259766,89.07061004638672,1.3866409063339233,-55.647098541259766,89.07061004638672,-1.3866409063339233,-55.647090911865234,89.07061004638672,1.3866409063339233,-55.647090911865234,89.07061004638672,Stop,Stepping
1780509989.8491793,22025.835246388,-1.3866409063339233,-55.647098541259766,89.07061004638672,1.3866409063339233,-55.647098541259766,89.07061004638672,-1.3866409063339233,-55.647090911865234,89.07061004638672,1.3866409063339233,-55.647090911865234,89.07061004638672,Stop,Stepping
1780509989.869117,22025.855083987,-1.3866409063339233,-55.647098541259766,89.07061004638672,1.3866409063339233,-55.647098541259766,89.07061004638672,-1.3866409063339233,-55.647090911865234,89.07061004638672,1.3866409063339233,-55.647090911865234,89.07061004638672,Stop,Stepping
1780509989.8892076,22025.875414777,-1.3866409063339233,-55.647098541259766,89.07061004638672,1.3866409063339233,-55.647098541259766,89.07061004638672,-1.3866409063339233,-55.647090911865234,89.07061004638672,1.3866409063339233,-55.647090911865234,89.07061004638672,Stop,Stepping
1780509989.9091582,22025.898667431,-1.3866409063339233,-55.647098541259766,89.07061004638672,1.3866409063339233,-55.647098541259766,89.07061004638672,-1.3866409063339233,-55.647090911865234,89.07061004638672,1.3866409063339233,-55.647090911865234,89.07061004638672,Stop,Stepping
1780509989.9290433,22025.915030993,-1.3866409063339233,-55.647098541259766,89.07061004638672,1.3866409063339233,-55.647098541259766,89.07061004638672,-1.3866409063339233,-55.647090911865234,89.07061004638672,1.3866409063339233,-55.647090911865234,89.07061004638672,Stop,Stepping
1780509989.9491239,22025.935093341,-1.3866409063339233,-55.647098541259766,89.07061004638672,1.3866409063339233,-55.647098541259766,89.07061004638672,-1.3866409063339233,-55.647090911865234,89.07061004638672,1.3866409063339233,-55.647090911865234,89.07061004638672,Stop,Stepping
1780509989.9691288,22025.955294545,-1.3866409063339233,-55.647098541259766,89.07061004638672,1.3866409063339233,-55.647098541259766,89.07061004638672,-1.3866409063339233,-55.647090911865234,89.07061004638672,1.3866409063339233,-55.647090911865234,89.07061004638672,Stop,Stepping
1780509989.9891303,22025.975882729,-1.3866409063339233,-55.647098541259766,89.07061004638672,1.3866409063339233,-55.647098541259766,89.07061004638672,-1.3866409063339233,-55.647090911865234,89.07061004638672,1.3866409063339233,-55.647090911865234,89.07061004638672,Stop,Stepping
1780509990.0091383,22025.995807281,-1.3866409063339233,-55.647098541259766,89.07061004638672,1.3866409063339233,-55.647098541259766,89.07061004638672,-1.3866409063339233,-55.647090911865234,89.07061004638672,1.3866409063339233,-55.647090911865234,89.07061004638672,Stop,Stepping
1780509990.029134,22026.015848846,-1.3866409063339233,-55.647098541259766,89.07061004638672,1.3866409063339233,-55.647098541259766,89.07061004638672,-1.3866409063339233,-55.647090911865234,89.07061004638672,1.3866409063339233,-55.647090911865234,89.07061004638672,Stop,Stepping
1780509990.04913,22026.035122788,-1.3866409063339233,-55.647098541259766,89.07061004638672,1.3866409063339233,-55.647098541259766,89.07061004638672,-1.3866409063339233,-55.647090911865234,89.07061004638672,1.3866409063339233,-55.647090911865234,89.07061004638672,Stop,Stepping
1780509990.0691624,22026.055468546,-1.3866409063339233,-55.647098541259766,89.07061004638672,1.3866409063339233,-55.647098541259766,89.07061004638672,-1.3866409063339233,-55.647090911865234,89.07061004638672,1.3866409063339233,-55.647090911865234,89.07061004638672,Stop,Stepping
1780509990.0891757,22026.075367834,-1.3866409063339233,-55.647098541259766,89.07061004638672,1.3866409063339233,-55.647098541259766,89.07061004638672,-1.3866409063339233,-55.647090911865234,89.07061004638672,1.3866409063339233,-55.647090911865234,89.07061004638672,Stop,Stepping
1780509990.1091268,22026.095134781,-1.3866409063339233,-55.647098541259766,89.07061004638672,1.3866409063339233,-55.647098541259766,89.07061004638672,-1.3866409063339233,-55.647090911865234,89.07061004638672,1.3866409063339233,-55.647090911865234,89.07061004638672,Stop,Stepping
1780509990.12912,22026.114947448,-1.3866409063339233,-55.647098541259766,89.07061004638672,1.3866409063339233,-55.647098541259766,89.07061004638672,-1.3866409063339233,-55.647090911865234,89.07061004638672,1.3866409063339233,-55.647090911865234,89.07061004638672,Go,Stepping
1780509990.1491065,22026.135155025,-1.3866409063339233,-55.647098541259766,89.07061004638672,1.3866409063339233,-55.647098541259766,89.07061004638672,-1.3866409063339233,-55.647090911865234,89.07061004638672,1.3866409063339233,-55.647090911865234,89.07061004638672,Go,Stepping
1780509990.169122,22026.155091956,-1.3866409063339233,-55.647098541259766,89.07061004638672,1.3866409063339233,-55.647098541259766,89.07061004638672,-1.3866409063339233,-55.647090911865234,89.07061004638672,1.3866409063339233,-55.647090911865234,89.07061004638672,Go,Stepping
1780509990.1891186,22026.175222685,-1.3866409063339233,-55.647098541259766,89.07061004638672,1.3866409063339233,-55.647098541259766,89.07061004638672,-1.3866409063339233,-55.647090911865234,89.07061004638672,1.3866409063339233,-55.647090911865234,89.07061004638672,Go,Stepping
1780509990.2091238,22026.194909333,-1.3866409063339233,-55.647098541259766,89.07061004638672,1.3866409063339233,-55.647098541259766,89.07061004638672,-1.3866409063339233,-55.647090911865234,89.07061004638672,1.3866409063339233,-55.647090911865234,89.07061004638672,Go,Stepping
1780509990.2291083,22026.215017831,-1.3866409063339233,-55.647098541259766,89.07061004638672,1.3866409063339233,-55.647098541259766,89.07061004638672,-1.3866409063339233,-55.647090911865234,89.07061004638672,1.3866409063339233,-55.647090911865234,89.07061004638672,Go,Stepping
1780509990.2491107,22026.235453758,-1.3866409063339233,-55.647098541259766,89.07061004638672,1.3866409063339233,-55.647098541259766,89.07061004638672,-1.3866409063339233,-55.647090911865234,89.07061004638672,1.3866409063339233,-55.647090911865234,89.07061004638672,Go,Stepping
1780509990.2691076,22026.254998896,-1.3866409063339233,-55.647098541259766,89.07061004638672,1.3866409063339233,-55.647098541259766,89.07061004638672,-1.3866409063339233,-55.647090911865234,89.07061004638672,1.3866409063339233,-55.647090911865234,89.07061004638672,Go,Stepping
1780509990.2891042,22026.275321994,-1.3866409063339233,-55.647098541259766,89.07061004638672,1.3866409063339233,-55.647098541259766,89.07061004638672,-1.3866409063339233,-55.647090911865234,89.07061004638672,1.3866409063339233,-55.647090911865234,89.07061004638672,Go,Stepping
1780509990.3091245,22026.295410061,-1.3866409063339233,-55.647098541259766,89.07061004638672,1.3866409063339233,-55.647098541259766,89.07061004638672,-1.3866409063339233,-55.647090911865234,89.07061004638672,1.3866409063339233,-55.647090911865234,89.07061004638672,Go,Stepping
1780509990.32911,22026.3162202,-1.3866409063339233,-55.647098541259766,89.07061004638672,1.3866409063339233,-55.647098541259766,89.07061004638672,-1.3866409063339233,-55.647090911865234,89.07061004638672,1.3866409063339233,-55.647090911865234,89.07061004638672,Go,Stepping
1780509990.349109,22026.334981688,-1.3866409063339233,-55.647098541259766,89.07061004638672,1.3866409063339233,-55.647098541259766,89.07061004638672,-1.3866409063339233,-55.647090911865234,89.07061004638672,1.3866409063339233,-55.647090911865234,89.07061004638672,Go,Stepping
1780509990.3691342,22026.35504718,-1.3866409063339233,-55.647098541259766,89.07061004638672,1.3866409063339233,-55.647098541259766,89.07061004638672,-1.3866409063339233,-55.647090911865234,89.07061004638672,1.3866409063339233,-55.647090911865234,89.07061004638672,Go,Stepping
1780509990.389063,22026.375097958,-1.3866409063339233,-55.647098541259766,89.07061004638672,1.3866409063339233,-55.647098541259766,89.07061004638672,-1.3866409063339233,-55.647090911865234,89.07061004638672,1.3866409063339233,-55.647090911865234,89.07061004638672,Go,Stepping
1780509990.4091074,22026.396443732,-1.3866409063339233,-55.647098541259766,89.07061004638672,1.3866409063339233,-55.647098541259766,89.07061004638672,-1.3866409063339233,-55.647090911865234,89.07061004638672,1.3866409063339233,-55.647090911865234,89.07061004638672,Go,Stepping
1780509990.429112,22026.416241376,-1.3866409063339233,-55.647098541259766,89.07061004638672,1.3866409063339233,-55.647098541259766,89.07061004638672,-1.3866409063339233,-55.647090911865234,89.07061004638672,1.3866409063339233,-55.647090911865234,89.07061004638672,Stop,Stepping
1780509990.4491174,22026.436705952,-1.3866409063339233,-55.647098541259766,89.07061004638672,1.3866409063339233,-55.647098541259766,89.07061004638672,-1.3866409063339233,-55.647090911865234,89.07061004638672,1.3866409063339233,-55.647090911865234,89.07061004638672,Go,Stepping
1780509990.469121,22026.456341669,-1.3866409063339233,-55.647098541259766,89.07061004638672,1.3866409063339233,-55.647098541259766,89.07061004638672,-1.3866409063339233,-55.647090911865234,89.07061004638672,1.3866409063339233,-55.647090911865234,89.07061004638672,Go,Stepping
1780509990.4891424,22026.47521286,-1.3866409063339233,-55.647098541259766,89.07061004638672,1.3866409063339233,-55.647098541259766,89.07061004638672,-1.3866409063339233,-55.647090911865234,89.07061004638672,1.3866409063339233,-55.647090911865234,89.07061004638672,Go,Stepping
1780509990.5091424,22026.496623762,-1.3866409063339233,-55.647098541259766,89.07061004638672,1.3866409063339233,-55.647098541259766,89.07061004638672,-1.3866409063339233,-55.647090911865234,89.07061004638672,1.3866409063339233,-55.647090911865234,89.07061004638672,Go,Stepping
1780509990.5291626,22026.515452549,-1.3866409063339233,-55.647098541259766,89.07061004638672,1.3866409063339233,-55.647098541259766,89.07061004638672,-1.3866409063339233,-55.647090911865234,89.07061004638672,1.3866409063339233,-55.647090911865234,89.07061004638672,Go,Stepping
1780509990.5491388,22026.535552132,-1.3866409063339233,-55.647098541259766,89.07061004638672,1.3866409063339233,-55.647098541259766,89.07061004638672,-1.3866409063339233,-55.647090911865234,89.07061004638672,1.3866409063339233,-55.647090911865234,89.07061004638672,Go,Stepping
1780509990.5691383,22026.555200103,-1.3866409063339233,-55.647098541259766,89.07061004638672,1.3866409063339233,-55.647098541259766,89.07061004638672,-1.3866409063339233,-55.647090911865234,89.07061004638672,1.3866409063339233,-55.647090911865234,89.07061004638672,Go,Stepping
1780509990.5891445,22026.575362909,-1.3866409063339233,-55.647098541259766,89.07061004638672,1.3866409063339233,-55.647098541259766,89.07061004638672,-1.3866409063339233,-55.647090911865234,89.07061004638672,1.3866409063339233,-55.647090911865234,89.07061004638672,Go,Stepping
1780509990.6091268,22026.595982578,-1.3866409063339233,-55.647098541259766,89.07061004638672,1.3866409063339233,-55.647098541259766,89.07061004638672,-1.3866409063339233,-55.647090911865234,89.07061004638672,1.3866409063339233,-55.647090911865234,89.07061004638672,Go,Stepping
1780509990.629181,22026.615873246,-1.3866409063339233,-55.647098541259766,89.07061004638672,1.3866409063339233,-55.647098541259766,89.07061004638672,-1.3866409063339233,-55.647090911865234,89.07061004638672,1.3866409063339233,-55.647090911865234,89.07061004638672,Go,Stepping
1780509990.649174,22026.636292473,-1.3866409063339233,-55.647098541259766,89.07061004638672,1.3866409063339233,-55.647098541259766,89.07061004638672,-1.3866409063339233,-55.647090911865234,89.07061004638672,1.3866409063339233,-55.647090911865234,89.07061004638672,Go,Stepping
1780509990.6691332,22026.655786549,-1.3866409063339233,-55.647098541259766,89.07061004638672,1.3866409063339233,-55.647098541259766,89.07061004638672,-1.3866409063339233,-55.647090911865234,89.07061004638672,1.3866409063339233,-55.647090911865234,89.07061004638672,Go,Stepping
1780509990.689133,22026.676700686,-1.3866409063339233,-55.647098541259766,89.07061004638672,1.3866409063339233,-55.647098541259766,89.07061004638672,-1.3866409063339233,-55.647090911865234,89.07061004638672,1.3866409063339233,-55.647090911865234,89.07061004638672,Go,Stepping
1780509990.7091444,22026.69575255,-1.3866409063339233,-55.647098541259766,89.07061004638672,1.3866409063339233,-55.647098541259766,89.07061004638672,-1.3866409063339233,-55.647090911865234,89.07061004638672,1.3866409063339233,-55.647090911865234,89.07061004638672,Go,Stepping
1780509990.7291398,22026.715243331,-1.3866409063339233,-55.647098541259766,89.07061004638672,1.3866409063339233,-55.647098541259766,89.07061004638672,-1.3866409063339233,-55.647090911865234,89.07061004638672,1.3866409063339233,-55.647090911865234,89.07061004638672,Go,Stepping
1780509990.749175,22026.735157757,-1.3866409063339233,-55.647098541259766,89.07061004638672,1.3866409063339233,-55.647098541259766,89.07061004638672,-1.3866409063339233,-55.647090911865234,89.07061004638672,1.3866409063339233,-55.647090911865234,89.07061004638672,Go,Stepping
1780509990.7691298,22026.755067424,-1.3866409063339233,-55.647098541259766,89.07061004638672,1.3866409063339233,-55.647098541259766,89.07061004638672,-1.3866409063339233,-55.647090911865234,89.07061004638672,1.3866409063339233,-55.647090911865234,89.07061004638672,Go,Stepping
1780509990.7891421,22026.77555778,-1.3866409063339233,-55.647098541259766,89.07061004638672,1.3866409063339233,-55.647098541259766,89.07061004638672,-1.3866409063339233,-55.647090911865234,89.07061004638672,1.3866409063339233,-55.647090911865234,89.07061004638672,Go,Stepping
1780509990.8091493,22026.795132047,-1.3866409063339233,-55.647098541259766,89.07061004638672,1.3866409063339233,-55.647098541259766,89.07061004638672,-1.3866409063339233,-55.647090911865234,89.07061004638672,1.3866409063339233,-55.647090911865234,89.07061004638672,Go,Stepping
1780509990.8291261,22026.815590207,-1.3866409063339233,-55.647098541259766,89.07061004638672,1.3866409063339233,-55.647098541259766,89.07061004638672,-1.3866409063339233,-55.647090911865234,89.07061004638672,1.3866409063339233,-55.647090911865234,89.07061004638672,Go,Stepping
1780509990.849133,22026.835733999,-1.3866409063339233,-55.647098541259766,89.07061004638672,1.3866409063339233,-55.647098541259766,89.07061004638672,-1.3866409063339233,-55.647090911865234,89.07061004638672,1.3866409063339233,-55.647090911865234,89.07061004638672,Go,Stepping
1780509990.8691292,22026.855932443,-1.3866409063339233,-55.647098541259766,89.07061004638672,1.3866409063339233,-55.647098541259766,89.07061004638672,-1.3866409063339233,-55.647090911865234,89.07061004638672,1.3866409063339233,-55.647090911865234,89.07061004638672,Go,Stepping
1780509990.8891168,22026.875852355,-1.3866409063339233,-55.647098541259766,89.07061004638672,1.3866409063339233,-55.647098541259766,89.07061004638672,-1.3866409063339233,-55.647090911865234,89.07061004638672,1.3866409063339233,-55.647090911865234,89.07061004638672,Go,Stepping
1780509990.9091363,22026.895828118,-1.3866409063339233,-55.647098541259766,89.07061004638672,1.3866409063339233,-55.647098541259766,89.07061004638672,-1.3866409063339233,-55.647090911865234,89.07061004638672,1.3866409063339233,-55.647090911865234,89.07061004638672,Go,Stepping
1780509990.9291382,22026.915380087,-1.3866409063339233,-55.647098541259766,89.07061004638672,1.3866409063339233,-55.647098541259766,89.07061004638672,-1.3866409063339233,-55.647090911865234,89.07061004638672,1.3866409063339233,-55.647090911865234,89.07061004638672,Go,Stepping
1780509990.9491475,22026.935824909,-1.3866409063339233,-55.647098541259766,89.07061004638672,1.3866409063339233,-55.647098541259766,89.07061004638672,-1.3866409063339233,-55.647090911865234,89.07061004638672,1.3866409063339233,-55.647090911865234,89.07061004638672,Go,Stepping
1780509990.9691865,22026.955112203,-1.3866409063339233,-55.647098541259766,89.07061004638672,1.3866409063339233,-55.647098541259766,89.07061004638672,-1.3866409063339233,-55.647090911865234,89.07061004638672,1.3866409063339233,-55.647090911865234,89.07061004638672,Go,Stepping
1780509990.9891746,22026.975269816,-1.3866409063339233,-55.647098541259766,89.07061004638672,1.3866409063339233,-55.647098541259766,89.07061004638672,-1.3866409063339233,-55.647090911865234,89.07061004638672,1.3866409063339233,-55.647090911865234,89.07061004638672,Go,Stepping
1780509991.009145,22026.995163019,-1.3866409063339233,-55.647098541259766,89.07061004638672,1.3866409063339233,-55.647098541259766,89.07061004638672,-1.3866409063339233,-55.647090911865234,89.07061004638672,1.3866409063339233,-55.647090911865234,89.07061004638672,Go,Stepping
1780509991.0291483,22027.015390686,-1.3866409063339233,-55.647098541259766,89.07061004638672,1.3866409063339233,-55.647098541259766,89.07061004638672,-1.3866409063339233,-55.647090911865234,89.07061004638672,1.3866409063339233,-55.647090911865234,89.07061004638672,Go,Stepping
1780509991.0491345,22027.035930064,-1.3866409063339233,-55.647098541259766,89.07061004638672,1.3866409063339233,-55.647098541259766,89.07061004638672,-1.3866409063339233,-55.647090911865234,89.07061004638672,1.3866409063339233,-55.647090911865234,89.07061004638672,Go,Stepping
1780509991.0691855,22027.056420769,-1.3866409063339233,-55.647098541259766,89.07061004638672,1.3866409063339233,-55.647098541259766,89.07061004638672,-1.3866409063339233,-55.647090911865234,89.07061004638672,1.3866409063339233,-55.647090911865234,89.07061004638672,Go,Stepping
1780509991.0891936,22027.076225542,-1.3866409063339233,-55.647098541259766,89.07061004638672,1.3866409063339233,-55.647098541259766,89.07061004638672,-1.3866409063339233,-55.647090911865234,89.07061004638672,1.3866409063339233,-55.647090911865234,89.07061004638672,Go,Stepping
1780509991.1091542,22027.095943247,-1.3866409063339233,-55.647098541259766,89.07061004638672,1.3866409063339233,-55.647098541259766,89.07061004638672,-1.3866409063339233,-55.647090911865234,89.07061004638672,1.3866409063339233,-55.647090911865234,89.07061004638672,Go,Stepping
1780509991.1291432,22027.115872741,-1.3866409063339233,-55.647098541259766,89.07061004638672,1.3866409063339233,-55.647098541259766,89.07061004638672,-1.3866409063339233,-55.647090911865234,89.07061004638672,1.3866409063339233,-55.647090911865234,89.07061004638672,Go,Stepping
1780509991.1491396,22027.135628597,-1.3866409063339233,-55.647098541259766,89.07061004638672,1.3866409063339233,-55.647098541259766,89.07061004638672,-1.3866409063339233,-55.647090911865234,89.07061004638672,1.3866409063339233,-55.647090911865234,89.07061004638672,Go,Stepping
1780509991.1691957,22027.155163691,-1.3866409063339233,-55.647098541259766,89.07061004638672,1.3866409063339233,-55.647098541259766,89.07061004638672,-1.3866409063339233,-55.647090911865234,89.07061004638672,1.3866409063339233,-55.647090911865234,89.07061004638672,Go,Stepping
1780509991.1891446,22027.175579416,-1.3866409063339233,-55.647098541259766,89.07061004638672,1.3866409063339233,-55.647098541259766,89.07061004638672,-1.3866409063339233,-55.647090911865234,89.07061004638672,1.3866409063339233,-55.647090911865234,89.07061004638672,Go,Stepping
1780509991.209145,22027.195147256,-1.3866409063339233,-55.647098541259766,89.07061004638672,1.3866409063339233,-55.647098541259766,89.07061004638672,-1.3866409063339233,-55.647090911865234,89.07061004638672,1.3866409063339233,-55.647090911865234,89.07061004638672,Go,Stepping
1780509991.2291408,22027.21540153,-1.3866409063339233,-55.647098541259766,89.07061004638672,1.3866409063339233,-55.647098541259766,89.07061004638672,-1.3866409063339233,-55.647090911865234,89.07061004638672,1.3866409063339233,-55.647090911865234,89.07061004638672,Go,Stepping
1780509991.2491448,22027.239053133,-1.3866409063339233,-55.647098541259766,89.07061004638672,1.3866409063339233,-55.647098541259766,89.07061004638672,-1.3866409063339233,-55.647090911865234,89.07061004638672,1.3866409063339233,-55.647090911865234,89.07061004638672,Go,Stepping
1780509991.2691245,22027.25546349,-1.3866409063339233,-55.647098541259766,89.07061004638672,1.3866409063339233,-55.647098541259766,89.07061004638672,-1.3866409063339233,-55.647090911865234,89.07061004638672,1.3866409063339233,-55.647090911865234,89.07061004638672,Go,Stepping
1780509991.2891471,22027.275382442,-1.3866409063339233,-55.647098541259766,89.07061004638672,1.3866409063339233,-55.647098541259766,89.07061004638672,-1.3866409063339233,-55.647090911865234,89.07061004638672,1.3866409063339233,-55.647090911865234,89.07061004638672,Go,Stepping
1780509991.3091154,22027.296260719,-1.3866409063339233,-55.647098541259766,89.07061004638672,1.3866409063339233,-55.647098541259766,89.07061004638672,-1.3866409063339233,-55.647090911865234,89.07061004638672,1.3866409063339233,-55.647090911865234,89.07061004638672,Go,Stepping
1780509991.3291814,22027.316497698,-1.3866409063339233,-55.647098541259766,89.07061004638672,1.3866409063339233,-55.647098541259766,89.07061004638672,-1.3866409063339233,-55.647090911865234,89.07061004638672,1.3866409063339233,-55.647090911865234,89.07061004638672,Go,Stepping
1780509991.3491468,22027.336152343,-1.3866409063339233,-55.647098541259766,89.07061004638672,1.3866409063339233,-55.647098541259766,89.07061004638672,-1.3866409063339233,-55.647090911865234,89.07061004638672,1.3866409063339233,-55.647090911865234,89.07061004638672,Go,Stepping
1780509991.3691418,22027.355414464,-1.3866409063339233,-55.647098541259766,89.07061004638672,1.3866409063339233,-55.647098541259766,89.07061004638672,-1.3866409063339233,-55.647090911865234,89.07061004638672,1.3866409063339233,-55.647090911865234,89.07061004638672,Go,Stepping
1780509991.389139,22027.375414151,-1.3866409063339233,-55.647098541259766,89.07061004638672,1.3866409063339233,-55.647098541259766,89.07061004638672,-1.3866409063339233,-55.647090911865234,89.07061004638672,1.3866409063339233,-55.647090911865234,89.07061004638672,Go,Stepping
1780509991.4091437,22027.395195283,-1.3866409063339233,-55.647098541259766,89.07061004638672,1.3866409063339233,-55.647098541259766,89.07061004638672,-1.3866409063339233,-55.647090911865234,89.07061004638672,1.3866409063339233,-55.647090911865234,89.07061004638672,Go,Stepping
1780509991.4290977,22027.415387907,-1.3866409063339233,-55.647098541259766,89.07061004638672,1.3866409063339233,-55.647098541259766,89.07061004638672,-1.3866409063339233,-55.647090911865234,89.07061004638672,1.3866409063339233,-55.647090911865234,89.07061004638672,Go,Stepping
1780509991.4491525,22027.436184423,-1.3866409063339233,-55.647098541259766,89.07061004638672,1.3866409063339233,-55.647098541259766,89.07061004638672,-1.3866409063339233,-55.647090911865234,89.07061004638672,1.3866409063339233,-55.647090911865234,89.07061004638672,Go,Stepping
1780509991.4691436,22027.4558499,-1.3866409063339233,-55.647098541259766,89.07061004638672,1.3866409063339233,-55.647098541259766,89.07061004638672,-1.3866409063339233,-55.647090911865234,89.07061004638672,1.3866409063339233,-55.647090911865234,89.07061004638672,Go,Stepping
1780509991.4891486,22027.475985777,-1.3866409063339233,-55.647098541259766,89.07061004638672,1.3866409063339233,-55.647098541259766,89.07061004638672,-1.3866409063339233,-55.647090911865234,89.07061004638672,1.3866409063339233,-55.647090911865234,89.07061004638672,Go,Stepping
1780509991.5091379,22027.495481972,-1.3866409063339233,-55.647098541259766,89.07061004638672,1.3866409063339233,-55.647098541259766,89.07061004638672,-1.3866409063339233,-55.647090911865234,89.07061004638672,1.3866409063339233,-55.647090911865234,89.07061004638672,Go,Stepping
1780509991.5290585,22027.515577773,-1.3866409063339233,-55.647098541259766,89.07061004638672,1.3866409063339233,-55.647098541259766,89.07061004638672,-1.3866409063339233,-55.647090911865234,89.07061004638672,1.3866409063339233,-55.647090911865234,89.07061004638672,Go,Stepping
1780509991.5491245,22027.535089736,-1.3866409063339233,-55.647098541259766,89.07061004638672,1.3866409063339233,-55.647098541259766,89.07061004638672,-1.3866409063339233,-55.647090911865234,89.07061004638672,1.3866409063339233,-55.647090911865234,89.07061004638672,Go,Stepping
1780509991.5691345,22027.555478726,-1.3866409063339233,-55.647098541259766,89.07061004638672,1.3866409063339233,-55.647098541259766,89.07061004638672,-1.3866409063339233,-55.647090911865234,89.07061004638672,1.3866409063339233,-55.647090911865234,89.07061004638672,Go,Stepping
1780509991.589139,22027.575039651,-1.3866409063339233,-55.647098541259766,89.07061004638672,1.3866409063339233,-55.647098541259766,89.07061004638672,-1.3866409063339233,-55.647090911865234,89.07061004638672,1.3866409063339233,-55.647090911865234,89.07061004638672,Go,Stepping
1780509991.609132,22027.595374924,-1.3866409063339233,-55.647098541259766,89.07061004638672,1.3866409063339233,-55.647098541259766,89.07061004638672,-1.3866409063339233,-55.647090911865234,89.07061004638672,1.3866409063339233,-55.647090911865234,89.07061004638672,Go,Stepping
1780509991.6291323,22027.615501022,-1.3866409063339233,-55.647098541259766,89.07061004638672,1.3866409063339233,-55.647098541259766,89.07061004638672,-1.3866409063339233,-55.647090911865234,89.07061004638672,1.3866409063339233,-55.647090911865234,89.07061004638672,Go,Stepping
1780509991.6491427,22027.635848011,-1.3866409063339233,-55.647098541259766,89.07061004638672,1.3866409063339233,-55.647098541259766,89.07061004638672,-1.3866409063339233,-55.647090911865234,89.07061004638672,1.3866409063339233,-55.647090911865234,89.07061004638672,Go,Stepping
1780509991.669133,22027.655933403,-1.3866409063339233,-55.647098541259766,89.07061004638672,1.3866409063339233,-55.647098541259766,89.07061004638672,-1.3866409063339233,-55.647090911865234,89.07061004638672,1.3866409063339233,-55.647090911865234,89.07061004638672,Go,Stepping
1780509991.689126,22027.675785964,-1.3866409063339233,-55.647098541259766,89.07061004638672,1.3866409063339233,-55.647098541259766,89.07061004638672,-1.3866409063339233,-55.647090911865234,89.07061004638672,1.3866409063339233,-55.647090911865234,89.07061004638672,Go,Stepping
1780509991.7091815,22027.696837751,-1.3866409063339233,-55.647098541259766,89.07061004638672,1.3866409063339233,-55.647098541259766,89.07061004638672,-1.3866409063339233,-55.647090911865234,89.07061004638672,1.3866409063339233,-55.647090911865234,89.07061004638672,Go,Stepping
1780509991.7291594,22027.715623865,-1.3866409063339233,-55.647098541259766,89.07061004638672,1.3866409063339233,-55.647098541259766,89.07061004638672,-1.3866409063339233,-55.647090911865234,89.07061004638672,1.3866409063339233,-55.647090911865234,89.07061004638672,Go,Stepping
1780509991.749156,22027.73513588,-1.3866409063339233,-55.647098541259766,89.07061004638672,1.3866409063339233,-55.647098541259766,89.07061004638672,-1.3866409063339233,-55.647090911865234,89.07061004638672,1.3866409063339233,-55.647090911865234,89.07061004638672,Go,Stepping
1780509991.7691743,22027.755892874,-1.3866409063339233,-55.647098541259766,89.07061004638672,1.3866409063339233,-55.647098541259766,89.07061004638672,-1.3866409063339233,-55.647090911865234,89.07061004638672,1.3866409063339233,-55.647090911865234,89.07061004638672,Go,Stepping
1780509991.7891695,22027.775864504,-1.3866409063339233,-55.647098541259766,89.07061004638672,1.3866409063339233,-55.647098541259766,89.07061004638672,-1.3866409063339233,-55.647090911865234,89.07061004638672,1.3866409063339233,-55.647090911865234,89.07061004638672,Go,Stepping
1780509991.8091483,22027.795365249,-1.3866409063339233,-55.647098541259766,89.07061004638672,1.3866409063339233,-55.647098541259766,89.07061004638672,-1.3866409063339233,-55.647090911865234,89.07061004638672,1.3866409063339233,-55.647090911865234,89.07061004638672,Go,Stepping
1780509991.8291566,22027.815329845,-1.3866409063339233,-55.647098541259766,89.07061004638672,1.3866409063339233,-55.647098541259766,89.07061004638672,-1.3866409063339233,-55.647090911865234,89.07061004638672,1.3866409063339233,-55.647090911865234,89.07061004638672,Go,Stepping
1780509991.8491535,22027.835395286,-1.3866409063339233,-55.647098541259766,89.07061004638672,1.3866409063339233,-55.647098541259766,89.07061004638672,-1.3866409063339233,-55.647090911865234,89.07061004638672,1.3866409063339233,-55.647090911865234,89.07061004638672,Go,Stepping
1780509991.8691492,22027.855336973,-1.3866409063339233,-55.647098541259766,89.07061004638672,1.3866409063339233,-55.647098541259766,89.07061004638672,-1.3866409063339233,-55.647090911865234,89.07061004638672,1.3866409063339233,-55.647090911865234,89.07061004638672,Go,Stepping
1780509991.8891463,22027.875618224,-1.3866409063339233,-55.647098541259766,89.07061004638672,1.3866409063339233,-55.647098541259766,89.07061004638672,-1.3866409063339233,-55.647090911865234,89.07061004638672,1.3866409063339233,-55.647090911865234,89.07061004638672,Go,Stepping
1780509991.9091408,22027.895712188,-1.3866409063339233,-55.647098541259766,89.07061004638672,1.3866409063339233,-55.647098541259766,89.07061004638672,-1.3866409063339233,-55.647090911865234,89.07061004638672,1.3866409063339233,-55.647090911865234,89.07061004638672,Go,Stepping
1780509991.9291453,22027.916204701,-1.3866409063339233,-55.647098541259766,89.07061004638672,1.3866409063339233,-55.647098541259766,89.07061004638672,-1.3866409063339233,-55.647090911865234,89.07061004638672,1.3866409063339233,-55.647090911865234,89.07061004638672,Go,Stepping
1780509991.9491513,22027.935472898,-1.3866409063339233,-55.647098541259766,89.07061004638672,1.3866409063339233,-55.647098541259766,89.07061004638672,-1.3866409063339233,-55.647090911865234,89.07061004638672,1.3866409063339233,-55.647090911865234,89.07061004638672,Go,Stepping
1780509991.9691453,22027.957420584,-1.3866409063339233,-55.647098541259766,89.07061004638672,1.3866409063339233,-55.647098541259766,89.07061004638672,-1.3866409063339233,-55.647090911865234,89.07061004638672,1.3866409063339233,-55.647090911865234,89.07061004638672,Go,Stepping
1780509991.9892967,22027.975416301,-1.3866409063339233,-55.647098541259766,89.07061004638672,1.3866409063339233,-55.647098541259766,89.07061004638672,-1.3866409063339233,-55.647090911865234,89.07061004638672,1.3866409063339233,-55.647090911865234,89.07061004638672,Go,Stepping
1780509992.0091534,22027.995809915,-1.3866409063339233,-55.647098541259766,89.07061004638672,1.3866409063339233,-55.647098541259766,89.07061004638672,-1.3866409063339233,-55.647090911865234,89.07061004638672,1.3866409063339233,-55.647090911865234,89.07061004638672,Go,Stepping
1780509992.0291529,22028.015830887,-1.3866409063339233,-55.647098541259766,89.07061004638672,1.3866409063339233,-55.647098541259766,89.07061004638672,-1.3866409063339233,-55.647090911865234,89.07061004638672,1.3866409063339233,-55.647090911865234,89.07061004638672,Go,Stepping
1780509992.0491514,22028.035197267,-1.3866409063339233,-55.647098541259766,89.07061004638672,1.3866409063339233,-55.647098541259766,89.07061004638672,-1.3866409063339233,-55.647090911865234,89.07061004638672,1.3866409063339233,-55.647090911865234,89.07061004638672,Go,Stepping
1780509992.0691962,22028.056113844,-1.3866409063339233,-55.647098541259766,89.07061004638672,1.3866409063339233,-55.647098541259766,89.07061004638672,-1.3866409063339233,-55.647090911865234,89.07061004638672,1.3866409063339233,-55.647090911865234,89.07061004638672,Go,Stepping
1780509992.0891976,22028.075236187,-1.3866409063339233,-55.647098541259766,89.07061004638672,1.3866409063339233,-55.647098541259766,89.07061004638672,-1.3866409063339233,-55.647090911865234,89.07061004638672,1.3866409063339233,-55.647090911865234,89.07061004638672,Go,Stepping
1780509992.1092095,22028.095614162,-1.3866409063339233,-55.647098541259766,89.07061004638672,1.3866409063339233,-55.647098541259766,89.07061004638672,-1.3866409063339233,-55.647090911865234,89.07061004638672,1.3866409063339233,-55.647090911865234,89.07061004638672,Go,Stepping
1780509992.1291673,22028.11606962,-1.3866409063339233,-55.647098541259766,89.07061004638672,1.3866409063339233,-55.647098541259766,89.07061004638672,-1.3866409063339233,-55.647090911865234,89.07061004638672,1.3866409063339233,-55.647090911865234,89.07061004638672,Go,Stepping
1780509992.149255,22028.136188225,-1.3866409063339233,-55.647098541259766,89.07061004638672,1.3866409063339233,-55.647098541259766,89.07061004638672,-1.3866409063339233,-55.647090911865234,89.07061004638672,1.3866409063339233,-55.647090911865234,89.07061004638672,Go,Stepping
1780509992.1691618,22028.155483437,-1.3866409063339233,-55.647098541259766,89.07061004638672,1.3866409063339233,-55.647098541259766,89.07061004638672,-1.3866409063339233,-55.647090911865234,89.07061004638672,1.3866409063339233,-55.647090911865234,89.07061004638672,Go,Stepping
1780509992.1891503,22028.17513189,-1.3866409063339233,-55.647098541259766,89.07061004638672,1.3866409063339233,-55.647098541259766,89.07061004638672,-1.3866409063339233,-55.647090911865234,89.07061004638672,1.3866409063339233,-55.647090911865234,89.07061004638672,Go,Stepping
1780509992.2091577,22028.195824948,-1.3866409063339233,-55.647098541259766,89.07061004638672,1.3866409063339233,-55.647098541259766,89.07061004638672,-1.3866409063339233,-55.647090911865234,89.07061004638672,1.3866409063339233,-55.647090911865234,89.07061004638672,Go,Stepping
1780509992.2291572,22028.215603376,-1.3866409063339233,-55.647098541259766,89.07061004638672,1.3866409063339233,-55.647098541259766,89.07061004638672,-1.3866409063339233,-55.647090911865234,89.07061004638672,1.3866409063339233,-55.647090911865234,89.07061004638672,Go,Stepping
1780509992.2491727,22028.236175793,-1.3866409063339233,-55.647098541259766,89.07061004638672,1.3866409063339233,-55.647098541259766,89.07061004638672,-1.3866409063339233,-55.647090911865234,89.07061004638672,1.3866409063339233,-55.647090911865234,89.07061004638672,Go,Stepping
1780509992.2691703,22028.255822875,-1.3866409063339233,-55.647098541259766,89.07061004638672,1.3866409063339233,-55.647098541259766,89.07061004638672,-1.3866409063339233,-55.647090911865234,89.07061004638672,1.3866409063339233,-55.647090911865234,89.07061004638672,Go,Stepping
1780509992.2892234,22028.275393007,-1.3866409063339233,-55.647098541259766,89.07061004638672,1.3866409063339233,-55.647098541259766,89.07061004638672,-1.3866409063339233,-55.647090911865234,89.07061004638672,1.3866409063339233,-55.647090911865234,89.07061004638672,Go,Stepping
1780509992.3094385,22028.295457369,-1.3866409063339233,-55.647098541259766,89.07061004638672,1.3866409063339233,-55.647098541259766,89.07061004638672,-1.3866409063339233,-55.647090911865234,89.07061004638672,1.3866409063339233,-55.647090911865234,89.07061004638672,Go,Stepping
1780509992.3291657,22028.315364465,-1.3866409063339233,-55.647098541259766,89.07061004638672,1.3866409063339233,-55.647098541259766,89.07061004638672,-1.3866409063339233,-55.647090911865234,89.07061004638672,1.3866409063339233,-55.647090911865234,89.07061004638672,Go,Stepping
1780509992.349163,22028.335849626,-1.3866409063339233,-55.647098541259766,89.07061004638672,1.3866409063339233,-55.647098541259766,89.07061004638672,-1.3866409063339233,-55.647090911865234,89.07061004638672,1.3866409063339233,-55.647090911865234,89.07061004638672,Go,Stepping
1780509992.3691952,22028.355443697,-1.3866409063339233,-55.647098541259766,89.07061004638672,1.3866409063339233,-55.647098541259766,89.07061004638672,-1.3866409063339233,-55.647090911865234,89.07061004638672,1.3866409063339233,-55.647090911865234,89.07061004638672,Go,Stepping
1780509992.389151,22028.375426218,-1.3866409063339233,-55.647098541259766,89.07061004638672,1.3866409063339233,-55.647098541259766,89.07061004638672,-1.3866409063339233,-55.647090911865234,89.07061004638672,1.3866409063339233,-55.647090911865234,89.07061004638672,Go,Stepping
1780509992.409105,22028.395864553,-1.3866409063339233,-55.647098541259766,89.07061004638672,1.3866409063339233,-55.647098541259766,89.07061004638672,-1.3866409063339233,-55.647090911865234,89.07061004638672,1.3866409063339233,-55.647090911865234,89.07061004638672,Go,Stepping
1780509992.4291692,22028.416351889,-1.3866409063339233,-55.647098541259766,89.07061004638672,1.3866409063339233,-55.647098541259766,89.07061004638672,-1.3866409063339233,-55.647090911865234,89.07061004638672,1.3866409063339233,-55.647090911865234,89.07061004638672,Go,Stepping
1780509992.4491537,22028.43587268,-1.3866409063339233,-55.647098541259766,89.07061004638672,1.3866409063339233,-55.647098541259766,89.07061004638672,-1.3866409063339233,-55.647090911865234,89.07061004638672,1.3866409063339233,-55.647090911865234,89.07061004638672,Go,Stepping
1780509992.4692192,22028.456124094,-1.3866409063339233,-55.647098541259766,89.07061004638672,1.3866409063339233,-55.647098541259766,89.07061004638672,-1.3866409063339233,-55.647090911865234,89.07061004638672,1.3866409063339233,-55.647090911865234,89.07061004638672,Go,Stepping
1780509992.489167,22028.476756538,-1.3866409063339233,-55.647098541259766,89.07061004638672,1.3866409063339233,-55.647098541259766,89.07061004638672,-1.3866409063339233,-55.647090911865234,89.07061004638672,1.3866409063339233,-55.647090911865234,89.07061004638672,Go,Stepping
1780509992.5091684,22028.495224848,-1.3866409063339233,-55.647098541259766,89.07061004638672,1.3866409063339233,-55.647098541259766,89.07061004638672,-1.3866409063339233,-55.647090911865234,89.07061004638672,1.3866409063339233,-55.647090911865234,89.07061004638672,Go,Stepping
1780509992.5291562,22028.515223733,-1.3866409063339233,-55.647098541259766,89.07061004638672,1.3866409063339233,-55.647098541259766,89.07061004638672,-1.3866409063339233,-55.647090911865234,89.07061004638672,1.3866409063339233,-55.647090911865234,89.07061004638672,Go,Stepping
1780509992.549231,22028.535274285,-1.3866409063339233,-55.647098541259766,89.07061004638672,1.3866409063339233,-55.647098541259766,89.07061004638672,-1.3866409063339233,-55.647090911865234,89.07061004638672,1.3866409063339233,-55.647090911865234,89.07061004638672,Go,Stepping
1780509992.569328,22028.555269437,-1.3866409063339233,-55.647098541259766,89.07061004638672,1.3866409063339233,-55.647098541259766,89.07061004638672,-1.3866409063339233,-55.647090911865234,89.07061004638672,1.3866409063339233,-55.647090911865234,89.07061004638672,Go,Stepping
1780509992.589118,22028.574917349,-1.3866409063339233,-55.647098541259766,89.07061004638672,1.3866409063339233,-55.647098541259766,89.07061004638672,-1.3866409063339233,-55.647090911865234,89.07061004638672,1.3866409063339233,-55.647090911865234,89.07061004638672,Go,Stepping
1780509992.6091766,22028.595206367,-1.3866409063339233,-55.647098541259766,89.07061004638672,1.3866409063339233,-55.647098541259766,89.07061004638672,-1.3866409063339233,-55.647090911865234,89.07061004638672,1.3866409063339233,-55.647090911865234,89.07061004638672,Go,Stepping
1780509992.6291668,22028.615286428,-1.3866409063339233,-55.647098541259766,89.07061004638672,1.3866409063339233,-55.647098541259766,89.07061004638672,-1.3866409063339233,-55.647090911865234,89.07061004638672,1.3866409063339233,-55.647090911865234,89.07061004638672,Go,Stepping
1780509992.6491702,22028.635081451,-1.3866409063339233,-55.647098541259766,89.07061004638672,1.3866409063339233,-55.647098541259766,89.07061004638672,-1.3866409063339233,-55.647090911865234,89.07061004638672,1.3866409063339233,-55.647090911865234,89.07061004638672,Go,Stepping
1780509992.6691616,22028.655924067,-1.3866409063339233,-55.647098541259766,89.07061004638672,1.3866409063339233,-55.647098541259766,89.07061004638672,-1.3866409063339233,-55.647090911865234,89.07061004638672,1.3866409063339233,-55.647090911865234,89.07061004638672,Go,Stepping
1780509992.6891587,22028.675244911,-1.3866409063339233,-55.647098541259766,89.07061004638672,1.3866409063339233,-55.647098541259766,89.07061004638672,-1.3866409063339233,-55.647090911865234,89.07061004638672,1.3866409063339233,-55.647090911865234,89.07061004638672,Go,Stepping
1780509992.7091737,22028.695634684,-1.3866409063339233,-55.647098541259766,89.07061004638672,1.3866409063339233,-55.647098541259766,89.07061004638672,-1.3866409063339233,-55.647090911865234,89.07061004638672,1.3866409063339233,-55.647090911865234,89.07061004638672,Go,Stepping
1780509992.7292004,22028.715048649,-1.3866409063339233,-55.647098541259766,89.07061004638672,1.3866409063339233,-55.647098541259766,89.07061004638672,-1.3866409063339233,-55.647090911865234,89.07061004638672,1.3866409063339233,-55.647090911865234,89.07061004638672,Go,Stepping
1780509992.7491665,22028.736331166,-1.3866409063339233,-55.647098541259766,89.07061004638672,1.3866409063339233,-55.647098541259766,89.07061004638672,-1.3866409063339233,-55.647090911865234,89.07061004638672,1.3866409063339233,-55.647090911865234,89.07061004638672,Go,Stepping
1780509992.7692273,22028.754951829,-1.3866409063339233,-55.647098541259766,89.07061004638672,1.3866409063339233,-55.647098541259766,89.07061004638672,-1.3866409063339233,-55.647090911865234,89.07061004638672,1.3866409063339233,-55.647090911865234,89.07061004638672,Go,Stepping
1780509992.7891915,22028.776591959,-1.3866409063339233,-55.647098541259766,89.07061004638672,1.3866409063339233,-55.647098541259766,89.07061004638672,-1.3866409063339233,-55.647090911865234,89.07061004638672,1.3866409063339233,-55.647090911865234,89.07061004638672,Go,Stepping
1780509992.8091655,22028.795092643,-1.3866409063339233,-55.647098541259766,89.07061004638672,1.3866409063339233,-55.647098541259766,89.07061004638672,-1.3866409063339233,-55.647090911865234,89.07061004638672,1.3866409063339233,-55.647090911865234,89.07061004638672,Go,Stepping
1780509992.8291633,22028.815527135,-1.3866409063339233,-55.647098541259766,89.07061004638672,1.3866409063339233,-55.647098541259766,89.07061004638672,-1.3866409063339233,-55.647090911865234,89.07061004638672,1.3866409063339233,-55.647090911865234,89.07061004638672,Go,Stepping
1780509992.8491511,22028.835063186,-1.3866409063339233,-55.647098541259766,89.07061004638672,1.3866409063339233,-55.647098541259766,89.07061004638672,-1.3866409063339233,-55.647090911865234,89.07061004638672,1.3866409063339233,-55.647090911865234,89.07061004638672,Go,Stepping
1780509992.869158,22028.85541141,-1.3866409063339233,-55.647098541259766,89.07061004638672,1.3866409063339233,-55.647098541259766,89.07061004638672,-1.3866409063339233,-55.647090911865234,89.07061004638672,1.3866409063339233,-55.647090911865234,89.07061004638672,Go,Stepping
1780509992.8891504,22028.877558849,-1.3866409063339233,-55.647098541259766,89.07061004638672,1.3866409063339233,-55.647098541259766,89.07061004638672,-1.3866409063339233,-55.647090911865234,89.07061004638672,1.3866409063339233,-55.647090911865234,89.07061004638672,Go,Stepping
1780509992.9091606,22028.896522647,-1.3866409063339233,-55.647098541259766,89.07061004638672,1.3866409063339233,-55.647098541259766,89.07061004638672,-1.3866409063339233,-55.647090911865234,89.07061004638672,1.3866409063339233,-55.647090911865234,89.07061004638672,Go,Stepping
1780509992.929155,22028.915043006,-1.3866409063339233,-55.647098541259766,89.07061004638672,1.3866409063339233,-55.647098541259766,89.07061004638672,-1.3866409063339233,-55.647090911865234,89.07061004638672,1.3866409063339233,-55.647090911865234,89.07061004638672,Go,Stepping
1780509992.9491413,22028.935230454,-1.3866409063339233,-55.647098541259766,89.07061004638672,1.3866409063339233,-55.647098541259766,89.07061004638672,-1.3866409063339233,-55.647090911865234,89.07061004638672,1.3866409063339233,-55.647090911865234,89.07061004638672,Go,Stepping
1780509992.9691472,22028.955562713,-1.3866409063339233,-55.647098541259766,89.07061004638672,1.3866409063339233,-55.647098541259766,89.07061004638672,-1.3866409063339233,-55.647090911865234,89.07061004638672,1.3866409063339233,-55.647090911865234,89.07061004638672,Go,Stepping
1780509992.9891393,22028.976014692,-1.3866409063339233,-55.647098541259766,89.07061004638672,1.3866409063339233,-55.647098541259766,89.07061004638672,-1.3866409063339233,-55.647090911865234,89.07061004638672,1.3866409063339233,-55.647090911865234,89.07061004638672,Go,Stepping
1780509993.0091584,22028.99577871,-1.3866409063339233,-55.647098541259766,89.07061004638672,1.3866409063339233,-55.647098541259766,89.07061004638672,-1.3866409063339233,-55.647090911865234,89.07061004638672,1.3866409063339233,-55.647090911865234,89.07061004638672,Go,Stepping
1780509993.029152,22029.015546579,-1.3866409063339233,-55.647098541259766,89.07061004638672,1.3866409063339233,-55.647098541259766,89.07061004638672,-1.3866409063339233,-55.647090911865234,89.07061004638672,1.3866409063339233,-55.647090911865234,89.07061004638672,Go,Stepping
1780509993.0491543,22029.035441751,-1.3866409063339233,-55.647098541259766,89.07061004638672,1.3866409063339233,-55.647098541259766,89.07061004638672,-1.3866409063339233,-55.647090911865234,89.07061004638672,1.3866409063339233,-55.647090911865234,89.07061004638672,Go,Stepping
1780509993.0691614,22029.055314413,-1.3866409063339233,-55.647098541259766,89.07061004638672,1.3866409063339233,-55.647098541259766,89.07061004638672,-1.3866409063339233,-55.647090911865234,89.07061004638672,1.3866409063339233,-55.647090911865234,89.07061004638672,Go,Stepping
1780509993.089168,22029.075934582,-1.3866409063339233,-55.647098541259766,89.07061004638672,1.3866409063339233,-55.647098541259766,89.07061004638672,-1.3866409063339233,-55.647090911865234,89.07061004638672,1.3866409063339233,-55.647090911865234,89.07061004638672,Go,Stepping
1780509993.1091697,22029.096325139,-1.3866409063339233,-55.647098541259766,89.07061004638672,1.3866409063339233,-55.647098541259766,89.07061004638672,-1.3866409063339233,-55.647090911865234,89.07061004638672,1.3866409063339233,-55.647090911865234,89.07061004638672,Go,Stepping
1780509993.1291733,22029.115723754,-1.3866409063339233,-55.647098541259766,89.07061004638672,1.3866409063339233,-55.647098541259766,89.07061004638672,-1.3866409063339233,-55.647090911865234,89.07061004638672,1.3866409063339233,-55.647090911865234,89.07061004638672,Go,Stepping
1780509993.1491632,22029.135454832,-1.3866409063339233,-55.647098541259766,89.07061004638672,1.3866409063339233,-55.647098541259766,89.07061004638672,-1.3866409063339233,-55.647090911865234,89.07061004638672,1.3866409063339233,-55.647090911865234,89.07061004638672,Go,Stepping
1780509993.1691647,22029.155750858,-1.3866409063339233,-55.647098541259766,89.07061004638672,1.3866409063339233,-55.647098541259766,89.07061004638672,-1.3866409063339233,-55.647090911865234,89.07061004638672,1.3866409063339233,-55.647090911865234,89.07061004638672,Go,Stepping
1780509993.1892579,22029.175486011,-1.3866409063339233,-55.647098541259766,89.07061004638672,1.3866409063339233,-55.647098541259766,89.07061004638672,-1.3866409063339233,-55.647090911865234,89.07061004638672,1.3866409063339233,-55.647090911865234,89.07061004638672,Go,Stepping
1780509993.2091684,22029.196637447,-1.3866409063339233,-55.647098541259766,89.07061004638672,1.3866409063339233,-55.647098541259766,89.07061004638672,-1.3866409063339233,-55.647090911865234,89.07061004638672,1.3866409063339233,-55.647090911865234,89.07061004638672,Go,Stepping
1780509993.229208,22029.215702453,-1.3866409063339233,-55.647098541259766,89.07061004638672,1.3866409063339233,-55.647098541259766,89.07061004638672,-1.3866409063339233,-55.647090911865234,89.07061004638672,1.3866409063339233,-55.647090911865234,89.07061004638672,Go,Stepping
1780509993.2492378,22029.235302309,-1.3866409063339233,-55.647098541259766,89.07061004638672,1.3866409063339233,-55.647098541259766,89.07061004638672,-1.3866409063339233,-55.647090911865234,89.07061004638672,1.3866409063339233,-55.647090911865234,89.07061004638672,Go,Stepping
1780509993.269185,22029.255933713,-1.3866409063339233,-55.647098541259766,89.07061004638672,1.3866409063339233,-55.647098541259766,89.07061004638672,-1.3866409063339233,-55.647090911865234,89.07061004638672,1.3866409063339233,-55.647090911865234,89.07061004638672,Go,Stepping
1780509993.28924,22029.27571634,-1.3866409063339233,-55.647098541259766,89.07061004638672,1.3866409063339233,-55.647098541259766,89.07061004638672,-1.3866409063339233,-55.647090911865234,89.07061004638672,1.3866409063339233,-55.647090911865234,89.07061004638672,Go,Stepping
1780509993.3092113,22029.295426736,-1.3866409063339233,-55.647098541259766,89.07061004638672,1.3866409063339233,-55.647098541259766,89.07061004638672,-1.3866409063339233,-55.647090911865234,89.07061004638672,1.3866409063339233,-55.647090911865234,89.07061004638672,Go,Stepping
1780509993.329186,22029.316969901,-1.3866409063339233,-55.647098541259766,89.07061004638672,1.3866409063339233,-55.647098541259766,89.07061004638672,-1.3866409063339233,-55.647090911865234,89.07061004638672,1.3866409063339233,-55.647090911865234,89.07061004638672,Go,Stepping
1780509993.3491864,22029.335652203,-1.3866409063339233,-55.647098541259766,89.07061004638672,1.3866409063339233,-55.647098541259766,89.07061004638672,-1.3866409063339233,-55.647090911865234,89.07061004638672,1.3866409063339233,-55.647090911865234,89.07061004638672,Go,Stepping
1780509993.3691823,22029.354931431,-1.3866409063339233,-55.647098541259766,89.07061004638672,1.3866409063339233,-55.647098541259766,89.07061004638672,-1.3866409063339233,-55.647090911865234,89.07061004638672,1.3866409063339233,-55.647090911865234,89.07061004638672,Go,Stepping
1780509993.3891892,22029.375234397,-1.3866409063339233,-55.647098541259766,89.07061004638672,1.3866409063339233,-55.647098541259766,89.07061004638672,-1.3866409063339233,-55.647090911865234,89.07061004638672,1.3866409063339233,-55.647090911865234,89.07061004638672,Go,Stepping
1780509993.409238,22029.395298049,-1.3866409063339233,-55.647098541259766,89.07061004638672,1.3866409063339233,-55.647098541259766,89.07061004638672,-1.3866409063339233,-55.647090911865234,89.07061004638672,1.3866409063339233,-55.647090911865234,89.07061004638672,Go,Stepping
1780509993.4292092,22029.41581804,-1.3866409063339233,-55.647098541259766,89.07061004638672,1.3866409063339233,-55.647098541259766,89.07061004638672,-1.3866409063339233,-55.647090911865234,89.07061004638672,1.3866409063339233,-55.647090911865234,89.07061004638672,Go,Stepping
1780509993.4491901,22029.435967062,-1.3866409063339233,-55.647098541259766,89.07061004638672,1.3866409063339233,-55.647098541259766,89.07061004638672,-1.3866409063339233,-55.647090911865234,89.07061004638672,1.3866409063339233,-55.647090911865234,89.07061004638672,Go,Stepping
1780509993.4691756,22029.455761324,-1.3866409063339233,-55.647098541259766,89.07061004638672,1.3866409063339233,-55.647098541259766,89.07061004638672,-1.3866409063339233,-55.647090911865234,89.07061004638672,1.3866409063339233,-55.647090911865234,89.07061004638672,Go,Stepping
1780509993.4892092,22029.475213794,-1.3866409063339233,-55.647098541259766,89.07061004638672,1.3866409063339233,-55.647098541259766,89.07061004638672,-1.3866409063339233,-55.647090911865234,89.07061004638672,1.3866409063339233,-55.647090911865234,89.07061004638672,Go,Stepping
1780509993.5092442,22029.495584705,-1.3866409063339233,-55.647098541259766,89.07061004638672,1.3866409063339233,-55.647098541259766,89.07061004638672,-1.3866409063339233,-55.647090911865234,89.07061004638672,1.3866409063339233,-55.647090911865234,89.07061004638672,Go,Stepping
1780509993.5292163,22029.515131138,-1.3866409063339233,-55.647098541259766,89.07061004638672,1.3866409063339233,-55.647098541259766,89.07061004638672,-1.3866409063339233,-55.647090911865234,89.07061004638672,1.3866409063339233,-55.647090911865234,89.07061004638672,Go,Stepping
1780509993.5491812,22029.53522369,-1.3866409063339233,-55.647098541259766,89.07061004638672,1.3866409063339233,-55.647098541259766,89.07061004638672,-1.3866409063339233,-55.647090911865234,89.07061004638672,1.3866409063339233,-55.647090911865234,89.07061004638672,Go,Stepping
1780509993.5691726,22029.555200341,-1.3866409063339233,-55.647098541259766,89.07061004638672,1.3866409063339233,-55.647098541259766,89.07061004638672,-1.3866409063339233,-55.647090911865234,89.07061004638672,1.3866409063339233,-55.647090911865234,89.07061004638672,Go,Stepping
1780509993.589183,22029.575629524,-1.3866409063339233,-55.647098541259766,89.07061004638672,1.3866409063339233,-55.647098541259766,89.07061004638672,-1.3866409063339233,-55.647090911865234,89.07061004638672,1.3866409063339233,-55.647090911865234,89.07061004638672,Go,Stepping
1780509993.609174,22029.595391098,-1.3866409063339233,-55.647098541259766,89.07061004638672,1.3866409063339233,-55.647098541259766,89.07061004638672,-1.3866409063339233,-55.647090911865234,89.07061004638672,1.3866409063339233,-55.647090911865234,89.07061004638672,Go,Stepping
1780509993.6291707,22029.61588811,-1.3866409063339233,-55.647098541259766,89.07061004638672,1.3866409063339233,-55.647098541259766,89.07061004638672,-1.3866409063339233,-55.647090911865234,89.07061004638672,1.3866409063339233,-55.647090911865234,89.07061004638672,Go,Stepping
1780509993.6491952,22029.636989418,-1.3866409063339233,-55.647098541259766,89.07061004638672,1.3866409063339233,-55.647098541259766,89.07061004638672,-1.3866409063339233,-55.647090911865234,89.07061004638672,1.3866409063339233,-55.647090911865234,89.07061004638672,Go,Stepping
1780509993.669177,22029.655560084,-1.3866409063339233,-55.647098541259766,89.07061004638672,1.3866409063339233,-55.647098541259766,89.07061004638672,-1.3866409063339233,-55.647090911865234,89.07061004638672,1.3866409063339233,-55.647090911865234,89.07061004638672,Go,Stepping
1780509993.6891701,22029.675642009,-1.3866409063339233,-55.647098541259766,89.07061004638672,1.3866409063339233,-55.647098541259766,89.07061004638672,-1.3866409063339233,-55.647090911865234,89.07061004638672,1.3866409063339233,-55.647090911865234,89.07061004638672,Go,Stepping
1780509993.7092004,22029.695915158,-1.3866409063339233,-55.647098541259766,89.07061004638672,1.3866409063339233,-55.647098541259766,89.07061004638672,-1.3866409063339233,-55.647090911865234,89.07061004638672,1.3866409063339233,-55.647090911865234,89.07061004638672,Go,Stepping
1780509993.7292194,22029.715427392,-1.3866409063339233,-55.647098541259766,89.07061004638672,1.3866409063339233,-55.647098541259766,89.07061004638672,-1.3866409063339233,-55.647090911865234,89.07061004638672,1.3866409063339233,-55.647090911865234,89.07061004638672,Go,Stepping
1780509993.7492635,22029.736115907,-1.3866409063339233,-55.647098541259766,89.07061004638672,1.3866409063339233,-55.647098541259766,89.07061004638672,-1.3866409063339233,-55.647090911865234,89.07061004638672,1.3866409063339233,-55.647090911865234,89.07061004638672,Go,Stepping
1780509993.7691987,22029.755319394,-1.3866409063339233,-55.647098541259766,89.07061004638672,1.3866409063339233,-55.647098541259766,89.07061004638672,-1.3866409063339233,-55.647090911865234,89.07061004638672,1.3866409063339233,-55.647090911865234,89.07061004638672,Go,Stepping
1780509993.789185,22029.775246573,-1.3866409063339233,-55.647098541259766,89.07061004638672,1.3866409063339233,-55.647098541259766,89.07061004638672,-1.3866409063339233,-55.647090911865234,89.07061004638672,1.3866409063339233,-55.647090911865234,89.07061004638672,Go,Stepping
1780509993.8091884,22029.79717715,-1.3866409063339233,-55.647098541259766,89.07061004638672,1.3866409063339233,-55.647098541259766,89.07061004638672,-1.3866409063339233,-55.647090911865234,89.07061004638672,1.3866409063339233,-55.647090911865234,89.07061004638672,Go,Stepping
1780509993.8292072,22029.81549341,-1.3866409063339233,-55.647098541259766,89.07061004638672,1.3866409063339233,-55.647098541259766,89.07061004638672,-1.3866409063339233,-55.647090911865234,89.07061004638672,1.3866409063339233,-55.647090911865234,89.07061004638672,Go,Stepping
1780509993.8492088,22029.83617006,-1.3866409063339233,-55.647098541259766,89.07061004638672,1.3866409063339233,-55.647098541259766,89.07061004638672,-1.3866409063339233,-55.647090911865234,89.07061004638672,1.3866409063339233,-55.647090911865234,89.07061004638672,Go,Stepping
1780509993.869199,22029.855629439,-1.3866409063339233,-55.647098541259766,89.07061004638672,1.3866409063339233,-55.647098541259766,89.07061004638672,-1.3866409063339233,-55.647090911865234,89.07061004638672,1.3866409063339233,-55.647090911865234,89.07061004638672,Go,Stepping
1780509993.8892047,22029.875291268,-1.3866409063339233,-55.647098541259766,89.07061004638672,1.3866409063339233,-55.647098541259766,89.07061004638672,-1.3866409063339233,-55.647090911865234,89.07061004638672,1.3866409063339233,-55.647090911865234,89.07061004638672,Go,Stepping
1780509993.9092474,22029.895221724,-1.3866409063339233,-55.647098541259766,89.07061004638672,1.3866409063339233,-55.647098541259766,89.07061004638672,-1.3866409063339233,-55.647090911865234,89.07061004638672,1.3866409063339233,-55.647090911865234,89.07061004638672,Go,Stepping
1780509993.9291916,22029.915611635,-1.3866409063339233,-55.647098541259766,89.07061004638672,1.3866409063339233,-55.647098541259766,89.07061004638672,-1.3866409063339233,-55.647090911865234,89.07061004638672,1.3866409063339233,-55.647090911865234,89.07061004638672,Go,Stepping
1780509993.9492612,22029.935903772,-1.3866409063339233,-55.647098541259766,89.07061004638672,1.3866409063339233,-55.647098541259766,89.07061004638672,-1.3866409063339233,-55.647090911865234,89.07061004638672,1.3866409063339233,-55.647090911865234,89.07061004638672,Go,Stepping
1780509993.9691942,22029.955246914,-1.3866409063339233,-55.647098541259766,89.07061004638672,1.3866409063339233,-55.647098541259766,89.07061004638672,-1.3866409063339233,-55.647090911865234,89.07061004638672,1.3866409063339233,-55.647090911865234,89.07061004638672,Go,Stepping
1780509993.989199,22029.97521082,-1.3866409063339233,-55.647098541259766,89.07061004638672,1.3866409063339233,-55.647098541259766,89.07061004638672,-1.3866409063339233,-55.647090911865234,89.07061004638672,1.3866409063339233,-55.647090911865234,89.07061004638672,Go,Stepping
1780509994.0091903,22029.995348821,-1.3866409063339233,-55.647098541259766,89.07061004638672,1.3866409063339233,-55.647098541259766,89.07061004638672,-1.3866409063339233,-55.647090911865234,89.07061004638672,1.3866409063339233,-55.647090911865234,89.07061004638672,Go,Stepping
1780509994.0292032,22030.015812641,-1.3866409063339233,-55.647098541259766,89.07061004638672,1.3866409063339233,-55.647098541259766,89.07061004638672,-1.3866409063339233,-55.647090911865234,89.07061004638672,1.3866409063339233,-55.647090911865234,89.07061004638672,Go,Stepping
1780509994.0492802,22030.035904405,-1.3866409063339233,-55.647098541259766,89.07061004638672,1.3866409063339233,-55.647098541259766,89.07061004638672,-1.3866409063339233,-55.647090911865234,89.07061004638672,1.3866409063339233,-55.647090911865234,89.07061004638672,Go,Stepping
1780509994.069201,22030.055973645,-1.3866409063339233,-55.647098541259766,89.07061004638672,1.3866409063339233,-55.647098541259766,89.07061004638672,-1.3866409063339233,-55.647090911865234,89.07061004638672,1.3866409063339233,-55.647090911865234,89.07061004638672,Go,Stepping
1780509994.0892823,22030.075696289,-1.3866409063339233,-55.647098541259766,89.07061004638672,1.3866409063339233,-55.647098541259766,89.07061004638672,-1.3866409063339233,-55.647090911865234,89.07061004638672,1.3866409063339233,-55.647090911865234,89.07061004638672,Go,Stepping
1780509994.1091886,22030.095352477,-1.3866409063339233,-55.647098541259766,89.07061004638672,1.3866409063339233,-55.647098541259766,89.07061004638672,-1.3866409063339233,-55.647090911865234,89.07061004638672,1.3866409063339233,-55.647090911865234,89.07061004638672,Go,Stepping
1780509994.1292017,22030.115421315,-1.3866409063339233,-55.647098541259766,89.07061004638672,1.3866409063339233,-55.647098541259766,89.07061004638672,-1.3866409063339233,-55.647090911865234,89.07061004638672,1.3866409063339233,-55.647090911865234,89.07061004638672,Go,Stepping
1780509994.1491778,22030.135447951,-1.3866409063339233,-55.647098541259766,89.07061004638672,1.3866409063339233,-55.647098541259766,89.07061004638672,-1.3866409063339233,-55.647090911865234,89.07061004638672,1.3866409063339233,-55.647090911865234,89.07061004638672,Go,Stepping
1780509994.1691988,22030.156265731,-1.3866409063339233,-55.647098541259766,89.07061004638672,1.3866409063339233,-55.647098541259766,89.07061004638672,-1.3866409063339233,-55.647090911865234,89.07061004638672,1.3866409063339233,-55.647090911865234,89.07061004638672,Go,Stepping
1780509994.1891954,22030.175933433,-1.3866409063339233,-55.647098541259766,89.07061004638672,1.3866409063339233,-55.647098541259766,89.07061004638672,-1.3866409063339233,-55.647090911865234,89.07061004638672,1.3866409063339233,-55.647090911865234,89.07061004638672,Go,Stepping
1780509994.20919,22030.194955563,-1.3866409063339233,-55.647098541259766,89.07061004638672,1.3866409063339233,-55.647098541259766,89.07061004638672,-1.3866409063339233,-55.647090911865234,89.07061004638672,1.3866409063339233,-55.647090911865234,89.07061004638672,Go,Stepping
1780509994.229179,22030.215155918,-1.3866409063339233,-55.647098541259766,89.07061004638672,1.3866409063339233,-55.647098541259766,89.07061004638672,-1.3866409063339233,-55.647090911865234,89.07061004638672,1.3866409063339233,-55.647090911865234,89.07061004638672,Go,Stepping
1780509994.2491887,22030.235178979,-1.3866409063339233,-55.647098541259766,89.07061004638672,1.3866409063339233,-55.647098541259766,89.07061004638672,-1.3866409063339233,-55.647090911865234,89.07061004638672,1.3866409063339233,-55.647090911865234,89.07061004638672,Go,Stepping
1780509994.2692246,22030.25651289,-1.3866409063339233,-55.647098541259766,89.07061004638672,1.3866409063339233,-55.647098541259766,89.07061004638672,-1.3866409063339233,-55.647090911865234,89.07061004638672,1.3866409063339233,-55.647090911865234,89.07061004638672,Go,Stepping
1780509994.2892182,22030.275518176,-1.3866409063339233,-55.647098541259766,89.07061004638672,1.3866409063339233,-55.647098541259766,89.07061004638672,-1.3866409063339233,-55.647090911865234,89.07061004638672,1.3866409063339233,-55.647090911865234,89.07061004638672,Go,Stepping
1780509994.3092546,22030.295188042,-1.3866409063339233,-55.647098541259766,89.07061004638672,1.3866409063339233,-55.647098541259766,89.07061004638672,-1.3866409063339233,-55.647090911865234,89.07061004638672,1.3866409063339233,-55.647090911865234,89.07061004638672,Go,Stepping
1780509994.3292131,22030.315440968,-1.3866409063339233,-55.647098541259766,89.07061004638672,1.3866409063339233,-55.647098541259766,89.07061004638672,-1.3866409063339233,-55.647090911865234,89.07061004638672,1.3866409063339233,-55.647090911865234,89.07061004638672,Go,Stepping
1780509994.3492422,22030.335222989,-1.3866409063339233,-55.647098541259766,89.07061004638672,1.3866409063339233,-55.647098541259766,89.07061004638672,-1.3866409063339233,-55.647090911865234,89.07061004638672,1.3866409063339233,-55.647090911865234,89.07061004638672,Go,Stepping
1780509994.3692033,22030.355502002,-1.3866409063339233,-55.647098541259766,89.07061004638672,1.3866409063339233,-55.647098541259766,89.07061004638672,-1.3866409063339233,-55.647090911865234,89.07061004638672,1.3866409063339233,-55.647090911865234,89.07061004638672,Go,Stepping
1780509994.3891945,22030.375869398,-1.3866409063339233,-55.647098541259766,89.07061004638672,1.3866409063339233,-55.647098541259766,89.07061004638672,-1.3866409063339233,-55.647090911865234,89.07061004638672,1.3866409063339233,-55.647090911865234,89.07061004638672,Go,Stepping
1780509994.409256,22030.395904352,-1.3866409063339233,-55.647098541259766,89.07061004638672,1.3866409063339233,-55.647098541259766,89.07061004638672,-1.3866409063339233,-55.647090911865234,89.07061004638672,1.3866409063339233,-55.647090911865234,89.07061004638672,Go,Stepping
1780509994.429206,22030.41523743,-1.3866409063339233,-55.647098541259766,89.07061004638672,1.3866409063339233,-55.647098541259766,89.07061004638672,-1.3866409063339233,-55.647090911865234,89.07061004638672,1.3866409063339233,-55.647090911865234,89.07061004638672,Go,Stepping
1780509994.4491801,22030.435946572,-1.3866409063339233,-55.647098541259766,89.07061004638672,1.3866409063339233,-55.647098541259766,89.07061004638672,-1.3866409063339233,-55.647090911865234,89.07061004638672,1.3866409063339233,-55.647090911865234,89.07061004638672,Go,Stepping
1780509994.4692256,22030.455438656,-1.3866409063339233,-55.647098541259766,89.07061004638672,1.3866409063339233,-55.647098541259766,89.07061004638672,-1.3866409063339233,-55.647090911865234,89.07061004638672,1.3866409063339233,-55.647090911865234,89.07061004638672,Go,Stepping
1780509994.4892044,22030.47551067,-1.3866409063339233,-55.647098541259766,89.07061004638672,1.3866409063339233,-55.647098541259766,89.07061004638672,-1.3866409063339233,-55.647090911865234,89.07061004638672,1.3866409063339233,-55.647090911865234,89.07061004638672,Go,Stepping
1780509994.5092673,22030.495563429,-1.3866409063339233,-55.647098541259766,89.07061004638672,1.3866409063339233,-55.647098541259766,89.07061004638672,-1.3866409063339233,-55.647090911865234,89.07061004638672,1.3866409063339233,-55.647090911865234,89.07061004638672,Go,Stepping
1780509994.5292034,22030.515780429,-1.3866409063339233,-55.647098541259766,89.07061004638672,1.3866409063339233,-55.647098541259766,89.07061004638672,-1.3866409063339233,-55.647090911865234,89.07061004638672,1.3866409063339233,-55.647090911865234,89.07061004638672,Go,Stepping
1780509994.5492587,22030.535099677,-1.3866409063339233,-55.647098541259766,89.07061004638672,1.3866409063339233,-55.647098541259766,89.07061004638672,-1.3866409063339233,-55.647090911865234,89.07061004638672,1.3866409063339233,-55.647090911865234,89.07061004638672,Go,Stepping
1780509994.5692143,22030.555338556,-1.3866409063339233,-55.647098541259766,89.07061004638672,1.3866409063339233,-55.647098541259766,89.07061004638672,-1.3866409063339233,-55.647090911865234,89.07061004638672,1.3866409063339233,-55.647090911865234,89.07061004638672,Go,Stepping
1780509994.5891938,22030.575342772,-1.3866409063339233,-55.647098541259766,89.07061004638672,1.3866409063339233,-55.647098541259766,89.07061004638672,-1.3866409063339233,-55.647090911865234,89.07061004638672,1.3866409063339233,-55.647090911865234,89.07061004638672,Go,Stepping
1780509994.6092186,22030.595556104,-1.3866409063339233,-55.647098541259766,89.07061004638672,1.3866409063339233,-55.647098541259766,89.07061004638672,-1.3866409063339233,-55.647090911865234,89.07061004638672,1.3866409063339233,-55.647090911865234,89.07061004638672,Go,Stepping
1780509994.6292858,22030.620204861,-1.3866409063339233,-55.647098541259766,89.07061004638672,1.3866409063339233,-55.647098541259766,89.07061004638672,-1.3866409063339233,-55.647090911865234,89.07061004638672,1.3866409063339233,-55.647090911865234,89.07061004638672,Go,Stepping
1780509994.6492138,22030.63567575,-1.3866409063339233,-55.647098541259766,89.07061004638672,1.3866409063339233,-55.647098541259766,89.07061004638672,-1.3866409063339233,-55.647090911865234,89.07061004638672,1.3866409063339233,-55.647090911865234,89.07061004638672,Go,Stepping
1780509994.6691968,22030.655110119,-1.3866409063339233,-55.647098541259766,89.07061004638672,1.3866409063339233,-55.647098541259766,89.07061004638672,-1.3866409063339233,-55.647090911865234,89.07061004638672,1.3866409063339233,-55.647090911865234,89.07061004638672,Go,Stepping
1780509994.68921,22030.676185123,-1.3866409063339233,-55.647098541259766,89.07061004638672,1.3866409063339233,-55.647098541259766,89.07061004638672,-1.3866409063339233,-55.647090911865234,89.07061004638672,1.3866409063339233,-55.647090911865234,89.07061004638672,Go,Stepping
1780509994.7092097,22030.695261197,-1.3866409063339233,-55.647098541259766,89.07061004638672,1.3866409063339233,-55.647098541259766,89.07061004638672,-1.3866409063339233,-55.647090911865234,89.07061004638672,1.3866409063339233,-55.647090911865234,89.07061004638672,Go,Stepping
1780509994.7292457,22030.715888815,-1.3866409063339233,-55.647098541259766,89.07061004638672,1.3866409063339233,-55.647098541259766,89.07061004638672,-1.3866409063339233,-55.647090911865234,89.07061004638672,1.3866409063339233,-55.647090911865234,89.07061004638672,Go,Stepping
1780509994.749212,22030.735832752,-1.3866409063339233,-55.647098541259766,89.07061004638672,1.3866409063339233,-55.647098541259766,89.07061004638672,-1.3866409063339233,-55.647090911865234,89.07061004638672,1.3866409063339233,-55.647090911865234,89.07061004638672,Go,Stepping
1780509994.7692084,22030.755672414,-1.3866409063339233,-55.647098541259766,89.07061004638672,1.3866409063339233,-55.647098541259766,89.07061004638672,-1.3866409063339233,-55.647090911865234,89.07061004638672,1.3866409063339233,-55.647090911865234,89.07061004638672,Go,Stepping
1780509994.789203,22030.775532355,-1.3866409063339233,-55.647098541259766,89.07061004638672,1.3866409063339233,-55.647098541259766,89.07061004638672,-1.3866409063339233,-55.647090911865234,89.07061004638672,1.3866409063339233,-55.647090911865234,89.07061004638672,Go,Stepping
1780509994.8092058,22030.795181689,-1.3866409063339233,-55.647098541259766,89.07061004638672,1.3866409063339233,-55.647098541259766,89.07061004638672,-1.3866409063339233,-55.647090911865234,89.07061004638672,1.3866409063339233,-55.647090911865234,89.07061004638672,Go,Stepping
1780509994.8291998,22030.815316277,-1.3866409063339233,-55.647098541259766,89.07061004638672,1.3866409063339233,-55.647098541259766,89.07061004638672,-1.3866409063339233,-55.647090911865234,89.07061004638672,1.3866409063339233,-55.647090911865234,89.07061004638672,Go,Stepping
1780509994.8492157,22030.835648777,-1.3866409063339233,-55.647098541259766,89.07061004638672,1.3866409063339233,-55.647098541259766,89.07061004638672,-1.3866409063339233,-55.647090911865234,89.07061004638672,1.3866409063339233,-55.647090911865234,89.07061004638672,Go,Stepping
1780509994.8692727,22030.855517322,-1.3866409063339233,-55.647098541259766,89.07061004638672,1.3866409063339233,-55.647098541259766,89.07061004638672,-1.3866409063339233,-55.647090911865234,89.07061004638672,1.3866409063339233,-55.647090911865234,89.07061004638672,Go,Stepping
1780509994.889262,22030.875258901,-1.3866409063339233,-55.647098541259766,89.07061004638672,1.3866409063339233,-55.647098541259766,89.07061004638672,-1.3866409063339233,-55.647090911865234,89.07061004638672,1.3866409063339233,-55.647090911865234,89.07061004638672,Go,Stepping
1780509994.90927,22030.896392996,-1.3866409063339233,-55.647098541259766,89.07061004638672,1.3866409063339233,-55.647098541259766,89.07061004638672,-1.3866409063339233,-55.647090911865234,89.07061004638672,1.3866409063339233,-55.647090911865234,89.07061004638672,Go,Stepping
1780509994.9292154,22030.915803907,-1.3866409063339233,-55.647098541259766,89.07061004638672,1.3866409063339233,-55.647098541259766,89.07061004638672,-1.3866409063339233,-55.647090911865234,89.07061004638672,1.3866409063339233,-55.647090911865234,89.07061004638672,Go,Stepping
1780509994.9492009,22030.935685465,-1.3866409063339233,-55.647098541259766,89.07061004638672,1.3866409063339233,-55.647098541259766,89.07061004638672,-1.3866409063339233,-55.647090911865234,89.07061004638672,1.3866409063339233,-55.647090911865234,89.07061004638672,Go,Stepping
1780509994.9692142,22030.956588258,-1.3866409063339233,-55.647098541259766,89.07061004638672,1.3866409063339233,-55.647098541259766,89.07061004638672,-1.3866409063339233,-55.647090911865234,89.07061004638672,1.3866409063339233,-55.647090911865234,89.07061004638672,Go,Stepping
1780509994.9891994,22030.97538083,-1.3866409063339233,-55.647098541259766,89.07061004638672,1.3866409063339233,-55.647098541259766,89.07061004638672,-1.3866409063339233,-55.647090911865234,89.07061004638672,1.3866409063339233,-55.647090911865234,89.07061004638672,Go,Stepping
1780509995.0091858,22030.995224316,-1.3866409063339233,-55.647098541259766,89.07061004638672,1.3866409063339233,-55.647098541259766,89.07061004638672,-1.3866409063339233,-55.647090911865234,89.07061004638672,1.3866409063339233,-55.647090911865234,89.07061004638672,Go,Stepping
1780509995.0291893,22031.015592334,-1.3866409063339233,-55.647098541259766,89.07061004638672,1.3866409063339233,-55.647098541259766,89.07061004638672,-1.3866409063339233,-55.647090911865234,89.07061004638672,1.3866409063339233,-55.647090911865234,89.07061004638672,Go,Stepping
1780509995.0491843,22031.035156137,-1.3866409063339233,-55.647098541259766,89.07061004638672,1.3866409063339233,-55.647098541259766,89.07061004638672,-1.3866409063339233,-55.647090911865234,89.07061004638672,1.3866409063339233,-55.647090911865234,89.07061004638672,Go,Stepping
1780509995.0692115,22031.055785103,-1.3866409063339233,-55.647098541259766,89.07061004638672,1.3866409063339233,-55.647098541259766,89.07061004638672,-1.3866409063339233,-55.647090911865234,89.07061004638672,1.3866409063339233,-55.647090911865234,89.07061004638672,Go,Stepping
1780509995.089188,22031.075239443,-1.3866409063339233,-55.647098541259766,89.07061004638672,1.3866409063339233,-55.647098541259766,89.07061004638672,-1.3866409063339233,-55.647090911865234,89.07061004638672,1.3866409063339233,-55.647090911865234,89.07061004638672,Go,Stepping
1780509995.1091802,22031.095194003,-1.3866409063339233,-55.647098541259766,89.07061004638672,1.3866409063339233,-55.647098541259766,89.07061004638672,-1.3866409063339233,-55.647090911865234,89.07061004638672,1.3866409063339233,-55.647090911865234,89.07061004638672,Go,Stepping
1780509995.1292305,22031.115214269,-1.3866409063339233,-55.647098541259766,89.07061004638672,1.3866409063339233,-55.647098541259766,89.07061004638672,-1.3866409063339233,-55.647090911865234,89.07061004638672,1.3866409063339233,-55.647090911865234,89.07061004638672,Go,Stepping
1780509995.1492562,22031.135772135,-1.3866409063339233,-55.647098541259766,89.07061004638672,1.3866409063339233,-55.647098541259766,89.07061004638672,-1.3866409063339233,-55.647090911865234,89.07061004638672,1.3866409063339233,-55.647090911865234,89.07061004638672,Go,Stepping
1780509995.1692085,22031.156112893,-1.3866409063339233,-55.647098541259766,89.07061004638672,1.3866409063339233,-55.647098541259766,89.07061004638672,-1.3866409063339233,-55.647090911865234,89.07061004638672,1.3866409063339233,-55.647090911865234,89.07061004638672,Go,Stepping
1780509995.1891975,22031.175919918,-1.3866409063339233,-55.647098541259766,89.07061004638672,1.3866409063339233,-55.647098541259766,89.07061004638672,-1.3866409063339233,-55.647090911865234,89.07061004638672,1.3866409063339233,-55.647090911865234,89.07061004638672,Go,Stepping
1780509995.209277,22031.195547954,-1.3866409063339233,-55.647098541259766,89.07061004638672,1.3866409063339233,-55.647098541259766,89.07061004638672,-1.3866409063339233,-55.647090911865234,89.07061004638672,1.3866409063339233,-55.647090911865234,89.07061004638672,Go,Stepping
1780509995.2292705,22031.215467506,-1.3866409063339233,-55.647098541259766,89.07061004638672,1.3866409063339233,-55.647098541259766,89.07061004638672,-1.3866409063339233,-55.647090911865234,89.07061004638672,1.3866409063339233,-55.647090911865234,89.07061004638672,Go,Stepping
1780509995.249203,22031.235391136,-1.3866409063339233,-55.647098541259766,89.07061004638672,1.3866409063339233,-55.647098541259766,89.07061004638672,-1.3866409063339233,-55.647090911865234,89.07061004638672,1.3866409063339233,-55.647090911865234,89.07061004638672,Go,Stepping
1780509995.2691696,22031.255057289,-1.3866409063339233,-55.647098541259766,89.07061004638672,1.3866409063339233,-55.647098541259766,89.07061004638672,-1.3866409063339233,-55.647090911865234,89.07061004638672,1.3866409063339233,-55.647090911865234,89.07061004638672,Go,Stepping
1780509995.2892048,22031.275253715,-1.3866409063339233,-55.647098541259766,89.07061004638672,1.3866409063339233,-55.647098541259766,89.07061004638672,-1.3866409063339233,-55.647090911865234,89.07061004638672,1.3866409063339233,-55.647090911865234,89.07061004638672,Go,Stepping
1780509995.3092208,22031.295976064,-1.3866409063339233,-55.647098541259766,89.07061004638672,1.3866409063339233,-55.647098541259766,89.07061004638672,-1.3866409063339233,-55.647090911865234,89.07061004638672,1.3866409063339233,-55.647090911865234,89.07061004638672,Go,Stepping
1780509995.3292665,22031.315695184,-1.3866409063339233,-55.647098541259766,89.07061004638672,1.3866409063339233,-55.647098541259766,89.07061004638672,-1.3866409063339233,-55.647090911865234,89.07061004638672,1.3866409063339233,-55.647090911865234,89.07061004638672,Go,Stepping
1780509995.3492603,22031.337427486,-1.3866409063339233,-55.647098541259766,89.07061004638672,1.3866409063339233,-55.647098541259766,89.07061004638672,-1.3866409063339233,-55.647090911865234,89.07061004638672,1.3866409063339233,-55.647090911865234,89.07061004638672,Go,Stepping
1780509995.369265,22031.355408197,-1.3866409063339233,-55.647098541259766,89.07061004638672,1.3866409063339233,-55.647098541259766,89.07061004638672,-1.3866409063339233,-55.647090911865234,89.07061004638672,1.3866409063339233,-55.647090911865234,89.07061004638672,Go,Stepping
1780509995.389227,22031.375246167,-1.3866409063339233,-55.647098541259766,89.07061004638672,1.3866409063339233,-55.647098541259766,89.07061004638672,-1.3866409063339233,-55.647090911865234,89.07061004638672,1.3866409063339233,-55.647090911865234,89.07061004638672,Go,Stepping
1780509995.4092603,22031.395465422,-1.3866409063339233,-55.647098541259766,89.07061004638672,1.3866409063339233,-55.647098541259766,89.07061004638672,-1.3866409063339233,-55.647090911865234,89.07061004638672,1.3866409063339233,-55.647090911865234,89.07061004638672,Go,Stepping
1780509995.429222,22031.415785223,-1.3866409063339233,-55.647098541259766,89.07061004638672,1.3866409063339233,-55.647098541259766,89.07061004638672,-1.3866409063339233,-55.647090911865234,89.07061004638672,1.3866409063339233,-55.647090911865234,89.07061004638672,Go,Stepping
1780509995.4492085,22031.437414599,-1.3866409063339233,-55.647098541259766,89.07061004638672,1.3866409063339233,-55.647098541259766,89.07061004638672,-1.3866409063339233,-55.647090911865234,89.07061004638672,1.3866409063339233,-55.647090911865234,89.07061004638672,Go,Stepping
1780509995.4692063,22031.455523534,-1.3866409063339233,-55.647098541259766,89.07061004638672,1.3866409063339233,-55.647098541259766,89.07061004638672,-1.3866409063339233,-55.647090911865234,89.07061004638672,1.3866409063339233,-55.647090911865234,89.07061004638672,Go,Stepping
1780509995.4892313,22031.475844441,-1.3866409063339233,-55.647098541259766,89.07061004638672,1.3866409063339233,-55.647098541259766,89.07061004638672,-1.3866409063339233,-55.647090911865234,89.07061004638672,1.3866409063339233,-55.647090911865234,89.07061004638672,Go,Stepping
1780509995.509281,22031.496097456,-1.3866409063339233,-55.647098541259766,89.07061004638672,1.3866409063339233,-55.647098541259766,89.07061004638672,-1.3866409063339233,-55.647090911865234,89.07061004638672,1.3866409063339233,-55.647090911865234,89.07061004638672,Go,Stepping
1780509995.5292346,22031.5156915,-1.3866409063339233,-55.647098541259766,89.07061004638672,1.3866409063339233,-55.647098541259766,89.07061004638672,-1.3866409063339233,-55.647090911865234,89.07061004638672,1.3866409063339233,-55.647090911865234,89.07061004638672,Go,Stepping
1780509995.5492065,22031.535846096,-1.3866409063339233,-55.647098541259766,89.07061004638672,1.3866409063339233,-55.647098541259766,89.07061004638672,-1.3866409063339233,-55.647090911865234,89.07061004638672,1.3866409063339233,-55.647090911865234,89.07061004638672,Go,Stepping
1780509995.569208,22031.555501103,-1.3866409063339233,-55.647098541259766,89.07061004638672,1.3866409063339233,-55.647098541259766,89.07061004638672,-1.3866409063339233,-55.647090911865234,89.07061004638672,1.3866409063339233,-55.647090911865234,89.07061004638672,Go,Stepping
1780509995.5892603,22031.575716077,-1.3866409063339233,-55.647098541259766,89.07061004638672,1.3866409063339233,-55.647098541259766,89.07061004638672,-1.3866409063339233,-55.647090911865234,89.07061004638672,1.3866409063339233,-55.647090911865234,89.07061004638672,Go,Stepping
1780509995.6091774,22031.595340647,-1.3866409063339233,-55.647098541259766,89.07061004638672,1.3866409063339233,-55.647098541259766,89.07061004638672,-1.3866409063339233,-55.647090911865234,89.07061004638672,1.3866409063339233,-55.647090911865234,89.07061004638672,Go,Stepping
1780509995.6292033,22031.615091871,-1.3866409063339233,-55.647098541259766,89.07061004638672,1.3866409063339233,-55.647098541259766,89.07061004638672,-1.3866409063339233,-55.647090911865234,89.07061004638672,1.3866409063339233,-55.647090911865234,89.07061004638672,Go,Stepping
1780509995.6492043,22031.634977602,-1.3866409063339233,-55.647098541259766,89.07061004638672,1.3866409063339233,-55.647098541259766,89.07061004638672,-1.3866409063339233,-55.647090911865234,89.07061004638672,1.3866409063339233,-55.647090911865234,89.07061004638672,Go,Stepping
1780509995.669192,22031.655107519,-1.3866409063339233,-55.647098541259766,89.07061004638672,1.3866409063339233,-55.647098541259766,89.07061004638672,-1.3866409063339233,-55.647090911865234,89.07061004638672,1.3866409063339233,-55.647090911865234,89.07061004638672,Go,Stepping
1780509995.6892023,22031.675203393,-1.3866409063339233,-55.647098541259766,89.07061004638672,1.3866409063339233,-55.647098541259766,89.07061004638672,-1.3866409063339233,-55.647090911865234,89.07061004638672,1.3866409063339233,-55.647090911865234,89.07061004638672,Go,Stepping
1780509995.7091982,22031.695490219,-1.3866409063339233,-55.647098541259766,89.07061004638672,1.3866409063339233,-55.647098541259766,89.07061004638672,-1.3866409063339233,-55.647090911865234,89.07061004638672,1.3866409063339233,-55.647090911865234,89.07061004638672,Go,Stepping
1780509995.7292066,22031.715389559,-1.3866409063339233,-55.647098541259766,89.07061004638672,1.3866409063339233,-55.647098541259766,89.07061004638672,-1.3866409063339233,-55.647090911865234,89.07061004638672,1.3866409063339233,-55.647090911865234,89.07061004638672,Go,Stepping
1780509995.7491934,22031.736190776,-1.3866409063339233,-55.647098541259766,89.07061004638672,1.3866409063339233,-55.647098541259766,89.07061004638672,-1.3866409063339233,-55.647090911865234,89.07061004638672,1.3866409063339233,-55.647090911865234,89.07061004638672,Go,Stepping
1780509995.7692113,22031.75612229,-1.3866409063339233,-55.647098541259766,89.07061004638672,1.3866409063339233,-55.647098541259766,89.07061004638672,-1.3866409063339233,-55.647090911865234,89.07061004638672,1.3866409063339233,-55.647090911865234,89.07061004638672,Go,Stepping
1780509995.789208,22031.776142547,-1.3866409063339233,-55.647098541259766,89.07061004638672,1.3866409063339233,-55.647098541259766,89.07061004638672,-1.3866409063339233,-55.647090911865234,89.07061004638672,1.3866409063339233,-55.647090911865234,89.07061004638672,Go,Stepping
1780509995.8092127,22031.7957786,-1.3866409063339233,-55.647098541259766,89.07061004638672,1.3866409063339233,-55.647098541259766,89.07061004638672,-1.3866409063339233,-55.647090911865234,89.07061004638672,1.3866409063339233,-55.647090911865234,89.07061004638672,Go,Stepping
1780509995.82922,22031.815217092,-1.3866409063339233,-55.647098541259766,89.07061004638672,1.3866409063339233,-55.647098541259766,89.07061004638672,-1.3866409063339233,-55.647090911865234,89.07061004638672,1.3866409063339233,-55.647090911865234,89.07061004638672,Go,Stepping
1780509995.8492858,22031.835447951,-1.3866409063339233,-55.647098541259766,89.07061004638672,1.3866409063339233,-55.647098541259766,89.07061004638672,-1.3866409063339233,-55.647090911865234,89.07061004638672,1.3866409063339233,-55.647090911865234,89.07061004638672,Go,Stepping
1780509995.869291,22031.85533669,-1.3866409063339233,-55.647098541259766,89.07061004638672,1.3866409063339233,-55.647098541259766,89.07061004638672,-1.3866409063339233,-55.647090911865234,89.07061004638672,1.3866409063339233,-55.647090911865234,89.07061004638672,Go,Stepping
1780509995.8892622,22031.875440684,-1.3866409063339233,-55.647098541259766,89.07061004638672,1.3866409063339233,-55.647098541259766,89.07061004638672,-1.3866409063339233,-55.647090911865234,89.07061004638672,1.3866409063339233,-55.647090911865234,89.07061004638672,Go,Stepping
1780509995.9092531,22031.895394106,-1.3866409063339233,-55.647098541259766,89.07061004638672,1.3866409063339233,-55.647098541259766,89.07061004638672,-1.3866409063339233,-55.647090911865234,89.07061004638672,1.3866409063339233,-55.647090911865234,89.07061004638672,Go,Stepping
1780509995.9292388,22031.915413872,-1.3866409063339233,-55.647098541259766,89.07061004638672,1.3866409063339233,-55.647098541259766,89.07061004638672,-1.3866409063339233,-55.647090911865234,89.07061004638672,1.3866409063339233,-55.647090911865234,89.07061004638672,Go,Stepping
1780509995.9492242,22031.935367466,-1.3866409063339233,-55.647098541259766,89.07061004638672,1.3866409063339233,-55.647098541259766,89.07061004638672,-1.3866409063339233,-55.647090911865234,89.07061004638672,1.3866409063339233,-55.647090911865234,89.07061004638672,Go,Stepping
1780509995.9692159,22031.955422591,-1.3866409063339233,-55.647098541259766,89.07061004638672,1.3866409063339233,-55.647098541259766,89.07061004638672,-1.3866409063339233,-55.647090911865234,89.07061004638672,1.3866409063339233,-55.647090911865234,89.07061004638672,Go,Stepping
1780509995.9892194,22031.97647484,-1.3866409063339233,-55.647098541259766,89.07061004638672,1.3866409063339233,-55.647098541259766,89.07061004638672,-1.3866409063339233,-55.647090911865234,89.07061004638672,1.3866409063339233,-55.647090911865234,89.07061004638672,Go,Stepping
1780509996.009219,22031.995437424,-1.3866409063339233,-55.647098541259766,89.07061004638672,1.3866409063339233,-55.647098541259766,89.07061004638672,-1.3866409063339233,-55.647090911865234,89.07061004638672,1.3866409063339233,-55.647090911865234,89.07061004638672,Go,Stepping
1780509996.0292294,22032.015307517,-1.3866409063339233,-55.647098541259766,89.07061004638672,1.3866409063339233,-55.647098541259766,89.07061004638672,-1.3866409063339233,-55.647090911865234,89.07061004638672,1.3866409063339233,-55.647090911865234,89.07061004638672,Go,Stepping
1780509996.0492,22032.035754501,-1.3866409063339233,-55.647098541259766,89.07061004638672,1.3866409063339233,-55.647098541259766,89.07061004638672,-1.3866409063339233,-55.647090911865234,89.07061004638672,1.3866409063339233,-55.647090911865234,89.07061004638672,Go,Stepping
1780509996.069227,22032.056173885,-1.3866409063339233,-55.647098541259766,89.07061004638672,1.3866409063339233,-55.647098541259766,89.07061004638672,-1.3866409063339233,-55.647090911865234,89.07061004638672,1.3866409063339233,-55.647090911865234,89.07061004638672,Go,Stepping
1780509996.089235,22032.076390705,-1.3866409063339233,-55.647098541259766,89.07061004638672,1.3866409063339233,-55.647098541259766,89.07061004638672,-1.3866409063339233,-55.647090911865234,89.07061004638672,1.3866409063339233,-55.647090911865234,89.07061004638672,Go,Stepping
1780509996.109245,22032.095889452,-1.3866409063339233,-55.647098541259766,89.07061004638672,1.3866409063339233,-55.647098541259766,89.07061004638672,-1.3866409063339233,-55.647090911865234,89.07061004638672,1.3866409063339233,-55.647090911865234,89.07061004638672,Go,Stepping
1780509996.1292348,22032.115536533,-1.3866409063339233,-55.647098541259766,89.07061004638672,1.3866409063339233,-55.647098541259766,89.07061004638672,-1.3866409063339233,-55.647090911865234,89.07061004638672,1.3866409063339233,-55.647090911865234,89.07061004638672,Go,Stepping
1780509996.149284,22032.135278967,-1.3866409063339233,-55.647098541259766,89.07061004638672,1.3866409063339233,-55.647098541259766,89.07061004638672,-1.3866409063339233,-55.647090911865234,89.07061004638672,1.3866409063339233,-55.647090911865234,89.07061004638672,Go,Stepping
1780509996.1692207,22032.156080702,-1.3866409063339233,-55.647098541259766,89.07061004638672,1.3866409063339233,-55.647098541259766,89.07061004638672,-1.3866409063339233,-55.647090911865234,89.07061004638672,1.3866409063339233,-55.647090911865234,89.07061004638672,Go,Stepping
1780509996.189226,22032.176227927,-1.3866409063339233,-55.647098541259766,89.07061004638672,1.3866409063339233,-55.647098541259766,89.07061004638672,-1.3866409063339233,-55.647090911865234,89.07061004638672,1.3866409063339233,-55.647090911865234,89.07061004638672,Go,Stepping
1780509996.209228,22032.195604284,-1.3866409063339233,-55.647098541259766,89.07061004638672,1.3866409063339233,-55.647098541259766,89.07061004638672,-1.3866409063339233,-55.647090911865234,89.07061004638672,1.3866409063339233,-55.647090911865234,89.07061004638672,Go,Stepping
1780509996.2292254,22032.21545608,-1.3866409063339233,-55.647098541259766,89.07061004638672,1.3866409063339233,-55.647098541259766,89.07061004638672,-1.3866409063339233,-55.647090911865234,89.07061004638672,1.3866409063339233,-55.647090911865234,89.07061004638672,Go,Stepping
1780509996.2492263,22032.235209214,-1.3866409063339233,-55.647098541259766,89.07061004638672,1.3866409063339233,-55.647098541259766,89.07061004638672,-1.3866409063339233,-55.647090911865234,89.07061004638672,1.3866409063339233,-55.647090911865234,89.07061004638672,Go,Stepping
1780509996.2692938,22032.256888748,-1.3866409063339233,-55.647098541259766,89.07061004638672,1.3866409063339233,-55.647098541259766,89.07061004638672,-1.3866409063339233,-55.647090911865234,89.07061004638672,1.3866409063339233,-55.647090911865234,89.07061004638672,Go,Stepping
1780509996.289229,22032.275976751,-1.3866409063339233,-55.647098541259766,89.07061004638672,1.3866409063339233,-55.647098541259766,89.07061004638672,-1.3866409063339233,-55.647090911865234,89.07061004638672,1.3866409063339233,-55.647090911865234,89.07061004638672,Go,Stepping
1780509996.3092723,22032.296026089,-1.3866409063339233,-55.647098541259766,89.07061004638672,1.3866409063339233,-55.647098541259766,89.07061004638672,-1.3866409063339233,-55.647090911865234,89.07061004638672,1.3866409063339233,-55.647090911865234,89.07061004638672,Go,Stepping
1780509996.3292272,22032.315234568,-1.3866409063339233,-55.647098541259766,89.07061004638672,1.3866409063339233,-55.647098541259766,89.07061004638672,-1.3866409063339233,-55.647090911865234,89.07061004638672,1.3866409063339233,-55.647090911865234,89.07061004638672,Go,Stepping
1780509996.349281,22032.33522154,-1.3866409063339233,-55.647098541259766,89.07061004638672,1.3866409063339233,-55.647098541259766,89.07061004638672,-1.3866409063339233,-55.647090911865234,89.07061004638672,1.3866409063339233,-55.647090911865234,89.07061004638672,Go,Stepping
1780509996.3692365,22032.357806018,-1.3866409063339233,-55.647098541259766,89.07061004638672,1.3866409063339233,-55.647098541259766,89.07061004638672,-1.3866409063339233,-55.647090911865234,89.07061004638672,1.3866409063339233,-55.647090911865234,89.07061004638672,Go,Stepping
1780509996.3892279,22032.375199497,-1.3866409063339233,-55.647098541259766,89.07061004638672,1.3866409063339233,-55.647098541259766,89.07061004638672,-1.3866409063339233,-55.647090911865234,89.07061004638672,1.3866409063339233,-55.647090911865234,89.07061004638672,Go,Stepping
1780509996.409239,22032.395551277,-1.3866409063339233,-55.647098541259766,89.07061004638672,1.3866409063339233,-55.647098541259766,89.07061004638672,-1.3866409063339233,-55.647090911865234,89.07061004638672,1.3866409063339233,-55.647090911865234,89.07061004638672,Go,Stepping
1780509996.4292328,22032.415900477,-1.3866409063339233,-55.647098541259766,89.07061004638672,1.3866409063339233,-55.647098541259766,89.07061004638672,-1.3866409063339233,-55.647090911865234,89.07061004638672,1.3866409063339233,-55.647090911865234,89.07061004638672,Go,Stepping
1780509996.449281,22032.436596701,-1.3866409063339233,-55.647098541259766,89.07061004638672,1.3866409063339233,-55.647098541259766,89.07061004638672,-1.3866409063339233,-55.647090911865234,89.07061004638672,1.3866409063339233,-55.647090911865234,89.07061004638672,Go,Stepping
1780509996.4693468,22032.456250317,-1.3866409063339233,-55.647098541259766,89.07061004638672,1.3866409063339233,-55.647098541259766,89.07061004638672,-1.3866409063339233,-55.647090911865234,89.07061004638672,1.3866409063339233,-55.647090911865234,89.07061004638672,Go,Stepping
1780509996.4892416,22032.475706372,-1.3866409063339233,-55.647098541259766,89.07061004638672,1.3866409063339233,-55.647098541259766,89.07061004638672,-1.3866409063339233,-55.647090911865234,89.07061004638672,1.3866409063339233,-55.647090911865234,89.07061004638672,Go,Stepping
1780509996.509285,22032.496109546,-1.3866409063339233,-55.647098541259766,89.07061004638672,1.3866409063339233,-55.647098541259766,89.07061004638672,-1.3866409063339233,-55.647090911865234,89.07061004638672,1.3866409063339233,-55.647090911865234,89.07061004638672,Go,Stepping
1780509996.529247,22032.515276068,-1.3866409063339233,-55.647098541259766,89.07061004638672,1.3866409063339233,-55.647098541259766,89.07061004638672,-1.3866409063339233,-55.647090911865234,89.07061004638672,1.3866409063339233,-55.647090911865234,89.07061004638672,Go,Stepping
1780509996.549229,22032.53648957,-1.3866409063339233,-55.647098541259766,89.07061004638672,1.3866409063339233,-55.647098541259766,89.07061004638672,-1.3866409063339233,-55.647090911865234,89.07061004638672,1.3866409063339233,-55.647090911865234,89.07061004638672,Go,Stepping
1780509996.5692816,22032.556186526,-1.3866409063339233,-55.647098541259766,89.07061004638672,1.3866409063339233,-55.647098541259766,89.07061004638672,-1.3866409063339233,-55.647090911865234,89.07061004638672,1.3866409063339233,-55.647090911865234,89.07061004638672,Go,Stepping
1780509996.5892375,22032.576940021,-1.3866409063339233,-55.647098541259766,89.07061004638672,1.3866409063339233,-55.647098541259766,89.07061004638672,-1.3866409063339233,-55.647090911865234,89.07061004638672,1.3866409063339233,-55.647090911865234,89.07061004638672,Go,Stepping
1780509996.6092358,22032.596113312,-1.3866409063339233,-55.647098541259766,89.07061004638672,1.3866409063339233,-55.647098541259766,89.07061004638672,-1.3866409063339233,-55.647090911865234,89.07061004638672,1.3866409063339233,-55.647090911865234,89.07061004638672,Go,Stepping
1780509996.6292286,22032.616146679,-1.3866409063339233,-55.647098541259766,89.07061004638672,1.3866409063339233,-55.647098541259766,89.07061004638672,-1.3866409063339233,-55.647090911865234,89.07061004638672,1.3866409063339233,-55.647090911865234,89.07061004638672,Go,Stepping
1780509996.6492271,22032.63566842,-1.3866409063339233,-55.647098541259766,89.07061004638672,1.3866409063339233,-55.647098541259766,89.07061004638672,-1.3866409063339233,-55.647090911865234,89.07061004638672,1.3866409063339233,-55.647090911865234,89.07061004638672,Go,Stepping
1780509996.6692858,22032.655282861,-1.3866409063339233,-55.647098541259766,89.07061004638672,1.3866409063339233,-55.647098541259766,89.07061004638672,-1.3866409063339233,-55.647090911865234,89.07061004638672,1.3866409063339233,-55.647090911865234,89.07061004638672,Go,Stepping
1780509996.6892471,22032.675380726,-1.3866409063339233,-55.647098541259766,89.07061004638672,1.3866409063339233,-55.647098541259766,89.07061004638672,-1.3866409063339233,-55.647090911865234,89.07061004638672,1.3866409063339233,-55.647090911865234,89.07061004638672,Go,Stepping
1780509996.7092829,22032.696517658,-1.3866409063339233,-55.647098541259766,89.07061004638672,1.3866409063339233,-55.647098541259766,89.07061004638672,-1.3866409063339233,-55.647090911865234,89.07061004638672,1.3866409063339233,-55.647090911865234,89.07061004638672,Go,Stepping
1780509996.7292855,22032.716358331,-1.3866409063339233,-55.647098541259766,89.07061004638672,1.3866409063339233,-55.647098541259766,89.07061004638672,-1.3866409063339233,-55.647090911865234,89.07061004638672,1.3866409063339233,-55.647090911865234,89.07061004638672,Go,Stepping
1780509996.749271,22032.735650836,-1.3866409063339233,-55.647098541259766,89.07061004638672,1.3866409063339233,-55.647098541259766,89.07061004638672,-1.3866409063339233,-55.647090911865234,89.07061004638672,1.3866409063339233,-55.647090911865234,89.07061004638672,Go,Stepping
1780509996.7692287,22032.755648428,-1.3866409063339233,-55.647098541259766,89.07061004638672,1.3866409063339233,-55.647098541259766,89.07061004638672,-1.3866409063339233,-55.647090911865234,89.07061004638672,1.3866409063339233,-55.647090911865234,89.07061004638672,Go,Stepping
1780509996.7892406,22032.775313554,-1.3866409063339233,-55.647098541259766,89.07061004638672,1.3866409063339233,-55.647098541259766,89.07061004638672,-1.3866409063339233,-55.647090911865234,89.07061004638672,1.3866409063339233,-55.647090911865234,89.07061004638672,Go,Stepping
1780509996.8092327,22032.795993479,-1.3866409063339233,-55.647098541259766,89.07061004638672,1.3866409063339233,-55.647098541259766,89.07061004638672,-1.3866409063339233,-55.647090911865234,89.07061004638672,1.3866409063339233,-55.647090911865234,89.07061004638672,Go,Stepping
1780509996.8292282,22032.816185998,-1.3866409063339233,-55.647098541259766,89.07061004638672,1.3866409063339233,-55.647098541259766,89.07061004638672,-1.3866409063339233,-55.647090911865234,89.07061004638672,1.3866409063339233,-55.647090911865234,89.07061004638672,Go,Stepping
1780509996.8492334,22032.835370308,-1.3866409063339233,-55.647098541259766,89.07061004638672,1.3866409063339233,-55.647098541259766,89.07061004638672,-1.3866409063339233,-55.647090911865234,89.07061004638672,1.3866409063339233,-55.647090911865234,89.07061004638672,Go,Stepping
1780509996.869242,22032.855620019,-1.3866409063339233,-55.647098541259766,89.07061004638672,1.3866409063339233,-55.647098541259766,89.07061004638672,-1.3866409063339233,-55.647090911865234,89.07061004638672,1.3866409063339233,-55.647090911865234,89.07061004638672,Go,Stepping
1780509996.8892384,22032.875706564,-1.3866409063339233,-55.647098541259766,89.07061004638672,1.3866409063339233,-55.647098541259766,89.07061004638672,-1.3866409063339233,-55.647090911865234,89.07061004638672,1.3866409063339233,-55.647090911865234,89.07061004638672,Go,Stepping
1780509996.9092314,22032.896633192,-1.3866409063339233,-55.647098541259766,89.07061004638672,1.3866409063339233,-55.647098541259766,89.07061004638672,-1.3866409063339233,-55.647090911865234,89.07061004638672,1.3866409063339233,-55.647090911865234,89.07061004638672,Go,Stepping
1780509996.92945,22032.916299933,-1.3866409063339233,-55.647098541259766,89.07061004638672,1.3866409063339233,-55.647098541259766,89.07061004638672,-1.3866409063339233,-55.647090911865234,89.07061004638672,1.3866409063339233,-55.647090911865234,89.07061004638672,Go,Stepping
1780509996.949254,22032.935159816,-1.3866409063339233,-55.647098541259766,89.07061004638672,1.3866409063339233,-55.647098541259766,89.07061004638672,-1.3866409063339233,-55.647090911865234,89.07061004638672,1.3866409063339233,-55.647090911865234,89.07061004638672,Go,Stepping
1780509996.9692285,22032.955549378,-1.3866409063339233,-55.647098541259766,89.07061004638672,1.3866409063339233,-55.647098541259766,89.07061004638672,-1.3866409063339233,-55.647090911865234,89.07061004638672,1.3866409063339233,-55.647090911865234,89.07061004638672,Go,Stepping
1780509996.9892538,22032.975467434,-1.3866409063339233,-55.647098541259766,89.07061004638672,1.3866409063339233,-55.647098541259766,89.07061004638672,-1.3866409063339233,-55.647090911865234,89.07061004638672,1.3866409063339233,-55.647090911865234,89.07061004638672,Go,Stepping
1780509997.009301,22032.995413034,-1.3866409063339233,-55.647098541259766,89.07061004638672,1.3866409063339233,-55.647098541259766,89.07061004638672,-1.3866409063339233,-55.647090911865234,89.07061004638672,1.3866409063339233,-55.647090911865234,89.07061004638672,Go,Stepping
1780509997.0292552,22033.015649688,-1.3866409063339233,-55.647098541259766,89.07061004638672,1.3866409063339233,-55.647098541259766,89.07061004638672,-1.3866409063339233,-55.647090911865234,89.07061004638672,1.3866409063339233,-55.647090911865234,89.07061004638672,Go,Stepping
1780509997.0492554,22033.035459561,-1.3866409063339233,-55.647098541259766,89.07061004638672,1.3866409063339233,-55.647098541259766,89.07061004638672,-1.3866409063339233,-55.647090911865234,89.07061004638672,1.3866409063339233,-55.647090911865234,89.07061004638672,Go,Stepping
1780509997.0692482,22033.055412985,-1.3866409063339233,-55.647098541259766,89.07061004638672,1.3866409063339233,-55.647098541259766,89.07061004638672,-1.3866409063339233,-55.647090911865234,89.07061004638672,1.3866409063339233,-55.647090911865234,89.07061004638672,Go,Stepping
1780509997.0892646,22033.075831534,-1.3866409063339233,-55.647098541259766,89.07061004638672,1.3866409063339233,-55.647098541259766,89.07061004638672,-1.3866409063339233,-55.647090911865234,89.07061004638672,1.3866409063339233,-55.647090911865234,89.07061004638672,Go,Stepping
1780509997.1092534,22033.096377617,-1.3866409063339233,-55.647098541259766,89.07061004638672,1.3866409063339233,-55.647098541259766,89.07061004638672,-1.3866409063339233,-55.647090911865234,89.07061004638672,1.3866409063339233,-55.647090911865234,89.07061004638672,Go,Stepping
1780509997.129256,22033.115993495,-1.3866409063339233,-55.647098541259766,89.07061004638672,1.3866409063339233,-55.647098541259766,89.07061004638672,-1.3866409063339233,-55.647090911865234,89.07061004638672,1.3866409063339233,-55.647090911865234,89.07061004638672,Go,Stepping
1780509997.1492445,22033.135943826,-1.3866409063339233,-55.647098541259766,89.07061004638672,1.3866409063339233,-55.647098541259766,89.07061004638672,-1.3866409063339233,-55.647090911865234,89.07061004638672,1.3866409063339233,-55.647090911865234,89.07061004638672,Go,Stepping
1780509997.169256,22033.155307413,-1.3866409063339233,-55.647098541259766,89.07061004638672,1.3866409063339233,-55.647098541259766,89.07061004638672,-1.3866409063339233,-55.647090911865234,89.07061004638672,1.3866409063339233,-55.647090911865234,89.07061004638672,Go,Stepping
1780509997.1892624,22033.177120197,-1.3866409063339233,-55.647098541259766,89.07061004638672,1.3866409063339233,-55.647098541259766,89.07061004638672,-1.3866409063339233,-55.647090911865234,89.07061004638672,1.3866409063339233,-55.647090911865234,89.07061004638672,Go,Stepping
1780509997.2092383,22033.195233278,-1.3866409063339233,-55.647098541259766,89.07061004638672,1.3866409063339233,-55.647098541259766,89.07061004638672,-1.3866409063339233,-55.647090911865234,89.07061004638672,1.3866409063339233,-55.647090911865234,89.07061004638672,Go,Stepping
1780509997.2292557,22033.21604842,-1.3866409063339233,-55.647098541259766,89.07061004638672,1.3866409063339233,-55.647098541259766,89.07061004638672,-1.3866409063339233,-55.647090911865234,89.07061004638672,1.3866409063339233,-55.647090911865234,89.07061004638672,Go,Stepping
1780509997.2492933,22033.235720145,-1.3866409063339233,-55.647098541259766,89.07061004638672,1.3866409063339233,-55.647098541259766,89.07061004638672,-1.3866409063339233,-55.647090911865234,89.07061004638672,1.3866409063339233,-55.647090911865234,89.07061004638672,Go,Stepping
1780509997.2692947,22033.255400985,-1.3866409063339233,-55.647098541259766,89.07061004638672,1.3866409063339233,-55.647098541259766,89.07061004638672,-1.3866409063339233,-55.647090911865234,89.07061004638672,1.3866409063339233,-55.647090911865234,89.07061004638672,Go,Stepping
1780509997.2892644,22033.275677562,-1.3866409063339233,-55.647098541259766,89.07061004638672,1.3866409063339233,-55.647098541259766,89.07061004638672,-1.3866409063339233,-55.647090911865234,89.07061004638672,1.3866409063339233,-55.647090911865234,89.07061004638672,Go,Stepping
1780509997.3092315,22033.295390229,-1.3866409063339233,-55.647098541259766,89.07061004638672,1.3866409063339233,-55.647098541259766,89.07061004638672,-1.3866409063339233,-55.647090911865234,89.07061004638672,1.3866409063339233,-55.647090911865234,89.07061004638672,Go,Stepping
1780509997.3293066,22033.316464768,-1.3866409063339233,-55.647098541259766,89.07061004638672,1.3866409063339233,-55.647098541259766,89.07061004638672,-1.3866409063339233,-55.647090911865234,89.07061004638672,1.3866409063339233,-55.647090911865234,89.07061004638672,Go,Stepping
1780509997.3493068,22033.336143244,-1.3866409063339233,-55.647098541259766,89.07061004638672,1.3866409063339233,-55.647098541259766,89.07061004638672,-1.3866409063339233,-55.647090911865234,89.07061004638672,1.3866409063339233,-55.647090911865234,89.07061004638672,Go,Stepping
1780509997.369255,22033.355372573,-1.3866409063339233,-55.647098541259766,89.07061004638672,1.3866409063339233,-55.647098541259766,89.07061004638672,-1.3866409063339233,-55.647090911865234,89.07061004638672,1.3866409063339233,-55.647090911865234,89.07061004638672,Go,Stepping
1780509997.3892522,22033.375263434,-1.3866409063339233,-55.647098541259766,89.07061004638672,1.3866409063339233,-55.647098541259766,89.07061004638672,-1.3866409063339233,-55.647090911865234,89.07061004638672,1.3866409063339233,-55.647090911865234,89.07061004638672,Go,Stepping
1780509997.4092627,22033.395266632,-1.3866409063339233,-55.647098541259766,89.07061004638672,1.3866409063339233,-55.647098541259766,89.07061004638672,-1.3866409063339233,-55.647090911865234,89.07061004638672,1.3866409063339233,-55.647090911865234,89.07061004638672,Go,Stepping
1780509997.4292483,22033.416049268,-1.3866409063339233,-55.647098541259766,89.07061004638672,1.3866409063339233,-55.647098541259766,89.07061004638672,-1.3866409063339233,-55.647090911865234,89.07061004638672,1.3866409063339233,-55.647090911865234,89.07061004638672,Go,Stepping
1780509997.4492579,22033.436562037,-1.3866409063339233,-55.647098541259766,89.07061004638672,1.3866409063339233,-55.647098541259766,89.07061004638672,-1.3866409063339233,-55.647090911865234,89.07061004638672,1.3866409063339233,-55.647090911865234,89.07061004638672,Go,Stepping
1780509997.4692454,22033.456822099,-1.3866409063339233,-55.647098541259766,89.07061004638672,1.3866409063339233,-55.647098541259766,89.07061004638672,-1.3866409063339233,-55.647090911865234,89.07061004638672,1.3866409063339233,-55.647090911865234,89.07061004638672,Go,Stepping
1780509997.4892733,22033.477289803,-1.3866409063339233,-55.647098541259766,89.07061004638672,1.3866409063339233,-55.647098541259766,89.07061004638672,-1.3866409063339233,-55.647090911865234,89.07061004638672,1.3866409063339233,-55.647090911865234,89.07061004638672,Go,Stepping
1780509997.5092614,22033.495563691,-1.3866409063339233,-55.647098541259766,89.07061004638672,1.3866409063339233,-55.647098541259766,89.07061004638672,-1.3866409063339233,-55.647090911865234,89.07061004638672,1.3866409063339233,-55.647090911865234,89.07061004638672,Go,Stepping
1780509997.5292559,22033.515752958,-1.3866409063339233,-55.647098541259766,89.07061004638672,1.3866409063339233,-55.647098541259766,89.07061004638672,-1.3866409063339233,-55.647090911865234,89.07061004638672,1.3866409063339233,-55.647090911865234,89.07061004638672,Go,Stepping
1780509997.549262,22033.53537288,-1.3866409063339233,-55.647098541259766,89.07061004638672,1.3866409063339233,-55.647098541259766,89.07061004638672,-1.3866409063339233,-55.647090911865234,89.07061004638672,1.3866409063339233,-55.647090911865234,89.07061004638672,Go,Stepping
1780509997.5693026,22033.55604941,-1.3866409063339233,-55.647098541259766,89.07061004638672,1.3866409063339233,-55.647098541259766,89.07061004638672,-1.3866409063339233,-55.647090911865234,89.07061004638672,1.3866409063339233,-55.647090911865234,89.07061004638672,Go,Stepping
1780509997.5892563,22033.575331487,-1.3866409063339233,-55.647098541259766,89.07061004638672,1.3866409063339233,-55.647098541259766,89.07061004638672,-1.3866409063339233,-55.647090911865234,89.07061004638672,1.3866409063339233,-55.647090911865234,89.07061004638672,Go,Stepping
1780509997.6093104,22033.595712997,-1.3866409063339233,-55.647098541259766,89.07061004638672,1.3866409063339233,-55.647098541259766,89.07061004638672,-1.3866409063339233,-55.647090911865234,89.07061004638672,1.3866409063339233,-55.647090911865234,89.07061004638672,Go,Stepping
1780509997.6292489,22033.616266802,-1.3866409063339233,-55.647098541259766,89.07061004638672,1.3866409063339233,-55.647098541259766,89.07061004638672,-1.3866409063339233,-55.647090911865234,89.07061004638672,1.3866409063339233,-55.647090911865234,89.07061004638672,Go,Stepping
1780509997.649254,22033.63638532,-1.3866409063339233,-55.647098541259766,89.07061004638672,1.3866409063339233,-55.647098541259766,89.07061004638672,-1.3866409063339233,-55.647090911865234,89.07061004638672,1.3866409063339233,-55.647090911865234,89.07061004638672,Go,Stepping
1780509997.669251,22033.655540986,-1.3866409063339233,-55.647098541259766,89.07061004638672,1.3866409063339233,-55.647098541259766,89.07061004638672,-1.3866409063339233,-55.647090911865234,89.07061004638672,1.3866409063339233,-55.647090911865234,89.07061004638672,Go,Stepping
1780509997.6892996,22033.675289527,-1.3866409063339233,-55.647098541259766,89.07061004638672,1.3866409063339233,-55.647098541259766,89.07061004638672,-1.3866409063339233,-55.647090911865234,89.07061004638672,1.3866409063339233,-55.647090911865234,89.07061004638672,Go,Stepping
1780509997.7092931,22033.696670271,-1.3866409063339233,-55.647098541259766,89.07061004638672,1.3866409063339233,-55.647098541259766,89.07061004638672,-1.3866409063339233,-55.647090911865234,89.07061004638672,1.3866409063339233,-55.647090911865234,89.07061004638672,Go,Stepping
1780509997.729253,22033.715698425,-1.3866409063339233,-55.647098541259766,89.07061004638672,1.3866409063339233,-55.647098541259766,89.07061004638672,-1.3866409063339233,-55.647090911865234,89.07061004638672,1.3866409063339233,-55.647090911865234,89.07061004638672,Go,Stepping
1780509997.7492573,22033.735391329,-1.3866409063339233,-55.647098541259766,89.07061004638672,1.3866409063339233,-55.647098541259766,89.07061004638672,-1.3866409063339233,-55.647090911865234,89.07061004638672,1.3866409063339233,-55.647090911865234,89.07061004638672,Go,Stepping
1780509997.7692578,22033.756054122,-1.3866409063339233,-55.647098541259766,89.07061004638672,1.3866409063339233,-55.647098541259766,89.07061004638672,-1.3866409063339233,-55.647090911865234,89.07061004638672,1.3866409063339233,-55.647090911865234,89.07061004638672,Go,Stepping
1780509997.7892494,22033.775961357,-1.3866409063339233,-55.647098541259766,89.07061004638672,1.3866409063339233,-55.647098541259766,89.07061004638672,-1.3866409063339233,-55.647090911865234,89.07061004638672,1.3866409063339233,-55.647090911865234,89.07061004638672,Go,Stepping
1780509997.8092983,22033.795737515,-1.3866409063339233,-55.647098541259766,89.07061004638672,1.3866409063339233,-55.647098541259766,89.07061004638672,-1.3866409063339233,-55.647090911865234,89.07061004638672,1.3866409063339233,-55.647090911865234,89.07061004638672,Go,Stepping
1780509997.8293202,22033.815849532,-1.3866409063339233,-55.647098541259766,89.07061004638672,1.3866409063339233,-55.647098541259766,89.07061004638672,-1.3866409063339233,-55.647090911865234,89.07061004638672,1.3866409063339233,-55.647090911865234,89.07061004638672,Go,Stepping
1780509997.8493075,22033.835394754,-1.3866409063339233,-55.647098541259766,89.07061004638672,1.3866409063339233,-55.647098541259766,89.07061004638672,-1.3866409063339233,-55.647090911865234,89.07061004638672,1.3866409063339233,-55.647090911865234,89.07061004638672,Go,Stepping
1780509997.8693206,22033.857180532,-1.3866409063339233,-55.647098541259766,89.07061004638672,1.3866409063339233,-55.647098541259766,89.07061004638672,-1.3866409063339233,-55.647090911865234,89.07061004638672,1.3866409063339233,-55.647090911865234,89.07061004638672,Go,Stepping
1780509997.8893144,22033.877080767,-1.3866409063339233,-55.647098541259766,89.07061004638672,1.3866409063339233,-55.647098541259766,89.07061004638672,-1.3866409063339233,-55.647090911865234,89.07061004638672,1.3866409063339233,-55.647090911865234,89.07061004638672,Go,Stepping
1780509997.9092598,22033.896222033,-1.3866409063339233,-55.647098541259766,89.07061004638672,1.3866409063339233,-55.647098541259766,89.07061004638672,-1.3866409063339233,-55.647090911865234,89.07061004638672,1.3866409063339233,-55.647090911865234,89.07061004638672,Go,Stepping
1780509997.929357,22033.915568757,-1.3866409063339233,-55.647098541259766,89.07061004638672,1.3866409063339233,-55.647098541259766,89.07061004638672,-1.3866409063339233,-55.647090911865234,89.07061004638672,1.3866409063339233,-55.647090911865234,89.07061004638672,Go,Stepping
1780509997.9493258,22033.935702105,-1.3866409063339233,-55.647098541259766,89.07061004638672,1.3866409063339233,-55.647098541259766,89.07061004638672,-1.3866409063339233,-55.647090911865234,89.07061004638672,1.3866409063339233,-55.647090911865234,89.07061004638672,Go,Stepping
1780509997.9692543,22033.956906032,-1.3866409063339233,-55.647098541259766,89.07061004638672,1.3866409063339233,-55.647098541259766,89.07061004638672,-1.3866409063339233,-55.647090911865234,89.07061004638672,1.3866409063339233,-55.647090911865234,89.07061004638672,Go,Stepping
1780509997.989371,22033.976666096,-1.3866409063339233,-55.647098541259766,89.07061004638672,1.3866409063339233,-55.647098541259766,89.07061004638672,-1.3866409063339233,-55.647090911865234,89.07061004638672,1.3866409063339233,-55.647090911865234,89.07061004638672,Go,Stepping
1780509998.0092683,22033.997618822,-1.3866409063339233,-55.647098541259766,89.07061004638672,1.3866409063339233,-55.647098541259766,89.07061004638672,-1.3866409063339233,-55.647090911865234,89.07061004638672,1.3866409063339233,-55.647090911865234,89.07061004638672,Go,Stepping
1780509998.029253,22034.016078492,-1.3866409063339233,-55.647098541259766,89.07061004638672,1.3866409063339233,-55.647098541259766,89.07061004638672,-1.3866409063339233,-55.647090911865234,89.07061004638672,1.3866409063339233,-55.647090911865234,89.07061004638672,Go,Stepping
1780509998.0492654,22034.037398117,-1.3866409063339233,-55.647098541259766,89.07061004638672,1.3866409063339233,-55.647098541259766,89.07061004638672,-1.3866409063339233,-55.647090911865234,89.07061004638672,1.3866409063339233,-55.647090911865234,89.07061004638672,Go,Stepping
1780509998.069333,22034.054990661,-1.3866409063339233,-55.647098541259766,89.07061004638672,1.3866409063339233,-55.647098541259766,89.07061004638672,-1.3866409063339233,-55.647090911865234,89.07061004638672,1.3866409063339233,-55.647090911865234,89.07061004638672,Go,Stepping
1780509998.089257,22034.075617671,-1.3866409063339233,-55.647098541259766,89.07061004638672,1.3866409063339233,-55.647098541259766,89.07061004638672,-1.3866409063339233,-55.647090911865234,89.07061004638672,1.3866409063339233,-55.647090911865234,89.07061004638672,Go,Stepping
1780509998.1092706,22034.096838771,-1.3866409063339233,-55.647098541259766,89.07061004638672,1.3866409063339233,-55.647098541259766,89.07061004638672,-1.3866409063339233,-55.647090911865234,89.07061004638672,1.3866409063339233,-55.647090911865234,89.07061004638672,Go,Stepping
1780509998.1292608,22034.117166177,-1.3866409063339233,-55.647098541259766,89.07061004638672,1.3866409063339233,-55.647098541259766,89.07061004638672,-1.3866409063339233,-55.647090911865234,89.07061004638672,1.3866409063339233,-55.647090911865234,89.07061004638672,Go,Stepping
1780509998.1492724,22034.136582452,-1.3866409063339233,-55.647098541259766,89.07061004638672,1.3866409063339233,-55.647098541259766,89.07061004638672,-1.3866409063339233,-55.647090911865234,89.07061004638672,1.3866409063339233,-55.647090911865234,89.07061004638672,Go,Stepping
1780509998.169311,22034.155714626,-1.3866409063339233,-55.647098541259766,89.07061004638672,1.3866409063339233,-55.647098541259766,89.07061004638672,-1.3866409063339233,-55.647090911865234,89.07061004638672,1.3866409063339233,-55.647090911865234,89.07061004638672,Go,Stepping
1780509998.1892645,22034.175343698,-1.3866409063339233,-55.647098541259766,89.07061004638672,1.3866409063339233,-55.647098541259766,89.07061004638672,-1.3866409063339233,-55.647090911865234,89.07061004638672,1.3866409063339233,-55.647090911865234,89.07061004638672,Go,Stepping
1780509998.2092755,22034.195492956,-1.3866409063339233,-55.647098541259766,89.07061004638672,1.3866409063339233,-55.647098541259766,89.07061004638672,-1.3866409063339233,-55.647090911865234,89.07061004638672,1.3866409063339233,-55.647090911865234,89.07061004638672,Go,Stepping
1780509998.229265,22034.216154686,-1.3866409063339233,-55.647098541259766,89.07061004638672,1.3866409063339233,-55.647098541259766,89.07061004638672,-1.3866409063339233,-55.647090911865234,89.07061004638672,1.3866409063339233,-55.647090911865234,89.07061004638672,Go,Stepping
1780509998.2492528,22034.235708008,-1.3866409063339233,-55.647098541259766,89.07061004638672,1.3866409063339233,-55.647098541259766,89.07061004638672,-1.3866409063339233,-55.647090911865234,89.07061004638672,1.3866409063339233,-55.647090911865234,89.07061004638672,Go,Stepping
1780509998.2693248,22034.255340231,-1.3866409063339233,-55.647098541259766,89.07061004638672,1.3866409063339233,-55.647098541259766,89.07061004638672,-1.3866409063339233,-55.647090911865234,89.07061004638672,1.3866409063339233,-55.647090911865234,89.07061004638672,Go,Stepping
1780509998.2892747,22034.275304616,-1.3866409063339233,-55.647098541259766,89.07061004638672,1.3866409063339233,-55.647098541259766,89.07061004638672,-1.3866409063339233,-55.647090911865234,89.07061004638672,1.3866409063339233,-55.647090911865234,89.07061004638672,Go,Stepping
1780509998.3093367,22034.295306808,-1.3866409063339233,-55.647098541259766,89.07061004638672,1.3866409063339233,-55.647098541259766,89.07061004638672,-1.3866409063339233,-55.647090911865234,89.07061004638672,1.3866409063339233,-55.647090911865234,89.07061004638672,Go,Stepping
1780509998.3292692,22034.316825447,-1.3866409063339233,-55.647098541259766,89.07061004638672,1.3866409063339233,-55.647098541259766,89.07061004638672,-1.3866409063339233,-55.647090911865234,89.07061004638672,1.3866409063339233,-55.647090911865234,89.07061004638672,Go,Stepping
1780509998.3492758,22034.335717602,-1.3866409063339233,-55.647098541259766,89.07061004638672,1.3866409063339233,-55.647098541259766,89.07061004638672,-1.3866409063339233,-55.647090911865234,89.07061004638672,1.3866409063339233,-55.647090911865234,89.07061004638672,Go,Stepping
1780509998.3692582,22034.35532471,-1.3866409063339233,-55.647098541259766,89.07061004638672,1.3866409063339233,-55.647098541259766,89.07061004638672,-1.3866409063339233,-55.647090911865234,89.07061004638672,1.3866409063339233,-55.647090911865234,89.07061004638672,Go,Stepping
1780509998.3893166,22034.376260513,-1.3866409063339233,-55.647098541259766,89.07061004638672,1.3866409063339233,-55.647098541259766,89.07061004638672,-1.3866409063339233,-55.647090911865234,89.07061004638672,1.3866409063339233,-55.647090911865234,89.07061004638672,Go,Stepping
1780509998.430841,22034.41709507,-3.3064935207366943,-43.764129638671875,88.27668762207031,1.4018526077270508,-41.44235610961914,85.0766372680664,3.6830105781555176,-44.75831604003906,89.44572448730469,0.7205749750137329,-43.328636169433594,85.78180694580078,,
1780509998.434121,22034.420408033,-6.122429370880127,-44.117183685302734,88.3466796875,4.131042003631592,-38.72354507446289,86.6831283569336,4.417377948760986,-46.09995651245117,90.91822052001953,-0.8394296169281006,-41.47453689575195,84.42308044433594,,
1780509998.4522364,22034.438822544,-7.85142183303833,-45.139678955078125,87.69254302978516,7.28126859664917,-35.777320861816406,88.88908386230469,4.015431880950928,-48.46728515625,92.19709777832031,-3.5686228275299072,-39.533668518066406,82.66719818115234,,
1780509998.4721138,22034.458924615,-5.651175022125244,-46.748477935791016,85.14607238769531,10.993515968322754,-32.51146697998047,87.677490234375,4.550378322601318,-50.821258544921875,90.82194519042969,-3.9295785427093506,-41.56620788574219,80.0384750366211,,
1780509998.4922483,22034.479331467,-5.978906154632568,-47.966793060302734,83.05892944335938,12.740981101989746,-29.851511001586914,86.83338165283203,4.9177141189575195,-48.80033874511719,90.32129669189453,-3.860118865966797,-45.412235260009766,77.16143035888672,,
1780509998.5127978,22034.499158048,-5.558180809020996,-45.929954528808594,82.2405776977539,13.117430686950684,-30.055444717407227,86.06795501708984,4.512469291687012,-46.72051239013672,90.62846374511719,-4.30377721786499,-45.054595947265625,79.63475799560547,,
1780509998.532695,22034.519206658,-5.599451065063477,-44.545753479003906,80.23857879638672,11.958322525024414,-32.06096649169922,84.35944366455078,5.124324798583984,-45.119293212890625,89.44490814208984,-3.0679759979248047,-43.69807052612305,80.60448455810547,,
1780509998.5519876,22034.538346546,-6.421230316162109,-45.19263458251953,78.55802917480469,9.720233917236328,-33.17605209350586,83.12873077392578,5.534010887145996,-44.16969680786133,88.60385131835938,-0.5998377799987793,-43.38507080078125,79.59114074707031,,
1780509998.572566,22034.559524205,-5.2701263427734375,-43.7143669128418,79.06608581542969,6.240700721740723,-36.34619903564453,81.6297836303711,4.806658744812012,-42.5147590637207,87.05457305908203,0.4675837457180023,-45.91553497314453,81.51902770996094,,
1780509998.5920122,22034.578601387,-5.239257335662842,-42.03430938720703,80.51665496826172,2.2237777709960938,-39.72565841674805,79.67477416992188,6.119784355163574,-39.01152038574219,85.58541870117188,0.6300107836723328,-48.051273345947266,83.30640411376953,,
1780509998.6123126,22034.599056592,-6.100747108459473,-40.36432647705078,81.91795349121094,0.5203130841255188,-41.249637603759766,77.47210693359375,7.373600959777832,-36.428890228271484,84.21006774902344,1.1629230976104736,-48.85798645019531,84.12030029296875,,
1780509998.6321926,22034.61912901,-6.353914260864258,-38.718257904052734,82.55023956298828,0.18857474625110626,-40.884803771972656,76.34223175048828,7.659063339233398,-36.026241302490234,82.98770904541016,2.1166884899139404,-49.519859313964844,84.4581527709961,,
1780509998.6520126,22034.639457597,-6.320140838623047,-37.38694381713867,82.80863952636719,0.3145633041858673,-40.70338439941406,75.94964599609375,7.3808064460754395,-35.29248046875,81.93751525878906,2.362626791000366,-49.30901336669922,84.4546127319336,,
1780509998.6718833,22034.659447596,-7.019527912139893,-36.21421813964844,82.8980484008789,0.6087985634803772,-41.07082748413086,75.76126861572266,7.054300785064697,-34.76384353637695,81.20294189453125,1.1062424182891846,-48.35525131225586,84.11430358886719,,
1780509998.691902,22034.678523522,-8.270288467407227,-35.74342727661133,82.67361450195312,0.9938201904296875,-41.27919387817383,76.27108764648438,7.714688301086426,-35.49177169799805,80.42223358154297,-0.9693297743797302,-46.056663513183594,83.47897338867188,,
1780509998.7119207,22034.698370371,-9.583250045776367,-35.928932189941406,82.23298645019531,1.9590460062026978,-41.04343795776367,77.51518249511719,8.373333930969238,-36.941165924072266,79.83326721191406,-2.847278594970703,-42.53498840332031,82.7016372680664,,
1780509998.7319813,22034.718286021,-11.101385116577148,-36.81484603881836,81.55207824707031,3.145582914352417,-40.648475646972656,79.5733642578125,7.843514442443848,-38.34644317626953,80.00505828857422,-4.818737030029297,-38.55189514160156,81.57377624511719,,
1780509998.7518923,22034.738270144,-12.39684009552002,-37.94596862792969,80.66426849365234,4.524959564208984,-40.58060073852539,82.22119903564453,6.768648624420166,-39.03230667114258,81.33795928955078,-6.892149925231934,-34.569610595703125,79.66128540039062,,
1780509998.772074,22034.758839037,-12.011795997619629,-39.22549819946289,79.68589782714844,5.058564186096191,-40.843482971191406,84.08099365234375,5.975708961486816,-39.588932037353516,83.03018951416016,-8.08018970489502,-30.928905487060547,77.57664489746094,,
1780509998.792274,22034.77897073,-10.43765640258789,-40.44050216674805,78.69489288330078,4.856750965118408,-42.029415130615234,84.5916748046875,5.777036666870117,-40.11363220214844,84.31980895996094,-7.4485063552856445,-28.395143508911133,76.14949035644531,,
1780509998.8117957,22034.798112127,-8.63347053527832,-41.814727783203125,77.80559539794922,3.942634105682373,-44.28160858154297,84.29701232910156,6.278505802154541,-39.656864166259766,84.8430404663086,-6.196338176727295,-27.897602081298828,75.066650390625,,
1780509998.8318102,22034.818333189,-7.208624362945557,-43.27733612060547,77.57621765136719,1.7700912952423096,-47.745018005371094,83.6247329711914,6.846182346343994,-37.63462448120117,84.81808471679688,-4.841552257537842,-29.717632293701172,75.36495971679688,,
1780509998.8520827,22034.838600014,-6.842228889465332,-44.791568756103516,79.1053466796875,-2.5408902168273926,-51.70745849609375,81.92948913574219,7.3734965324401855,-34.186100006103516,84.0068359375,-2.7091691493988037,-33.89678192138672,78.6396484375,,
1780509998.8718967,22034.858854244,-8.349454879760742,-46.03001022338867,81.45781707763672,-5.828495979309082,-53.334861755371094,79.98417663574219,8.908344268798828,-30.56632423400879,82.87229919433594,-1.5005398988723755,-38.19906234741211,81.89909362792969,,
1780509998.8920093,22034.878826807,-9.097834587097168,-45.80634689331055,83.3165512084961,-6.591285705566406,-52.13742446899414,78.17939758300781,8.987674713134766,-29.5023136138916,81.15388488769531,-0.47770920395851135,-41.128841400146484,82.80355072021484,,
1780509998.9118671,22034.899987071,-8.083056449890137,-44.878944396972656,84.60972595214844,-6.992362022399902,-50.63850021362305,77.38529205322266,8.037995338439941,-28.482563018798828,79.53559875488281,0.25679829716682434,-42.63950729370117,83.07825469970703,,
1780509998.9318912,22034.918244131,-7.254249095916748,-44.12066650390625,85.31146240234375,-7.517769813537598,-50.525474548339844,77.45365142822266,7.887287139892578,-26.717466354370117,78.67030334472656,-0.3255487084388733,-42.37958908081055,83.05194854736328,,
1780509998.9519126,22034.938191056,-7.589919567108154,-43.930755615234375,85.70323944091797,-7.274505138397217,-50.608558654785156,77.78455352783203,9.155320167541504,-26.297903060913086,78.13648223876953,-1.8176732063293457,-41.083702087402344,82.71015167236328,,
1780509998.9717755,22034.958270216,-8.133681297302246,-44.210968017578125,85.50926208496094,-6.963617324829102,-50.040077209472656,78.42369079589844,10.791644096374512,-27.446571350097656,77.71664428710938,-2.869450092315674,-38.77484893798828,82.34625244140625,,
1780509998.9926844,22034.979558948,-8.30937385559082,-44.4825439453125,85.38951873779297,-6.6728715896606445,-49.73033142089844,79.03242492675781,11.525396347045898,-28.182687759399414,77.2589340209961,-3.743748664855957,-36.25089645385742,82.06372833251953,,
1780509999.0123742,22034.999089241,-8.607366561889648,-44.84748840332031,85.54484558105469,-6.554418087005615,-49.771270751953125,79.71418762207031,11.48981761932373,-28.691116333007812,76.7839584350586,-5.035877227783203,-34.206932067871094,81.65104675292969,,
1780509999.031901,22035.020251318,-8.931636810302734,-45.66752624511719,85.85209655761719,-6.581410884857178,-49.968265533447266,80.61994171142578,11.392878532409668,-28.971437454223633,76.49825286865234,-6.454892635345459,-32.41796875,81.20460510253906,,
1780509999.051949,22035.038226127,-8.995345115661621,-46.74017333984375,85.93667602539062,-7.066608905792236,-49.90691375732422,81.61749267578125,11.359453201293945,-29.521984100341797,76.35635375976562,-7.267799377441406,-30.918874740600586,80.82261657714844,,
1780509999.072028,22035.058937869,-8.890140533447266,-48.16114807128906,85.93011474609375,-7.607884883880615,-49.82331466674805,82.71534729003906,11.266091346740723,-29.85888671875,76.69847106933594,-7.778990268707275,-29.584012985229492,80.35797119140625,,
1780509999.0918553,22035.078080154,-8.551398277282715,-49.71961975097656,85.8139877319336,-8.150157928466797,-49.932533264160156,83.78076171875,10.986113548278809,-29.93621063232422,77.45687103271484,-8.047480583190918,-28.38702964782715,79.81761932373047,,
1780509999.1118696,22035.09810083,-8.076964378356934,-51.214385986328125,85.52288818359375,-8.649107933044434,-50.055328369140625,84.65575408935547,10.687766075134277,-29.700332641601562,78.17146301269531,-8.29101848602295,-27.511383056640625,79.24649047851562,,
1780509999.1319244,22035.118356384,-7.3571648597717285,-52.423805236816406,85.46007537841797,-9.400115013122559,-50.406211853027344,85.07957458496094,10.537559509277344,-29.173660278320312,78.77476501464844,-8.082526206970215,-26.93537139892578,78.96634674072266,,
1780509999.1519165,22035.138246826,-6.773317813873291,-53.35662078857422,85.49738311767578,-10.269871711730957,-50.916229248046875,85.0272445678711,10.641600608825684,-28.56375503540039,79.0198974609375,-7.504182815551758,-26.940887451171875,79.06916046142578,,
1780509999.1718218,22035.157941833,-6.411749839782715,-54.035160064697266,85.83563232421875,-11.313780784606934,-51.57240295410156,84.6034164428711,11.053677558898926,-27.761844635009766,78.74382019042969,-6.6229143142700195,-27.43943977355957,79.56633758544922,,
1780509999.1918328,22035.179081601,-6.317396640777588,-54.00542068481445,86.5347900390625,-12.284058570861816,-52.398956298828125,83.56066131591797,11.916699409484863,-26.83255958557129,77.9394760131836,-5.615170955657959,-28.466506958007812,80.4069595336914,,
1780509999.2119274,22035.198433821,-6.371171474456787,-53.40302658081055,87.27534484863281,-12.947050094604492,-53.08488082885742,82.32523345947266,12.83811092376709,-25.91073989868164,76.91504669189453,-4.706733703613281,-29.397075653076172,81.20408630371094,,
1780509999.2318833,22035.218323544,-6.341498374938965,-52.21067428588867,87.92170715332031,-13.160379409790039,-53.32600021362305,81.32991790771484,13.516088485717773,-25.389162063598633,75.8762435913086,-4.093491077423096,-29.971111297607422,81.6925048828125,,
1780509999.251868,22035.238449803,-6.12624979019165,-50.90218734741211,88.4931411743164,-13.03758716583252,-53.21574020385742,80.71989440917969,13.580253601074219,-25.396718978881836,75.16361236572266,-3.889660358428955,-29.825942993164062,81.9433822631836,,
1780509999.271849,22035.258664564,-6.081887722015381,-49.82414245605469,88.76233673095703,-12.825340270996094,-52.85702896118164,80.67816925048828,13.165596008300781,-26.260906219482422,74.54084777832031,-4.177550315856934,-29.27425193786621,81.99956512451172,,
1780509999.2919147,22035.278362941,-6.34364128112793,-49.45732116699219,89.08293914794922,-12.284945487976074,-51.97401809692383,81.5518569946289,12.677978515625,-27.74025535583496,74.26062774658203,-5.147036075592041,-27.89576530456543,81.64204406738281,,
1780509999.3118937,22035.298413519,-6.915352821350098,-49.513572692871094,89.18380737304688,-11.582939147949219,-50.49449920654297,83.24588012695312,11.599075317382812,-29.714935302734375,74.71966552734375,-6.662804126739502,-26.265361785888672,80.97135162353516,,
1780509999.3318686,22035.318047931,-7.769676685333252,-50.700870513916016,88.71781158447266,-10.280323028564453,-48.41177749633789,86.06170654296875,9.832525253295898,-31.70018196105957,76.22325134277344,-8.410544395446777,-24.455440521240234,79.22929382324219,,
1780509999.3518686,22035.338622761,-7.930990219116211,-52.14328384399414,87.4065170288086,-8.304633140563965,-45.612056732177734,89.45603942871094,7.940859794616699,-33.19961929321289,79.29629516601562,-10.5192289352417,-22.204553604125977,75.80573272705078,,
1780509999.3719263,22035.358212235,-6.752636432647705,-52.785335540771484,86.12419128417969,-5.814168453216553,-42.7895393371582,91.0692367553711,5.759013652801514,-35.35857009887695,82.24901580810547,-11.05905818939209,-20.428752899169922,72.9598159790039,,
1780509999.3918552,22035.37837543,-5.469499588012695,-52.27876663208008,85.55718231201172,-3.1043426990509033,-41.27413558959961,90.69209289550781,4.89298677444458,-38.02733612060547,83.79289245605469,-9.671134948730469,-20.29930305480957,72.35737609863281,,
1780509999.4118168,22035.397846004,-4.574885845184326,-51.793060302734375,84.61810302734375,-1.376777172088623,-40.6730842590332,89.79440307617188,5.214982032775879,-39.029964447021484,84.10443878173828,-8.21060562133789,-21.778411865234375,71.47240447998047,,
1780509999.4318378,22035.418019586,-4.157185077667236,-52.185054779052734,83.26049041748047,-0.8872199058532715,-40.24868392944336,89.27162170410156,5.402490139007568,-37.98125076293945,84.2402572631836,-7.065520763397217,-24.17365074157715,69.86054229736328,,
1780509999.451862,22035.437982936,-4.02573823928833,-52.13077926635742,82.14549255371094,-0.771964967250824,-40.77113342285156,88.58125305175781,5.651960372924805,-36.72819900512695,84.082763671875,-6.108241558074951,-26.864187240600586,69.49008178710938,,
1780509999.4719229,22035.458298748,-4.448347568511963,-51.871402740478516,81.281005859375,-0.6662890911102295,-42.34273147583008,87.57814025878906,6.574910640716553,-35.380496978759766,83.29655456542969,-5.129175186157227,-29.427452087402344,69.79658508300781,,
1780509999.4919055,22035.478444796,-5.111649990081787,-51.48603439331055,80.8052978515625,-1.3035801649093628,-44.41428756713867,86.5269775390625,7.320690631866455,-33.1904182434082,82.2961196899414,-3.78269100189209,-32.36365509033203,70.86101531982422,,
1780509999.5118814,22035.49811158,-5.670690059661865,-50.96073532104492,81.59732055664062,-3.718790292739868,-47.339073181152344,84.64527130126953,7.9593424797058105,-30.43094825744629,80.9706802368164,-1.895608901977539,-36.261417388916016,73.73612213134766,,
1780509999.531908,22035.518329521,-6.314878940582275,-49.219417572021484,83.54051208496094,-6.664572715759277,-50.8006591796875,81.67740631103516,9.904406547546387,-27.637683868408203,79.34822082519531,-0.6737902760505676,-40.63927459716797,77.30835723876953,,
1780509999.5521195,22035.538754752,-7.220157146453857,-46.26768493652344,85.05146026611328,-7.76593542098999,-52.370323181152344,79.22029113769531,11.128283500671387,-26.980850219726562,77.16108703613281,0.22716446220874786,-43.33749008178711,79.55038452148438,,
1780509999.571855,22035.558225964,-6.72503137588501,-42.996673583984375,85.71732330322266,-7.3158721923828125,-50.9775505065918,77.74349975585938,10.526713371276855,-27.438167572021484,75.82405853271484,1.3154628276824951,-45.20042419433594,81.13446807861328,,
1780509999.591798,22035.579970305,-5.9870991706848145,-40.4725341796875,85.7726058959961,-6.741110324859619,-49.349456787109375,77.25875854492188,9.258330345153809,-27.583585739135742,75.00946044921875,1.5207679271697998,-45.920719146728516,82.22769165039062,,
1780509999.6118813,22035.598735145,-6.691980361938477,-38.5731201171875,85.69224548339844,-5.566115856170654,-48.789695739746094,77.21688079833984,8.845193862915039,-28.44723129272461,74.34054565429688,-0.02900535799562931,-45.21501541137695,82.2411117553711,,
1780509999.6318474,22035.618854547,-8.240562438964844,-37.804386138916016,85.54953002929688,-3.955960512161255,-47.583003997802734,78.14525604248047,9.433445930480957,-30.758989334106445,74.03349304199219,-2.5788402557373047,-42.59111404418945,81.81522369384766,,
1780509999.651929,22035.638780621,-10.421804428100586,-38.1435432434082,84.99113464355469,-1.4676039218902588,-45.182861328125,80.76844787597656,9.368692398071289,-33.97559356689453,73.9521484375,-5.545411109924316,-38.394737243652344,81.13522338867188,,
1780509999.6718512,22035.65871007,-13.161055564880371,-39.43836212158203,83.49983215332031,1.9596871137619019,-43.00881576538086,84.91862487792969,7.37580680847168,-36.24519348144531,75.84819030761719,-8.759116172790527,-33.41657638549805,79.01371765136719,,
1780509999.6918046,22035.678516797,-13.313887596130371,-41.21729278564453,82.10487365722656,4.069275856018066,-39.87718963623047,88.104248046875,5.531469821929932,-37.61174392700195,79.47632598876953,-11.253386497497559,-29.695035934448242,76.40401458740234,,
1780509999.7119226,22035.698507788,-11.528843879699707,-41.87950134277344,81.19844818115234,4.913675308227539,-38.4943733215332,88.14762878417969,3.68451189994812,-39.06757354736328,82.47979736328125,-10.379419326782227,-27.604822158813477,75.04266357421875,,
1780509999.731827,22035.718291264,-9.351433753967285,-42.34319305419922,79.7500991821289,5.160445690155029,-39.24312210083008,87.39405822753906,4.0595316886901855,-39.821449279785156,83.90558624267578,-8.319254875183105,-26.829927444458008,74.48048400878906,,
1780509999.7519777,22035.739172921,-7.080249786376953,-43.628623962402344,78.19647216796875,5.013301372528076,-40.990516662597656,86.41240692138672,5.640150547027588,-39.727256774902344,84.29931640625,-6.769988059997559,-27.778989791870117,73.43360900878906,,
1780509999.7719212,22035.758988899,-6.02496337890625,-44.78047180175781,77.27716827392578,3.6296257972717285,-43.982810974121094,85.28643798828125,7.1267409324646,-38.059722900390625,84.09077453613281,-5.444833755493164,-30.347856521606445,73.09747314453125,,
1780509999.7918668,22035.778688053,-6.243418216705322,-45.25950241088867,77.98590850830078,0.28898370265960693,-48.207908630371094,83.76227569580078,7.7386674880981445,-34.839115142822266,83.49388885498047,-3.4684295654296875,-34.361942291259766,75.61763763427734,,
1780509999.811966,22035.800065933,-7.287132263183594,-46.0565299987793,80.55572509765625,-4.0711750984191895,-51.78415298461914,81.34861755371094,8.879348754882812,-30.62807273864746,82.40528869628906,-1.4831984043121338,-39.17453384399414,79.93480682373047,,
1780509999.8320093,22035.818671219,-8.81916618347168,-45.806304931640625,82.45280456542969,-6.122459888458252,-52.29703903198242,79.24214172363281,9.411996841430664,-29.04335594177246,80.57376861572266,-0.5550076961517334,-42.64636993408203,81.90003204345703,,
1780509999.851776,22035.840182518,-8.179195404052734,-44.37935256958008,84.1053466796875,-6.23795747756958,-50.27045440673828,77.69734191894531,8.44781494140625,-29.20493507385254,78.60979461669922,0.8831565976142883,-44.86849594116211,82.54103088378906,,
1780509999.8719206,22035.859113096,-7.073111057281494,-42.861324310302734,84.84503173828125,-6.5958638191223145,-49.22809600830078,77.1954116821289,7.165889739990234,-28.134315490722656,77.6111068725586,1.1649190187454224,-45.41714096069336,83.04674530029297,,
1780509999.891992,22035.879165254,-6.937056064605713,-42.06316375732422,85.37996673583984,-6.363744735717773,-49.324161529541016,77.23753356933594,7.509552001953125,-27.092411041259766,77.04601287841797,-0.21716544032096863,-44.14834213256836,82.7734146118164,,
1780509999.9119797,22035.900187896,-7.632971286773682,-41.68315887451172,85.38844299316406,-5.824610710144043,-48.740474700927734,77.74507904052734,9.292644500732422,-28.142358779907227,77.02427673339844,-1.8431673049926758,-41.590084075927734,82.34442138671875,,
1780509999.931854,22035.921732603,-8.190571784973145,-41.875919342041016,85.03153991699219,-5.2479023933410645,-47.850006103515625,78.80265045166016,10.517623901367188,-29.797061920166016,76.75313568115234,-3.2812349796295166,-38.11349868774414,81.91804504394531,,
1780509999.951846,22035.938121425,-9.015206336975098,-42.45820236206055,84.8062744140625,-4.398858070373535,-47.50221633911133,79.97284698486328,10.339289665222168,-31.29346466064453,76.74651336669922,-5.065003395080566,-34.62098693847656,81.3738021850586,,
1780509999.9717817,22035.960462742,-9.559148788452148,-43.612266540527344,84.94612884521484,-3.7994749546051025,-47.179561614990234,81.4859390258789,9.517593383789062,-32.129947662353516,77.2707290649414,-6.870336055755615,-31.8526554107666,80.56939697265625,,
1780509999.9918218,22035.978921255,-9.707831382751465,-45.62461471557617,84.76642608642578,-3.5330827236175537,-46.88692092895508,83.59133911132812,9.069738388061523,-32.88208770751953,78.36309814453125,-8.27100944519043,-29.369272232055664,79.13629150390625,,
1780510000.0118425,22035.998389995,-8.929889678955078,-47.68288803100586,84.15486145019531,-3.64743971824646,-46.76504135131836,85.4569320678711,8.766844749450684,-33.365211486816406,79.98026275634766,-9.069491386413574,-27.040977478027344,77.34040069580078,,
1780510000.0318384,22036.01851905,-7.523926258087158,-49.47521209716797,83.27835083007812,-3.7739570140838623,-46.829193115234375,86.51071166992188,8.320802688598633,-33.80068588256836,81.55181121826172,-8.938400268554688,-25.041582107543945,75.59595489501953,,
1780510000.0517697,22036.038897432,-6.044149875640869,-50.381690979003906,82.85054016113281,-3.826892137527466,-47.31901550292969,86.62939453125,8.055183410644531,-33.99370193481445,82.60582733154297,-8.439831733703613,-24.22015953063965,74.62276458740234,,
1780510000.0718162,22036.058538663,-5.113972187042236,-50.713443756103516,82.51875305175781,-4.524845600128174,-48.64895248413086,86.17020416259766,8.216190338134766,-33.19346237182617,82.81499481201172,-7.636281490325928,-24.80699920654297,74.64558410644531,,
1780510000.0917115,22036.078713388,-4.908763408660889,-51.21794128417969,82.73780822753906,-6.273530960083008,-50.47147750854492,85.22415161132812,8.898688316345215,-31.291240692138672,82.31291198730469,-6.312020301818848,-26.646503448486328,75.5456771850586,,
1780510000.1118307,22036.098266875,-5.46210241317749,-51.82371139526367,84.13455200195312,-8.987526893615723,-52.517539978027344,83.28413391113281,10.24951171875,-28.935762405395508,81.06188201904297,-4.3765788078308105,-29.989620208740234,78.24166870117188,,
1780510000.1318882,22036.118515879,-6.879116535186768,-50.853633880615234,85.43031311035156,-10.584458351135254,-54.24179458618164,80.87092590332031,12.179327011108398,-26.710372924804688,79.381591796875,-3.0911636352539062,-33.65305709838867,80.55787658691406,,
1780510000.151923,22036.138182601,-7.505064964294434,-49.121826171875,86.63612365722656,-10.813509941101074,-54.37693786621094,79.05339813232422,12.756293296813965,-25.761201858520508,77.51856231689453,-2.0260443687438965,-35.968624114990234,81.47969818115234,,
1780510000.1718206,22036.159751133,-6.875303268432617,-47.33061599731445,87.42102813720703,-10.877785682678223,-53.505035400390625,78.4214096069336,12.180074691772461,-25.313692092895508,76.00826263427734,-1.2953675985336304,-37.18899154663086,81.99535369873047,,
1780510000.1918464,22036.17871387,-6.556345462799072,-45.66605758666992,87.68633270263672,-10.697763442993164,-53.06376647949219,78.32982635498047,11.678776741027832,-25.246728897094727,75.1387939453125,-1.7930750846862793,-37.204124450683594,82.26790618896484,,
1780510000.2119114,22036.198665753,-7.021900177001953,-45.09646224975586,87.86949920654297,-10.202740669250488,-52.328369140625,78.8399429321289,11.950362205505371,-26.007448196411133,74.37610626220703,-3.0662360191345215,-35.89582824707031,82.09429168701172,,
1780510000.231912,22036.218588637,-7.892513275146484,-45.032447814941406,87.9018325805664,-9.220131874084473,-50.97784423828125,80.16694641113281,12.211871147155762,-27.940011978149414,73.76721954345703,-4.82116174697876,-33.9682731628418,81.56084442138672,,
1780510000.2519414,22036.238629703,-9.051753044128418,-45.41337585449219,87.89215850830078,-7.868192672729492,-49.404075622558594,82.43612670898438,11.585006713867188,-30.086545944213867,73.65341186523438,-7.214207172393799,-31.391172409057617,80.72137451171875,,
1780510000.2718065,22036.257969635,-10.404729843139648,-47.10993194580078,87.12264251708984,-5.927275657653809,-47.29908752441406,86.10151672363281,9.816335678100586,-31.86880874633789,75.21328735351562,-9.670523643493652,-28.17920684814453,78.77633666992188,,
1780510000.2918675,22036.279023883,-10.491405487060547,-49.01554870605469,85.50439453125,-3.967801570892334,-44.25227737426758,89.73822784423828,7.897986888885498,-33.22814178466797,78.54631805419922,-12.142692565917969,-25.259172439575195,75.54357147216797,,
1780510000.3118436,22036.297828882,-8.64427661895752,-49.974769592285156,84.4494400024414,-2.404121160507202,-42.018802642822266,90.7716293334961,5.541210651397705,-35.01807403564453,81.6329116821289,-12.016687393188477,-23.142343521118164,73.5313720703125,,
1780510000.3318734,22036.318685872,-6.689786911010742,-49.65808868408203,83.50909423828125,-0.7682629823684692,-41.49916076660156,90.02478790283203,4.8797173500061035,-37.2520866394043,83.45999145507812,-10.126986503601074,-22.69699478149414,73.19768524169922,,
1780510000.3520384,22036.338826137,-5.3283185958862305,-49.626731872558594,82.39802551269531,0.1262703537940979,-41.66856384277344,89.09442901611328,5.475802898406982,-37.75167465209961,83.94908142089844,-8.738934516906738,-23.9697208404541,72.22843933105469,,
1780510000.3719447,22036.359491474,-4.696253776550293,-50.14340591430664,81.19845581054688,0.004131517373025417,-42.237403869628906,88.16767883300781,6.244017601013184,-36.848453521728516,83.92768859863281,-7.3152241706848145,-26.040119171142578,71.16841888427734,,
1780510000.3923573,22036.378622547,-4.806100845336914,-50.199954986572266,80.5367660522461,-0.6540104746818542,-43.88572692871094,87.18560028076172,6.912398815155029,-35.237239837646484,83.57614135742188,-6.166957378387451,-28.995431900024414,71.39398956298828,,
1780510000.4119103,22036.398067213,-5.391394138336182,-50.19758224487305,80.59928894042969,-2.294503927230835,-46.55006408691406,85.80419158935547,7.720306396484375,-32.913978576660156,82.58680725097656,-4.453927040100098,-32.22608184814453,73.04595184326172,,
1780510000.431925,22036.418414143,-5.905796527862549,-50.12104415893555,82.11213684082031,-5.4654083251953125,-50.021968841552734,83.36255645751953,8.718432426452637,-29.614103317260742,81.06698608398438,-2.250100612640381,-36.63923645019531,76.45649719238281,,
1780510000.4520204,22036.438905744,-7.225343704223633,-48.472381591796875,83.98179626464844,-7.930171489715576,-52.714866638183594,80.46847534179688,10.04442310333252,-26.98267364501953,79.33798217773438,-1.1453629732131958,-40.5103874206543,79.63882446289062,,
1780510000.471892,22036.462142336,-7.561514377593994,-46.25028991699219,85.38556671142578,-8.476777076721191,-52.68840789794922,78.51339721679688,10.182561874389648,-26.894664764404297,77.26647186279297,0.013116524554789066,-42.76679611206055,81.07597351074219,,
1780510000.4918935,22036.478344729,-6.47670316696167,-43.54853820800781,86.0186767578125,-8.172931671142578,-50.95746612548828,77.52527618408203,9.154280662536621,-27.169174194335938,76.10826110839844,1.1783690452575684,-44.10154342651367,82.26666259765625,,
1780510000.512339,22036.499547256,-6.012843608856201,-41.396018981933594,86.11576843261719,-7.523763179779053,-50.10184860229492,76.95500946044922,8.15864086151123,-27.061750411987305,75.60731506347656,0.8870319128036499,-44.061527252197266,82.86844635009766,,
1780510000.5319092,22036.518398512,-6.766356468200684,-40.06246566772461,86.09404754638672,-6.415248870849609,-49.49545669555664,77.07878112792969,8.825948715209961,-28.12621307373047,75.45281219482422,-0.8016787171363831,-42.28012466430664,82.47566223144531,,
1780510000.551898,22036.538091111,-7.948678970336914,-39.624759674072266,85.8702163696289,-5.062202453613281,-48.09685516357422,78.23550415039062,9.78061580657959,-30.4835205078125,75.218017578125,-2.8628740310668945,-39.108158111572266,81.98321533203125,,
1780510000.5720768,22036.558520879,-9.481908798217773,-40.11360549926758,85.31935119628906,-3.179056167602539,-46.374359130859375,80.30142211914062,9.758499145507812,-33.183746337890625,75.47709655761719,-5.278908729553223,-35.10029602050781,81.18315887451172,,
1780510000.5920057,22036.578650597,-11.240337371826172,-41.424320220947266,84.55894470214844,-0.6237702369689941,-44.916996002197266,83.57063293457031,8.169063568115234,-35.104698181152344,76.89846801757812,-8.037027359008789,-31.4820499420166,79.43898010253906,,
1780510000.6120872,22036.598351239,-11.671099662780762,-43.445743560791016,83.34483337402344,1.4460172653198242,-42.76392364501953,86.87202453613281,6.815612316131592,-36.64982223510742,79.6004638671875,-10.707463264465332,-28.296615600585938,76.39698791503906,,
1780510000.631903,22036.618327991,-9.978324890136719,-44.98318099975586,82.4214096069336,2.389505386352539,-41.26531982421875,87.9253158569336,5.378654479980469,-38.29063415527344,82.05095672607422,-10.617029190063477,-25.891719818115234,74.2825698852539,,
1780510000.6519508,22036.640105894,-7.974936485290527,-45.66386795043945,81.37909698486328,2.7800350189208984,-41.45780563354492,87.47855377197266,5.202907085418701,-39.583770751953125,83.49136352539062,-8.80587387084961,-24.924114227294922,73.4773941040039,,
1780510000.6719594,22036.660850732,-6.280987739562988,-46.420284271240234,80.09424591064453,2.838968515396118,-42.48313903808594,86.74746704101562,5.953808784484863,-39.331634521484375,84.00166320800781,-7.456520080566406,-25.970417022705078,72.60803985595703,,
1780510000.6926377,22036.679137964,-5.408736705780029,-47.08701705932617,78.91046905517578,1.8994485139846802,-44.327938079833984,85.83638763427734,6.852025032043457,-37.59699630737305,83.99034118652344,-6.225902080535889,-28.37327766418457,72.10527801513672,,
1780510000.7120087,22036.698234772,-5.515475749969482,-47.163726806640625,79.15947723388672,-0.5515244603157043,-47.55486297607422,84.56363677978516,7.468829154968262,-34.71003341674805,83.40567016601562,-4.509982585906982,-31.946544647216797,73.84577178955078,,
1780510000.73198,22036.718628727,-6.300118923187256,-47.56752395629883,80.91754150390625,-4.311826229095459,-51.15650177001953,82.45288848876953,8.663289070129395,-31.218647003173828,82.33116912841797,-2.176060914993286,-36.62381362915039,77.88396453857422,,
1780510000.7518828,22036.738323984,-7.99683141708374,-46.97488784790039,82.96086883544922,-6.6543354988098145,-52.9141960144043,79.91775512695312,9.921621322631836,-28.663408279418945,80.69071960449219,-1.0709269046783447,-40.874595642089844,80.68499755859375,,
1780510000.7720263,22036.758961606,-8.281366348266602,-45.40673828125,84.6267318725586,-7.055593490600586,-52.04277420043945,77.97438049316406,9.417705535888672,-28.493356704711914,78.48174285888672,0.11881407350301743,-43.46995544433594,81.72013854980469,,
1780510000.7919934,22036.779788835,-7.264871120452881,-43.62629318237305,85.49784088134766,-7.462060928344727,-50.64226531982422,77.55078125,8.537681579589844,-27.875667572021484,76.9775161743164,0.8204367756843567,-44.54365158081055,82.3596420288086,,
1780510000.811927,22036.798850542,-6.754448413848877,-42.06776809692383,85.92797088623047,-7.067662239074707,-50.044952392578125,77.32340240478516,8.092061042785645,-27.130168914794922,76.48597717285156,0.14222951233386993,-44.15475845336914,82.68486785888672,,
1780510000.8319345,22036.818285881,-7.469247341156006,-41.5449333190918,86.0021743774414,-6.341941833496094,-49.509525299072266,77.80462646484375,9.295366287231445,-27.86550521850586,76.0142822265625,-1.573979139328003,-42.24348068237305,82.15388488769531,,
1780510000.852013,22036.838245104,-8.32976245880127,-41.46370315551758,85.76119995117188,-5.265584945678711,-48.22309875488281,79.05082702636719,10.55400276184082,-29.90863037109375,75.6219711303711,-3.3501601219177246,-39.35041046142578,81.56041717529297,,
1780510000.8719537,22036.859739518,-9.410978317260742,-41.90964126586914,85.55184936523438,-4.0794148445129395,-47.15720748901367,80.86233520507812,10.45498275756836,-31.54529571533203,75.51849365234375,-5.645663738250732,-35.804649353027344,80.96766662597656,,
1780510000.8919497,22036.879026382,-10.82634449005127,-43.22049331665039,85.16935729980469,-2.636599540710449,-46.08600997924805,83.62361145019531,9.271435737609863,-32.79146194458008,76.42523956298828,-8.212016105651855,-32.194061279296875,79.62100982666016,,
1780510000.911893,22036.898927189,-11.303326606750488,-45.179141998291016,84.19386291503906,-1.1425209045410156,-44.35193634033203,86.79974365234375,8.046037673950195,-33.894771575927734,78.71276092529297,-10.6351957321167,-28.840988159179688,77.11116790771484,,
1780510000.9322066,22036.919295194,-9.756535530090332,-47.058204650878906,83.17372131347656,-0.42461642622947693,-42.88107681274414,88.54460906982422,6.618412971496582,-35.303958892822266,81.28968811035156,-11.120766639709473,-25.76752281188965,74.77090454101562,,
1780510000.9523065,22036.938447792,-7.674152851104736,-48.00470733642578,82.46753692626953,0.1397695690393448,-42.5682373046875,88.51034545898438,5.953264236450195,-36.981082916259766,82.97186279296875,-9.872583389282227,-24.1944580078125,73.6572494506836,,
1780510000.9721751,22036.958601178,-5.953254699707031,-48.497310638427734,81.65975189208984,0.453768789768219,-43.1661376953125,87.80027770996094,6.438811302185059,-37.54515075683594,83.64820098876953,-8.597464561462402,-24.552330017089844,72.89388275146484,,
1780510000.992342,22036.982153509,-5.02374267578125,-49.12908935546875,80.96526336669922,-0.3204837739467621,-44.39811706542969,86.91825103759766,7.17884635925293,-36.31716537475586,83.6455307006836,-7.686069011688232,-26.19093894958496,72.12203979492188,,
1780510001.0122333,22036.998810249,-4.777493953704834,-49.61387252807617,81.1062240600586,-2.28499698638916,-46.62998962402344,85.79080200195312,7.7705864906311035,-33.937355041503906,82.9900894165039,-6.3220086097717285,-28.748924255371094,72.79354858398438,,
1780510001.0322075,22037.018984573,-5.25337553024292,-50.10286331176758,82.20476531982422,-5.395846843719482,-49.68684768676758,84.13128662109375,8.483797073364258,-31.027753829956055,81.95181274414062,-4.19702672958374,-32.186580657958984,75.67005157470703,,
1780510001.0520356,22037.039416566,-6.510194778442383,-49.80698013305664,83.9725570678711,-8.391363143920898,-52.80731964111328,81.6511001586914,10.250971794128418,-27.702678680419922,80.29344940185547,-2.5556139945983887,-36.209678649902344,78.97622680664062,,
1780510001.0719373,22037.058165708,-7.686074256896973,-48.1473503112793,85.49527740478516,-9.575459480285645,-53.91343688964844,79.12467956542969,11.032854080200195,-26.452110290527344,78.48089599609375,-1.510899305343628,-38.90129470825195,80.89360046386719,,
1780510001.0919697,22037.078297507,-7.288303852081299,-46.25850296020508,86.54562377929688,-9.468806266784668,-52.73245620727539,77.86419677734375,10.50497055053711,-26.487668991088867,76.89955139160156,-0.25711074471473694,-40.62477493286133,81.910400390625,,
1780510001.1120245,22037.098420421,-6.408932685852051,-44.027931213378906,86.75279998779297,-9.332345008850098,-51.57771682739258,77.33545684814453,9.405974388122559,-26.354106903076172,76.09917449951172,0.23395724594593048,-41.273277282714844,82.72547149658203,,
1780510001.1320584,22037.118774589,-6.6165947914123535,-42.71477508544922,87.0304946899414,-8.638728141784668,-51.439598083496094,77.232177734375,9.414608001708984,-26.40943145751953,75.5145492553711,-1.0377339124679565,-40.172420501708984,82.4974594116211,,
1780510001.152006,22037.138691577,-7.2895636558532715,-42.119895935058594,87.00662231445312,-7.82548189163208,-50.26411819458008,78.14983367919922,10.379850387573242,-28.108642578125,75.20016479492188,-2.6014044284820557,-37.93563461303711,82.12019348144531,,
1780510001.1719687,22037.158590382,-8.364696502685547,-42.42273712158203,86.74441528320312,-6.390283584594727,-48.83553695678711,79.936279296875,10.919243812561035,-30.428146362304688,75.12935638427734,-4.652829170227051,-34.63738250732422,81.39920806884766,,
1780510001.1920218,22037.178312608,-9.575294494628906,-43.49668884277344,86.31866455078125,-4.775245189666748,-47.58392333984375,82.39653778076172,10.03961181640625,-32.370914459228516,75.41718292236328,-7.015574932098389,-31.439712524414062,80.26736450195312,,
1780510001.2120717,22037.198221175,-10.697833061218262,-45.38729476928711,85.43684387207031,-2.8767685890197754,-46.10097885131836,85.67091369628906,8.636285781860352,-33.61793899536133,77.44828796386719,-9.646008491516113,-28.438785552978516,77.92778778076172,,
1780510001.2319849,22037.21826715,-10.005809783935547,-47.294456481933594,84.28594207763672,-1.4558171033859253,-43.96771240234375,88.34056854248047,7.174825191497803,-34.907840728759766,80.2391357421875,-11.478209495544434,-25.975372314453125,75.06879425048828,,
1780510001.2520046,22037.239546471,-8.091313362121582,-48.428245544433594,83.1264877319336,-0.33119577169418335,-42.61994552612305,89.01022338867188,5.793332099914551,-36.595157623291016,82.36344909667969,-10.579225540161133,-23.817419052124023,73.63463592529297,,
1780510001.2719622,22037.260906338,-6.461735248565674,-48.5472297668457,82.0623550415039,0.6593679785728455,-42.59770965576172,88.4112319946289,5.74348258972168,-37.96333312988281,83.52067565917969,-9.057991027832031,-23.84292221069336,73.01063537597656,,
1780510001.2919428,22037.279156118,-5.383627891540527,-48.842926025390625,80.7235107421875,0.8931702375411987,-43.202754974365234,87.55168151855469,6.236256122589111,-37.518707275390625,83.85677337646484,-7.823545455932617,-25.496206283569336,72.14494323730469,,
1780510001.3118958,22037.298163089,-4.94567346572876,-49.151771545410156,79.83343505859375,-0.08009400218725204,-44.718711853027344,86.55863952636719,6.717541694641113,-35.59401321411133,83.76744079589844,-6.559584617614746,-28.263683319091797,71.82643127441406,,
1780510001.331992,22037.319798708,-5.245752811431885,-49.21070098876953,79.97764587402344,-2.1790928840637207,-47.385250091552734,85.19745635986328,7.442408084869385,-33.11455154418945,83.05320739746094,-4.556053638458252,-31.911012649536133,73.72733306884766,,
1780510001.351956,22037.338873079,-6.223121166229248,-49.24127960205078,81.48303985595703,-5.350259780883789,-50.759368896484375,83.0681381225586,8.997651100158691,-29.94261932373047,81.74633026123047,-2.433990001678467,-36.67033767700195,77.5405502319336,,
1780510001.3720374,22037.359048364,-7.626080513000488,-48.22333908081055,83.49014282226562,-7.5707244873046875,-53.001075744628906,80.44434356689453,10.220555305480957,-27.55796241760254,79.64087677001953,-1.2372586727142334,-40.64618682861328,80.24642944335938,,
1780510001.3919961,22037.380732706,-7.948163032531738,-46.20119094848633,85.02539825439453,-7.953965187072754,-52.58712387084961,78.40283966064453,9.912054061889648,-27.601301193237305,77.5880126953125,-0.030083248391747475,-43.10879135131836,81.40381622314453,,
1780510001.411941,22037.398161647,-6.800375461578369,-44.1245231628418,85.89071655273438,-8.046216011047363,-51.132484436035156,77.78456115722656,8.916885375976562,-27.18914794921875,76.20115661621094,0.850974977016449,-44.06477355957031,82.26484680175781,,
1780510001.4319692,22037.419315746,-6.220489501953125,-41.72624206542969,86.01483917236328,-7.499316215515137,-50.06776809692383,77.26799774169922,8.171502113342285,-27.317039489746094,75.82816314697266,0.5615668296813965,-44.072261810302734,82.83326721191406,,
1780510001.451936,22037.43828254,-6.920513153076172,-40.83784484863281,86.13450622558594,-6.217058181762695,-49.329833984375,77.65402221679688,9.010001182556152,-28.550764083862305,75.2964096069336,-0.9777277112007141,-42.234039306640625,82.19261169433594,,
1780510001.4719403,22037.458484466,-7.973286151885986,-40.17249298095703,85.85075378417969,-4.807759761810303,-47.69997024536133,79.05315399169922,9.742168426513672,-31.061731338500977,75.05882263183594,-2.968428611755371,-39.260093688964844,81.67701721191406,,
1780510001.491959,22037.479367071,-9.805315971374512,-40.65952682495117,85.31813049316406,-2.743908643722534,-46.02931213378906,81.33441162109375,9.356918334960938,-33.53270721435547,75.49566650390625,-5.8018717765808105,-35.206024169921875,80.75044250488281,,
1780510001.5119689,22037.49927739,-11.665061950683594,-42.19426345825195,84.23572540283203,-0.061201054602861404,-44.168521881103516,85.01887512207031,7.737030029296875,-35.39284133911133,77.42839813232422,-8.632813453674316,-31.1919002532959,78.67176055908203,,
1780510001.5321233,22037.518367374,-11.531068801879883,-44.2138786315918,83.09003448486328,1.690824270248413,-41.73359298706055,87.83743286132812,6.386072635650635,-36.87888717651367,80.20597839355469,-10.912717819213867,-27.82856559753418,75.84598541259766,,
1780510001.5519943,22037.53832919,-9.55737018585205,-45.55553436279297,82.26200866699219,2.468141794204712,-40.59097671508789,88.15211486816406,5.118137359619141,-38.60376739501953,82.48617553710938,-10.027307510375977,-25.386117935180664,74.17622375488281,,
1780510001.5719771,22037.558014534,-7.611011981964111,-46.286216735839844,81.31967163085938,2.838852882385254,-41.079376220703125,87.53694152832031,5.365193843841553,-39.73233413696289,83.57857513427734,-8.259474754333496,-24.941308975219727,73.37601470947266,,
1780510001.5921743,22037.57954655,-5.989081859588623,-47.33858871459961,80.33221435546875,2.6987147331237793,-42.17326354980469,86.68473815917969,6.421509265899658,-39.23301696777344,83.74755096435547,-7.196139812469482,-26.20174217224121,72.22010040283203,,
1780510001.6120558,22037.598843889,-5.213048458099365,-48.03693389892578,79.61703491210938,1.337945580482483,-44.18951416015625,85.73050689697266,7.168141841888428,-37.42742919921875,83.55484008789062,-6.018361568450928,-28.4837589263916,71.82923126220703,,
1780510001.6321192,22037.618362574,-5.487202167510986,-48.0589599609375,79.89325714111328,-1.0823901891708374,-47.424224853515625,84.65522003173828,7.728840351104736,-34.53607177734375,82.8847427368164,-4.5455002784729,-31.514266967773438,73.47628021240234,,
1780510001.6520298,22037.63851633,-6.090994358062744,-48.36177062988281,81.59771728515625,-4.7436323165893555,-50.88498306274414,82.56768798828125,8.66620922088623,-30.97118377685547,81.82962036132812,-2.293546676635742,-35.58189392089844,77.1331787109375,,
1780510001.6719244,22037.658359159,-7.534614086151123,-47.570831298828125,83.4957275390625,-7.23677921295166,-53.032230377197266,79.92235565185547,9.918522834777832,-28.230640411376953,80.34790802001953,-1.2647454738616943,-39.60265350341797,80.04505157470703,,
1780510001.692022,22037.678936775,-7.998417854309082,-45.798458099365234,85.0284194946289,-7.9030890464782715,-52.46971893310547,77.93949890136719,9.763267517089844,-28.069320678710938,78.29412078857422,-0.12316026538610458,-42.16315460205078,81.37027740478516,,
1780510001.7119727,22037.699949653,-7.0440354347229,-43.976810455322266,85.90287017822266,-8.079421043395996,-51.08937454223633,77.381103515625,8.996091842651367,-27.572874069213867,76.97271728515625,0.7388647794723511,-43.24081039428711,82.17058563232422,,
1780510001.7320216,22037.718532958,-6.500441551208496,-42.283355712890625,86.22176361083984,-7.769333362579346,-50.27417755126953,77.0890121459961,8.372065544128418,-27.056655883789062,76.45980072021484,0.2907871901988983,-43.09567642211914,82.66886901855469,,
1780510001.7524834,22037.738740855,-7.180615425109863,-41.65254211425781,86.35807037353516,-7.107330322265625,-49.87583541870117,77.5258560180664,9.39365291595459,-27.706098556518555,75.93539428710938,-1.500948190689087,-41.30680847167969,82.11931610107422,,
1780510001.7726252,22037.758899195,-8.043046951293945,-41.37248229980469,86.19880676269531,-6.195186138153076,-48.778961181640625,78.60208892822266,10.509307861328125,-29.44118309020996,75.59138488769531,-3.337533712387085,-38.5313720703125,81.65143585205078,,
1780510001.7922773,22037.779173045,-9.189191818237305,-42.068695068359375,86.00118255615234,-4.970175743103027,-47.658287048339844,80.48736572265625,10.631983757019043,-31.241680145263672,75.5848617553711,-5.630938529968262,-34.9235725402832,80.96678924560547,,
1780510001.8125765,22037.799185937,-10.556358337402344,-43.41162109375,85.65755462646484,-3.4367589950561523,-46.47804260253906,83.35089874267578,9.401826858520508,-32.81024169921875,76.37848663330078,-8.184510231018066,-31.572336196899414,79.63423156738281,,
1780510001.8319936,22037.822427269,-11.154031753540039,-45.4949836730957,84.59939575195312,-1.8761876821517944,-44.80973434448242,86.69168090820312,8.067830085754395,-33.827735900878906,78.5650405883789,-10.65085506439209,-28.2061767578125,76.91100311279297,,
1780510001.852381,22037.838773474,-9.637471199035645,-47.28129959106445,83.63055419921875,-1.022681713104248,-43.25508499145508,88.62513732910156,6.436006546020508,-35.07051467895508,81.25685119628906,-11.35892105102539,-25.420848846435547,74.44513702392578,,
1780510001.8724396,22037.858860568,-7.52943754196167,-48.085784912109375,82.81572723388672,-0.24449793994426727,-42.79465866088867,88.67757415771484,5.566043376922607,-36.788246154785156,83.02777862548828,-10.018214225769043,-23.893234252929688,73.41606903076172,,
1780510001.8919928,22037.878382318,-5.970377445220947,-48.328773498535156,81.54545593261719,0.39163196086883545,-43.116477966308594,88.07566833496094,5.866421699523926,-37.4049072265625,83.84746551513672,-8.543575286865234,-24.420534133911133,72.85260772705078,,
1780510001.9119153,22037.899059037,-5.0095438957214355,-48.63608169555664,80.56378936767578,-0.057902395725250244,-44.27537536621094,87.20602416992188,6.492476940155029,-36.22788619995117,83.99652862548828,-7.589217662811279,-26.367345809936523,72.12615966796875,,
1780510001.9319642,22037.918653118,-4.7824788093566895,-49.080501556396484,80.41109466552734,-1.6561299562454224,-46.337738037109375,86.0186996459961,7.1903791427612305,-34.08327865600586,83.47962951660156,-6.080866813659668,-29.210094451904297,72.68719482421875,,
1780510001.952605,22037.939836678,-5.538734436035156,-49.460453033447266,81.1838607788086,-4.410459518432617,-49.427642822265625,84.43683624267578,8.159350395202637,-31.285503387451172,82.45504760742188,-3.889291524887085,-33.228302001953125,75.42155456542969,,
1780510001.972238,22037.961372101,-6.757983207702637,-49.2652587890625,83.19609832763672,-7.40042781829834,-52.438297271728516,81.84249877929688,9.905914306640625,-28.038000106811523,80.65579223632812,-2.1356089115142822,-37.805816650390625,79.05577850341797,,
1780510001.9919908,22037.978274864,-7.950745582580566,-47.77352523803711,84.83271026611328,-8.748958587646484,-53.51842498779297,79.3764419555664,10.494551658630371,-26.791080474853516,78.5462875366211,-1.062465786933899,-40.83057403564453,80.89118194580078,,
1780510002.0120175,22037.998367901,-7.3928070068359375,-45.67232131958008,86.04644012451172,-8.768000602722168,-52.37621307373047,78.0851821899414,9.83219051361084,-26.849018096923828,76.71224975585938,0.15673673152923584,-42.69422912597656,81.74726867675781,,
1780510002.0319467,22038.018557048,-6.314738750457764,-43.315372467041016,86.3757553100586,-8.64549732208252,-50.92242431640625,77.49188995361328,8.649413108825684,-26.78240394592285,75.94499969482422,0.7381535768508911,-43.367393493652344,82.68956756591797,,
1780510002.052006,22038.038958575,-6.500020503997803,-41.897552490234375,86.63677215576172,-7.558225631713867,-50.56753158569336,77.4244613647461,8.639533996582031,-27.260517120361328,75.19123840332031,-0.34235554933547974,-42.40254211425781,82.41880798339844,,
1780510002.0720696,22038.058628489,-7.23140811920166,-40.91506576538086,86.52498626708984,-6.468242645263672,-49.38315963745117,78.22498321533203,9.659866333007812,-29.006914138793945,74.8912353515625,-2.055415391921997,-39.963829040527344,81.96929931640625,,
1780510002.0919676,22038.078545915,-8.60286808013916,-41.09630584716797,86.13701629638672,-4.734954357147217,-47.58343505859375,80.1943359375,10.098004341125488,-31.68816566467285,75.04621124267578,-4.363614082336426,-36.22687530517578,81.279296875,,
1780510002.1120124,22038.098194539,-10.242768287658691,-41.92952346801758,85.52164459228516,-2.567547082901001,-45.98930740356445,83.0453872680664,8.7732515335083,-33.97142791748047,75.69213104248047,-7.033616065979004,-32.5150032043457,80.06863403320312,,
1780510002.1319573,22038.118619292,-11.461048126220703,-43.96202850341797,84.09234619140625,-0.09280722588300705,-43.978031158447266,86.53559112548828,7.520881652832031,-35.55601119995117,78.35283660888672,-9.776618003845215,-28.920204162597656,77.19776153564453,,
1780510002.1519642,22038.138569823,-10.355400085449219,-45.72229766845703,83.1953125,1.2883632183074951,-41.69043731689453,88.43809509277344,5.704706192016602,-37.18867111206055,81.1474838256836,-10.932710647583008,-26.34724235534668,74.71195983886719,,
1780510002.1720638,22038.158454728,-8.322296142578125,-46.600379943847656,82.14318084716797,2.203557252883911,-41.054019927978516,88.25350189208984,5.022731781005859,-39.05244064331055,82.95158386230469,-9.294428825378418,-24.759031295776367,73.72687530517578,,
1780510002.1920161,22038.178873596,-6.730145454406738,-47.431243896484375,81.01744079589844,2.7557320594787598,-41.469749450683594,87.45362854003906,5.809126853942871,-39.717926025390625,83.5751724243164,-7.761353015899658,-25.252952575683594,72.67973327636719,,
1780510002.212118,22038.198637322,-5.54043436050415,-48.143959045410156,79.80480194091797,2.368081569671631,-42.59830856323242,86.50835418701172,6.606002330780029,-38.61867141723633,83.65347290039062,-6.6346588134765625,-27.24611473083496,71.70120239257812,,
1780510002.2319868,22038.218245642,-5.27663516998291,-48.41631317138672,79.26861572265625,0.9167137145996094,-44.93761444091797,85.57301330566406,7.315909385681152,-36.39963150024414,83.23731231689453,-5.467137813568115,-30.07442855834961,72.09075927734375,,
1780510002.2519403,22038.238384199,-5.8581414222717285,-48.367557525634766,79.75015258789062,-1.7009336948394775,-48.2764778137207,84.18904876708984,7.908897876739502,-33.38617706298828,82.44020080566406,-3.5185914039611816,-33.61705017089844,74.41492462158203,,
1780510002.2721016,22038.258558633,-6.73945951461792,-48.273963928222656,81.70630645751953,-5.251104354858398,-51.54498291015625,81.71858215332031,9.18118953704834,-29.87476348876953,81.19886779785156,-1.5495141744613647,-38.350677490234375,78.16146850585938,,
1780510002.2919776,22038.278660137,-8.134458541870117,-46.71672821044922,83.5805892944336,-7.124307632446289,-52.94166564941406,79.12416076660156,9.71496868133545,-28.285846710205078,79.42512512207031,-0.664794921875,-41.865901947021484,80.6367416381836,,
1780510002.3120594,22038.299359595,-7.863460063934326,-44.76019287109375,85.02533721923828,-7.240105628967285,-51.642433166503906,77.62720489501953,9.114089965820312,-28.520204544067383,77.56564331054688,0.6019322276115417,-43.941951751708984,81.69395446777344,,
1780510002.332139,22038.318883529,-6.746292591094971,-42.32027816772461,85.48007202148438,-7.214242935180664,-50.160335540771484,77.04385375976562,7.950966835021973,-28.275663375854492,76.7108154296875,1.2030439376831055,-44.84925842285156,82.5831298828125,,
1780510002.3519542,22038.339191587,-6.588061332702637,-40.77007293701172,85.78724670410156,-6.564497947692871,-49.607425689697266,76.8936767578125,7.832041263580322,-27.9808292388916,76.29238891601562,0.24761073291301727,-44.00545120239258,82.60630798339844,,
1780510002.3720565,22038.358220025,-7.421212196350098,-39.931640625,85.71424865722656,-5.486100196838379,-48.7593994140625,77.50018310546875,8.980223655700684,-29.382610321044922,75.9512939453125,-1.5558547973632812,-41.97318649291992,82.07833099365234,,
1780510002.3920217,22038.378410182,-8.465226173400879,-39.94902038574219,85.39771270751953,-4.118341445922852,-47.302978515625,78.92449951171875,9.892050743103027,-31.542865753173828,75.85115814208984,-3.5824027061462402,-38.63084030151367,81.49650573730469,,
1780510002.4119737,22038.399413885,-10.061226844787598,-40.80048751831055,84.9435806274414,-2.3118042945861816,-45.943660736083984,81.33715057373047,9.357099533081055,-33.551292419433594,76.1263198852539,-6.190940856933594,-34.71914291381836,80.54317474365234,,
1780510002.4322062,22038.418650033,-11.632150650024414,-42.554386138916016,84.05111694335938,-0.13573218882083893,-44.51398849487305,84.87284851074219,7.954446792602539,-34.804351806640625,77.92436218261719,-9.111223220825195,-30.853248596191406,78.28367614746094,,
1780510002.451962,22038.438720726,-11.136848449707031,-44.57383728027344,82.98821258544922,1.2473211288452148,-42.48280334472656,87.57284545898438,6.746490001678467,-36.05244445800781,80.4626693725586,-11.048125267028809,-27.723539352416992,75.64566040039062,,
1780510002.4719596,22038.459485145,-9.193451881408691,-45.86772918701172,82.08486938476562,1.8281203508377075,-41.58491897583008,88.07447052001953,5.545382976531982,-37.50559997558594,82.57077026367188,-10.210057258605957,-25.433332443237305,74.08609771728516,,
1780510002.4921079,22038.478757064,-7.2316718101501465,-46.44251251220703,81.12956237792969,2.101975440979004,-42.13864517211914,87.62092590332031,5.635428428649902,-38.302860260009766,83.66079711914062,-8.734565734863281,-25.132652282714844,73.3860092163086,,
1780510002.512007,22038.498248051,-5.756025314331055,-47.28123092651367,80.08675384521484,1.71871817111969,-43.35924530029297,86.83255004882812,6.503954887390137,-37.58024215698242,83.89633178710938,-7.620314121246338,-26.45702362060547,72.51914978027344,,
1780510002.5320346,22038.518357412,-5.237589359283447,-47.85618209838867,79.40888977050781,0.2345745712518692,-45.49711227416992,85.87500762939453,7.274363040924072,-35.5440788269043,83.72222900390625,-6.253283977508545,-28.991931915283203,72.61934661865234,,
1780510002.5520797,22038.538182859,-5.499719619750977,-48.143829345703125,80.17610168457031,-2.459113121032715,-48.83584976196289,84.49480438232422,8.176726341247559,-32.59504699707031,82.8918228149414,-4.420633316040039,-32.39604187011719,74.9003677368164,,
1780510002.5720077,22038.558225241,-6.5246100425720215,-48.60023880004883,82.20092010498047,-6.065150737762451,-52.11260986328125,82.18408966064453,9.722882270812988,-29.15925407409668,81.36711120605469,-2.4084067344665527,-36.87657165527344,78.68843841552734,,
1780510002.5919673,22038.578203344,-8.126633644104004,-47.53866958618164,84.07536315917969,-7.966850280761719,-53.462493896484375,79.47503662109375,10.395947456359863,-27.371623992919922,79.4935531616211,-1.3138833045959473,-40.344844818115234,80.95848083496094,,
1780510002.61296,22038.599176701,-8.260103225708008,-45.79451370239258,85.15691375732422,-7.775462627410889,-52.164886474609375,78.29132843017578,8.856733322143555,-27.247188568115234,77.67765808105469,0.027131859213113785,-43.73140335083008,82.0471420288086,,
1780510002.6320431,22038.618202379,-6.940262794494629,-43.98606491088867,86.13821411132812,-8.320074081420898,-50.91666793823242,77.59127807617188,8.39331340789795,-26.640460968017578,76.3338394165039,0.6181617975234985,-43.867549896240234,82.50897979736328,,
1780510002.6527069,22038.638881202,-6.660224914550781,-42.527183532714844,86.38136291503906,-8.182027816772461,-50.634788513183594,77.35707092285156,8.338501930236816,-26.503873825073242,75.91030883789062,-0.33358898758888245,-42.87276077270508,82.60939025878906,,
1780510002.6720264,22038.658160188,-7.196536540985107,-42.059852600097656,86.51839447021484,-7.244255542755127,-49.50950622558594,78.24518585205078,9.788606643676758,-27.871870040893555,75.61459350585938,-1.7764524221420288,-40.462730407714844,82.10346984863281,,
1780510002.6920133,22038.678382786,-8.178845405578613,-41.7897834777832,86.32415771484375,-5.929582118988037,-48.434268951416016,79.39667510986328,10.453939437866211,-29.873777389526367,75.36510467529297,-3.782219886779785,-37.24686050415039,81.51516723632812,,
1780510002.712011,22038.698330084,-9.356050491333008,-42.4171028137207,86.06812286376953,-4.559192180633545,-47.36662292480469,81.4992904663086,9.942943572998047,-31.80034065246582,75.45221710205078,-6.119982719421387,-33.6383056640625,80.72992706298828,,
1780510002.7322779,22038.718774213,-10.713257789611816,-44.17892837524414,85.35816192626953,-2.599357843399048,-45.964942932128906,84.68289947509766,8.792075157165527,-33.400047302246094,77.03729248046875,-8.573030471801758,-30.029380798339844,78.83922576904297,,
1780510002.7522328,22038.739919843,-10.557034492492676,-46.23603057861328,84.28421020507812,-1.1853930950164795,-43.96049118041992,87.78216552734375,7.4905009269714355,-34.7840461730957,79.5218276977539,-10.77514362335205,-27.13175392150879,76.05219268798828,,
1780510002.772817,22038.758974303,-8.812908172607422,-47.79189682006836,83.20919799804688,-0.19171081483364105,-42.6174430847168,88.75008392333984,6.069380760192871,-36.507137298583984,81.92979431152344,-10.559891700744629,-24.706424713134766,73.89178466796875,,
1780510002.7922974,22038.779305731,-6.842118740081787,-48.47646713256836,82.50997161865234,0.7185448408126831,-42.37440490722656,88.27085876464844,5.826444625854492,-38.22970962524414,83.24885559082031,-9.019664764404297,-24.04344367980957,72.9984359741211,,
1780510002.8112905,22038.798108731,-5.65257453918457,-49.01340103149414,81.32984924316406,1.072611689567566,-42.8066291809082,87.52436828613281,6.438879489898682,-38.32485580444336,83.58584594726562,-7.832026958465576,-25.098806381225586,72.1392593383789,,
1780510002.8320174,22038.818328486,-4.929131507873535,-49.469566345214844,80.51669311523438,0.22002296149730682,-44.081687927246094,86.62812805175781,6.993324279785156,-36.62730026245117,83.44978332519531,-6.9582133293151855,-27.31793785095215,71.47274780273438,,
1780510002.8521886,22038.838380987,-5.111298084259033,-49.78630447387695,80.36321258544922,-1.4892120361328125,-46.26384735107422,85.62154388427734,7.486682891845703,-34.351402282714844,82.89695739746094,-5.349271774291992,-30.326997756958008,72.42267608642578,,
1780510002.87205,22038.858236018,-5.709800720214844,-49.80636978149414,81.47906494140625,-4.415618896484375,-49.46535110473633,83.88309478759766,8.239766120910645,-31.21210289001465,81.84148406982422,-3.249447822570801,-34.31608963012695,75.38923645019531,,
1780510002.892013,22038.878327235,-6.760838508605957,-49.43388748168945,83.24193572998047,-7.234930038452148,-52.447235107421875,81.49880981445312,9.890837669372559,-28.028409957885742,80.13136291503906,-1.6636701822280884,-38.43964767456055,78.76448059082031,,
1780510002.9119809,22038.898380546,-7.867244243621826,-47.45436096191406,84.87186431884766,-8.314518928527832,-53.416297912597656,78.95116424560547,10.363211631774902,-27.231660842895508,78.10572814941406,-0.7359927892684937,-41.29490661621094,80.66046905517578,,
1780510002.9325242,22038.918657001,-7.176448822021484,-45.205074310302734,85.93017578125,-8.332234382629395,-52.09706497192383,77.84859466552734,9.707698822021484,-27.363739013671875,76.49239349365234,0.5115129947662354,-42.90279769897461,81.7217788696289,,
1780510002.9525146,22038.938819974,-6.275335311889648,-42.676918029785156,86.25074768066406,-7.775707721710205,-50.72795104980469,77.1179428100586,8.626249313354492,-27.290285110473633,75.9175033569336,0.9572293758392334,-43.43932342529297,82.59806823730469,,
1780510002.9725795,22038.9588312,-6.524446487426758,-41.173683166503906,86.33168029785156,-6.814301490783691,-50.27040481567383,77.15885925292969,8.679587364196777,-27.827049255371094,75.3632583618164,-0.28087177872657776,-42.3575325012207,82.35173797607422,,
1780510002.9923656,22038.979234814,-7.4503397941589355,-40.10563278198242,86.19171142578125,-5.580343723297119,-49.14680099487305,77.97224426269531,9.70310115814209,-29.72987174987793,75.06963348388672,-2.2300047874450684,-39.922943115234375,81.85971069335938,,
1780510003.0127356,22038.999203184,-8.761980056762695,-40.30624008178711,85.84387969970703,-4.000730991363525,-47.35509490966797,79.88926696777344,9.978360176086426,-32.18182373046875,75.08100128173828,-4.565542697906494,-36.33977127075195,81.2671890258789,,
1780510003.0321825,22039.018574709,-10.677306175231934,-41.45608901977539,85.11528015136719,-1.590824842453003,-45.63226318359375,83.03953552246094,8.729816436767578,-34.504783630371094,75.86283874511719,-7.310232639312744,-32.63146209716797,79.8116683959961,,
1780510003.0520205,22039.038605194,-11.80298900604248,-43.45452880859375,83.68739318847656,0.8073475956916809,-43.4191780090332,86.71702575683594,7.3216776847839355,-35.83263397216797,78.50125885009766,-10.275341987609863,-29.084552764892578,76.83480834960938,,
1780510003.07196,22039.058162785,-10.536585807800293,-45.101497650146484,82.81685638427734,2.0191051959991455,-41.26430892944336,88.34846496582031,5.506856918334961,-37.34309768676758,81.33391571044922,-11.151874542236328,-26.633323669433594,74.55297088623047,,
1780510003.0920165,22039.078159101,-8.333605766296387,-45.79121780395508,81.81560516357422,2.740823745727539,-40.86458206176758,88.04893493652344,4.837134838104248,-38.88286209106445,83.12586212158203,-9.394644737243652,-25.1829776763916,73.86853790283203,,
1780510003.111986,22039.098159922,-6.606420516967773,-46.52900695800781,80.49263000488281,3.0448803901672363,-41.52714920043945,87.32794189453125,5.6470537185668945,-39.20640182495117,83.75592041015625,-7.81662654876709,-25.78114891052246,72.95136260986328,,
1780510003.1319673,22039.118911797,-5.5728535652160645,-47.28905487060547,79.14529418945312,2.5290675163269043,-42.92110824584961,86.46426391601562,6.530515193939209,-37.93587875366211,83.8974380493164,-6.632282733917236,-27.924455642700195,72.04244995117188,,
1780510003.1520402,22039.138241432,-5.328091144561768,-47.526817321777344,78.87673950195312,0.7754747867584229,-45.67481994628906,85.38417053222656,7.330256462097168,-35.59614562988281,83.40099334716797,-5.260562896728516,-30.926979064941406,72.83020782470703,,
1780510003.171954,22039.158629374,-5.882913589477539,-47.75961685180664,80.01148223876953,-2.382974863052368,-49.31318283081055,83.69698333740234,8.184349060058594,-32.43853759765625,82.4602279663086,-3.0379953384399414,-34.95960998535156,75.81314849853516,,
1780510003.1920135,22039.178126815,-7.152278423309326,-47.75404357910156,82.15621185302734,-5.779125213623047,-52.18572998046875,81.17672729492188,9.690321922302246,-28.96071434020996,80.99901580810547,-1.3563611507415771,-39.60108947753906,79.38268280029297,,
1780510003.212074,22039.1986702,-8.340441703796387,-46.158897399902344,83.92188262939453,-7.21232795715332,-52.61244201660156,78.71771240234375,9.610410690307617,-28.172473907470703,79.0224609375,-0.3688075840473175,-42.69960403442383,81.23757934570312,,
1780510003.2320352,22039.219419926,-7.92919921875,-44.26469039916992,84.83775329589844,-6.9833269119262695,-50.974605560302734,77.81334686279297,7.80744743347168,-28.329010009765625,77.35227966308594,0.8266940712928772,-45.588191986083984,82.2830810546875,,
1780510003.2521033,22039.238287684,-6.623062610626221,-42.0033073425293,85.61644744873047,-7.295374393463135,-49.6839714050293,77.15091705322266,7.185060024261475,-27.7492733001709,76.55863952636719,1.1213135719299316,-45.47589111328125,82.81746673583984,,
1780510003.2719908,22039.258306085,-6.771364212036133,-41.022884368896484,85.85955047607422,-6.757017612457275,-49.3653564453125,77.16736602783203,7.762878894805908,-28.120027542114258,75.84864807128906,-0.17744970321655273,-43.944034576416016,82.42008209228516,,
1780510003.291964,22039.278401668,-7.492549419403076,-40.231746673583984,85.69786834716797,-5.582866191864014,-48.04696273803711,78.15240478515625,9.312155723571777,-29.948400497436523,75.85400390625,-1.853661298751831,-41.130714416503906,81.93115997314453,,
1780510003.3124309,22039.298641146,-8.749160766601562,-40.37126922607422,85.42861938476562,-3.797621488571167,-46.75007629394531,79.81421661376953,9.547454833984375,-31.99240493774414,75.99531555175781,-4.221914291381836,-37.249629974365234,81.33869934082031,,
1780510003.332145,22039.320334513,-10.444056510925293,-41.3289909362793,84.81361389160156,-1.843328833580017,-45.44683837890625,82.29313659667969,8.682025909423828,-33.98998260498047,76.77129364013672,-6.886617660522461,-33.19727325439453,80.07205200195312,,
1780510003.3524296,22039.338619714,-11.38745403289795,-43.35750961303711,83.81114196777344,0.22789619863033295,-43.70295333862305,85.73625183105469,7.533566951751709,-35.55653762817383,78.94691467285156,-9.498494148254395,-29.448150634765625,77.436767578125,,
1780510003.3726406,22039.359011662,-10.118682861328125,-45.412654876708984,83.07720947265625,1.155266523361206,-42.11627960205078,87.82270050048828,6.286635398864746,-37.07058334350586,81.31773376464844,-10.490382194519043,-26.463354110717773,74.82688903808594,,
1780510003.39265,22039.379214051,-8.097723960876465,-46.68906784057617,82.26252746582031,1.644910216331482,-41.783321380615234,87.82674407958984,5.637761116027832,-38.56968307495117,82.92285919189453,-9.217171669006348,-24.809492111206055,73.47469329833984,,
1780510003.4124758,22039.398730765,-6.371245384216309,-47.47888946533203,81.42787170410156,1.8290364742279053,-42.483154296875,87.25118255615234,6.142645835876465,-38.959259033203125,83.6100845336914,-7.983557224273682,-25.14124298095703,72.56549835205078,,
1780510003.4321246,22039.41850246,-5.205060005187988,-48.25389862060547,80.5047607421875,1.2526743412017822,-43.71305465698242,86.38324737548828,6.921102046966553,-37.89302444458008,83.64116668701172,-7.063348770141602,-26.822893142700195,71.80909729003906,,
1780510003.4523184,22039.438468642,-4.996955871582031,-48.7392463684082,80.23039245605469,-0.4414403438568115,-45.88761520385742,85.52632904052734,7.54888391494751,-35.54348373413086,83.16091918945312,-5.799635887145996,-29.3877010345459,72.24690246582031,,
1780510003.4722812,22039.458450339,-5.407368183135986,-49.02733612060547,80.98185729980469,-3.210728406906128,-48.96971893310547,84.12718200683594,8.158148765563965,-32.5081787109375,82.2764892578125,-3.7848451137542725,-32.798065185546875,74.63671875,,
1780510003.4923365,22039.478937976,-6.441098213195801,-49.00377655029297,82.7877426147461,-6.48105525970459,-52.091651916503906,81.85230255126953,9.656946182250977,-29.087331771850586,80.84911346435547,-1.9976249933242798,-37.21771240234375,78.2381591796875,,
1780510003.5119822,22039.498110486,-7.8646979331970215,-47.54783630371094,84.5058822631836,-8.00064754486084,-53.43024444580078,79.28929138183594,10.315052032470703,-27.55280113220215,79.03324127197266,-1.0203474760055542,-40.43178176879883,80.5447006225586,,
1780510003.5318098,22039.517963688,-7.575477123260498,-45.548187255859375,85.7926254272461,-8.278948783874512,-52.498844146728516,77.89839172363281,9.877032279968262,-27.413602828979492,77.10649871826172,0.13313260674476624,-42.420501708984375,81.4449462890625,,
1780510003.5520144,22039.538613163,-6.602625370025635,-43.55062484741211,86.3263168334961,-8.085999488830566,-51.09084701538086,77.26102447509766,8.943987846374512,-27.151031494140625,76.1919174194336,0.7860813736915588,-43.03142547607422,82.39459228515625,,
1780510003.5719435,22039.558402472,-6.54303503036499,-41.892723083496094,86.40894317626953,-7.529483795166016,-50.665584564208984,77.22379302978516,8.696043014526367,-27.342147827148438,75.52093505859375,-0.19628405570983887,-42.43986892700195,82.3597183227539,,
1780510003.5919933,22039.579246532,-7.224285125732422,-41.243167877197266,86.52811431884766,-6.440993309020996,-49.80622863769531,77.91508483886719,9.81481647491455,-28.652931213378906,75.14154052734375,-1.875392198562622,-40.1163330078125,81.81724548339844,,
1780510003.6122453,22039.598376697,-8.327634811401367,-41.2429313659668,86.18590545654297,-5.048473834991455,-48.228328704833984,79.60476684570312,10.277180671691895,-31.024555206298828,75.0989761352539,-3.9889612197875977,-36.91444778442383,81.28820037841797,,
1780510003.6327677,22039.619741833,-9.953184127807617,-42.13997268676758,85.66577911376953,-3.174420118331909,-46.69488525390625,82.31587982177734,9.511164665222168,-33.25608825683594,75.47624969482422,-6.6164774894714355,-33.20698928833008,80.15568542480469,,
1780510003.6523492,22039.638750767,-11.274701118469238,-43.95430374145508,84.66937255859375,-0.9079849720001221,-44.931304931640625,85.9155502319336,8.08981990814209,-34.47273635864258,77.4560317993164,-9.417623519897461,-29.72745704650879,77.6932373046875,,
1780510003.672227,22039.658698382,-10.624815940856934,-45.921600341796875,83.43958282470703,0.5535380840301514,-42.55575942993164,88.37493896484375,6.629485130310059,-35.90088653564453,80.36373138427734,-11.182106018066406,-26.998859405517578,74.96503448486328,,
1780510003.6922143,22039.678296746,-8.696935653686523,-46.84022903442383,82.4220199584961,1.565384864807129,-41.36703872680664,88.66558074951172,5.228456497192383,-37.42605209350586,82.50807189941406,-10.206705093383789,-25.19003677368164,73.81405639648438,,
1780510003.7120676,22039.698545144,-6.884321212768555,-47.257266998291016,81.24168395996094,2.242619276046753,-41.60586929321289,87.9698486328125,5.442099571228027,-38.6180419921875,83.56419372558594,-8.435887336730957,-25.198686599731445,73.13008117675781,,
1780510003.732055,22039.718216918,-5.665640830993652,-47.797157287597656,79.90866088867188,2.2725718021392822,-42.53902053833008,87.12654113769531,6.244601726531982,-37.96834945678711,83.77916717529297,-7.329468250274658,-26.96391487121582,72.25431823730469,,
1780510003.752064,22039.738399938,-5.238532543182373,-48.27177810668945,79.08899688720703,1.1168367862701416,-44.51238250732422,86.08183288574219,7.074769973754883,-36.123497009277344,83.49266052246094,-5.998532295227051,-29.583351135253906,72.1513442993164,,
1780510003.7720006,22039.758119242,-5.656773567199707,-48.28227996826172,79.5494155883789,-1.3916573524475098,-47.77250671386719,84.70063781738281,7.714514255523682,-33.341609954833984,82.70388793945312,-4.10236120223999,-33.16511917114258,74.1917495727539,,
1780510003.7921019,22039.779085322,-6.548549652099609,-48.52626037597656,81.38324737548828,-4.995248794555664,-51.18573760986328,82.51647186279297,9.020410537719727,-29.977313995361328,81.40351867675781,-1.933990478515625,-37.76642608642578,77.92820739746094,,
1780510003.8120377,22039.798236891,-8.004570007324219,-47.12541198730469,83.44933319091797,-7.134357452392578,-52.94694137573242,79.59806823730469,9.755400657653809,-27.892433166503906,79.70124816894531,-0.9032092690467834,-41.469482421875,80.57806396484375,,
1780510003.832002,22039.818569496,-7.970344066619873,-45.419090270996094,84.86952209472656,-7.637582302093506,-52.12331771850586,77.94358825683594,9.160089492797852,-28.044841766357422,77.67572021484375,0.2579863965511322,-43.59496307373047,81.6470947265625,,
1780510003.852903,22039.838972679,-6.682456016540527,-43.257179260253906,85.73187255859375,-7.739001274108887,-50.77519989013672,77.1925277709961,8.225029945373535,-27.857789993286133,76.41241455078125,1.1135873794555664,-44.20708465576172,82.4269027709961,,
1780510003.8725603,22039.859010842,-6.337214946746826,-41.65742874145508,86.25189971923828,-7.110248565673828,-50.73765563964844,76.49205017089844,7.823461055755615,-28.376628875732422,75.19107818603516,0.47471901774406433,-43.28184509277344,82.43373107910156,,
1780510003.892245,22039.878351603,-6.685174942016602,-40.848243713378906,86.53672790527344,-6.024286270141602,-50.553627014160156,76.43512725830078,8.915966987609863,-30.386877059936523,74.0103759765625,-1.0098332166671753,-40.4689826965332,81.84061431884766,,
1780510003.912005,22039.898427703,-7.456420421600342,-40.59918975830078,86.48424530029297,-4.496026515960693,-49.4202880859375,77.19021606445312,9.55522632598877,-33.41809844970703,73.04926300048828,-3.07428240776062,-36.46257781982422,81.31488800048828,,
1780510003.932079,22039.918612183,-8.979877471923828,-41.496646881103516,86.27786254882812,-2.1939480304718018,-47.70294189453125,79.33826446533203,8.64358901977539,-36.3393440246582,72.64198303222656,-5.997710227966309,-32.33149337768555,80.26799011230469,,
1780510003.9525213,22039.938868944,-10.92302417755127,-44.190147399902344,85.16145324707031,0.7922635078430176,-45.467529296875,83.08219146728516,6.726941108703613,-38.142215728759766,73.8854751586914,-9.132054328918457,-28.848604202270508,77.39459228515625,,
1780510003.9719799,22039.958499209,-10.32516860961914,-48.77847671508789,83.61318969726562,2.525442361831665,-41.552860260009766,86.66719055175781,4.877755165100098,-38.46291732788086,77.3132553100586,-11.796759605407715,-27.201763153076172,72.46957397460938,,
1780510003.9920728,22039.978706441,-7.750270366668701,-52.75373077392578,82.31600952148438,3.7185633182525635,-38.68928527832031,87.55511474609375,3.073066473007202,-38.48193359375,80.13771057128906,-10.76882553100586,-27.065296173095703,69.25883483886719,,
1780510004.0125167,22039.998928764,-5.415043354034424,-53.46516799926758,80.86581420898438,5.024675369262695,-37.915061950683594,86.86630249023438,3.6487045288085938,-38.570552825927734,81.20732879638672,-8.532018661499023,-28.628421783447266,68.76863861083984,,
1780510004.0320308,22040.018816221,-4.119128227233887,-53.81560516357422,78.81318664550781,5.962470054626465,-38.16032791137695,86.13180541992188,5.160770416259766,-37.376953125,81.1673583984375,-6.777577877044678,-31.243593215942383,67.47362518310547,,
1780510004.0524774,22040.040842154,-4.751336574554443,-54.63365173339844,76.8752670288086,6.019763946533203,-38.943302154541016,86.0322494506836,5.989109039306641,-35.533775329589844,81.12966918945312,-5.490777015686035,-34.501182556152344,65.51095581054688,,
1780510004.0724323,22040.059025449,-5.824532508850098,-54.03772735595703,76.01872253417969,4.786733150482178,-41.19386291503906,85.77610778808594,5.77748441696167,-33.20271682739258,80.54773712158203,-4.422061920166016,-38.222511291503906,65.38860321044922,,
1780510004.092021,22040.078164456,-6.85380220413208,-53.163307189941406,76.29015350341797,2.368271589279175,-44.70521545410156,84.50038146972656,5.672799110412598,-30.6409854888916,79.49636840820312,-2.365067720413208,-41.93043899536133,67.14300537109375,,
1780510004.1119695,22040.098178814,-7.951414108276367,-52.19773864746094,78.8224105834961,-1.4734550714492798,-49.20665740966797,81.3643798828125,7.286235809326172,-28.97650718688965,77.5703353881836,-0.23823988437652588,-46.71523666381836,71.525146484375,,
1780510004.1320686,22040.118237915,-9.901032447814941,-47.897274017333984,81.94349670410156,-3.4034998416900635,-53.56786346435547,77.2275619506836,9.331539154052734,-30.97370147705078,73.79374694824219,0.33853113651275635,-48.55127716064453,76.32987213134766,,
1780510004.1519952,22040.140191304,-8.874397277832031,-42.28239440917969,84.22348022460938,-3.137486219406128,-53.221099853515625,73.65365600585938,9.149906158447266,-34.23793029785156,71.10781860351562,2.1261990070343018,-48.09927749633789,79.23389434814453,,
1780510004.1720316,22040.158634733,-6.026289463043213,-36.34030532836914,84.52118682861328,-1.8810657262802124,-50.428321838378906,72.00550842285156,6.713904857635498,-35.97222137451172,70.27175903320312,3.7264761924743652,-47.53046798706055,82.02037048339844,,
1780510004.191974,22040.178192398,-5.026766777038574,-32.461692810058594,84.68766784667969,0.32008597254753113,-49.32477951049805,70.79927062988281,4.8830790519714355,-37.406253814697266,69.7162857055664,3.1163170337677,-45.282100677490234,83.03836059570312,,
1780510004.212618,22040.199175708,-6.549262523651123,-30.62932777404785,84.85807037353516,3.32719087600708,-48.43931579589844,70.17085266113281,4.2799391746521,-42.24761199951172,68.31622314453125,0.16372565925121307,-39.79054260253906,82.96987915039062,,
1780510004.2322795,22040.218710324,-10.263665199279785,-32.79135513305664,83.75696563720703,8.129789352416992,-44.7349739074707,74.06141662597656,3.1804111003875732,-46.82742691040039,68.49169921875,-3.831847906112671,-33.163818359375,81.3038558959961,,
1780510004.252041,22040.238241943,-12.616140365600586,-38.174503326416016,81.90740203857422,12.266916275024414,-38.7116584777832,80.81682586669922,1.6931818723678589,-47.144134521484375,71.73560333251953,-8.295777320861816,-30.030996322631836,76.9346923828125,,
1780510004.272043,22040.258425056,-11.43321418762207,-44.86461639404297,80.57415771484375,12.027499198913574,-33.490055084228516,84.27496337890625,-0.35877788066864014,-43.448150634765625,76.27177429199219,-11.028902053833008,-31.257673263549805,71.79078674316406,,
1780510004.2920234,22040.278210714,-7.877542495727539,-49.86896896362305,77.82781219482422,11.618439674377441,-31.50370216369629,84.21747589111328,-1.1113959550857544,-40.2358512878418,79.21661376953125,-8.497964859008789,-32.812599182128906,67.85467529296875,,
1780510004.312601,22040.299217555,-3.5603668689727783,-52.451988220214844,74.97735595703125,11.583525657653809,-32.30121612548828,84.29208374023438,0.15534839034080505,-37.808326721191406,79.80995178222656,-5.6502366065979,-35.56318664550781,66.2000732421875,,
1780510004.3324926,22040.318807933,-1.787909984588623,-53.07119369506836,71.39925384521484,11.273737907409668,-34.273616790771484,83.7704086303711,2.1529018878936768,-36.03194808959961,79.56843566894531,-3.1383798122406006,-38.37004470825195,64.86134338378906,,
1780510004.3524215,22040.338732767,-4.09520959854126,-53.04957580566406,69.68206024169922,10.146208763122559,-37.87949752807617,84.12918090820312,3.079864740371704,-34.20686340332031,78.85775756835938,-2.098747968673706,-42.406578063964844,62.9641227722168,,
1780510004.3723729,22040.358602004,-6.2771711349487305,-52.570831298828125,69.99269104003906,7.358401775360107,-41.96433639526367,83.47246551513672,2.622365713119507,-32.18474578857422,78.20396423339844,-0.24281343817710876,-47.060546875,63.97084045410156,,
1780510004.392103,22040.378319534,-8.505021095275879,-52.42923355102539,73.18336486816406,3.893651247024536,-47.17844772338867,80.1864013671875,4.48973274230957,-32.52424240112305,75.4714584350586,2.311033248901367,-52.053218841552734,68.4996337890625,,
1780510004.4122114,22040.398863943,-10.958154678344727,-48.64570617675781,77.96255493164062,2.3366944789886475,-53.69672393798828,74.30805969238281,6.340241432189941,-37.763755798339844,69.55242919921875,3.29215669631958,-53.45142364501953,73.5401840209961,,
1780510004.4320343,22040.418300908,-9.253033638000488,-41.674503326416016,83.0437240600586,2.183318614959717,-55.83226776123047,68.09791564941406,5.53956413269043,-43.04243087768555,63.69926071166992,5.650792121887207,-50.82434844970703,78.41544342041016,,
1780510004.4520931,22040.438476476,-4.639835834503174,-34.63595962524414,84.8643798828125,3.571981430053711,-52.21928787231445,65.63491821289062,2.8968770503997803,-43.069541931152344,63.05677795410156,7.465426445007324,-47.91785430908203,83.33496856689453,,
1780510004.4720137,22040.458528515,-1.7203329801559448,-30.497663497924805,85.28728485107422,6.392401695251465,-48.396217346191406,65.0385513305664,2.0027222633361816,-42.394187927246094,64.21826171875,7.013127326965332,-44.129154205322266,85.19339752197266,,
1780510004.4920714,22040.478911045,-3.9880893230438232,-29.525068283081055,86.2410659790039,10.212646484375,-48.06230545043945,63.99470138549805,0.9132257699966431,-49.30109786987305,60.59512710571289,3.100881576538086,-36.73648452758789,85.58992004394531,,
1780510004.512104,22040.498764808,-10.190095901489258,-34.57700729370117,84.06017303466797,16.038049697875977,-44.26408767700195,69.65857696533203,-1.5140472650527954,-53.22685623168945,61.23618698120117,-1.718338966369629,-29.367155075073242,82.17680358886719,,
1780510004.531925,22040.518215936,-12.01257610321045,-42.9331169128418,81.9793930053711,18.313800811767578,-35.33102798461914,78.04971313476562,-3.3774073123931885,-50.15398406982422,66.11891174316406,-7.76688289642334,-29.4281005859375,75.98770904541016,,
1780510004.5519032,22040.538928176,-9.492000579833984,-51.989784240722656,78.84159851074219,16.408266067504883,-29.63302230834961,82.87334442138672,-6.401342868804932,-43.03655242919922,72.2404556274414,-11.125761032104492,-33.63788604736328,67.53323364257812,,
1780510004.5718503,22040.558279844,-4.238642692565918,-56.41037368774414,75.10148620605469,15.06835651397705,-26.882244110107422,83.27649688720703,-6.024728775024414,-37.46794891357422,76.1009521484375,-6.555137634277344,-36.796302795410156,63.18574142456055,,
1780510004.5918543,22040.57803481,0.36816415190696716,-55.0839958190918,71.39289093017578,14.101489067077637,-28.514257431030273,83.1740493774414,-3.1093544960021973,-35.49587631225586,77.02129364013672,-2.4227468967437744,-39.15631103515625,63.613956451416016,,
1780510004.6119525,22040.598860909,0.35275205969810486,-54.33198547363281,68.37800598144531,13.911590576171875,-30.92339515686035,82.5157699584961,0.0655762180685997,-34.446495056152344,76.6906509399414,0.19839058816432953,-42.1536865234375,62.38443374633789,,
1780510004.6322746,22040.618638975,-4.471680641174316,-55.179256439208984,67.51460266113281,13.111215591430664,-35.008644104003906,83.6744155883789,1.1115247011184692,-33.011085510253906,76.25312042236328,0.3658047616481781,-46.70903396606445,58.995948791503906,,
1780510004.65203,22040.6382982,-7.018904209136963,-54.02461242675781,68.4451675415039,10.387893676757812,-39.41191864013672,82.89690399169922,1.5092689990997314,-32.2016716003418,75.65739440917969,2.241239070892334,-51.64398193359375,61.4788818359375,,
1780510004.672019,22040.658620861,-8.969605445861816,-52.2250862121582,72.28766632080078,6.8092122077941895,-46.42462921142578,78.32456970214844,4.258434295654297,-34.41092300415039,71.74700927734375,4.777159690856934,-55.42731475830078,67.29240417480469,,
1780510004.6920316,22040.678243141,-10.605220794677734,-46.77347946166992,77.63768005371094,5.089582920074463,-54.1452751159668,71.50006103515625,6.094308376312256,-41.04515075683594,65.14075469970703,5.491973876953125,-54.631080627441406,72.9991683959961,,
1780510004.711896,22040.69804339,-7.62100887298584,-38.02402114868164,83.27339935302734,5.3505988121032715,-54.63950729370117,65.56083679199219,4.414535045623779,-46.042903900146484,60.05693817138672,8.190582275390625,-51.41889953613281,79.49137878417969,,
1780510004.731868,22040.718381201,-3.1300764083862305,-32.2176628112793,84.24532318115234,6.761246204376221,-50.24824905395508,64.69100189208984,2.2935385704040527,-43.931114196777344,61.50337600708008,8.934087753295898,-48.483367919921875,84.14435577392578,,
1780510004.751788,22040.738011071,-1.2456871271133423,-28.797103881835938,85.11261749267578,9.844646453857422,-47.355255126953125,63.592987060546875,1.0420962572097778,-43.73004150390625,62.742523193359375,6.980101585388184,-44.5789680480957,85.52069854736328,,
1780510004.7718837,22040.758358462,-5.143858432769775,-29.998435974121094,85.84962463378906,13.717103958129883,-47.40364456176758,63.73411560058594,0.40266141295433044,-52.074851989746094,58.11140823364258,2.240709066390991,-35.548099517822266,85.64617156982422,,
1780510004.7918923,22040.778303386,-11.364792823791504,-36.711448669433594,82.70936584472656,19.29705047607422,-41.99778366088867,71.3368148803711,-2.452338933944702,-53.66029739379883,60.32972717285156,-2.926703453063965,-28.426666259765625,80.82799530029297,,
1780510004.811871,22040.798127398,-11.604181289672852,-46.145565032958984,81.58649444580078,19.131244659423828,-32.55630874633789,79.73383331298828,-4.73128080368042,-48.65044021606445,66.4269027709961,-8.752504348754883,-30.014739990234375,74.61263275146484,,
1780510004.8319309,22040.818189694,-8.09163761138916,-53.63484573364258,77.56851959228516,16.020883560180664,-28.147323608398438,83.05797576904297,-7.103816986083984,-41.543453216552734,73.2602310180664,-10.040943145751953,-34.183616638183594,66.6440200805664,,
1780510004.8518727,22040.838228694,-1.910685420036316,-55.860328674316406,73.40695190429688,14.70155143737793,-26.36590576171875,83.4388656616211,-6.440967082977295,-36.32732009887695,76.573974609375,-5.069465637207031,-37.20193099975586,64.08690643310547,,
1780510004.8719096,22040.85921926,2.626434326171875,-53.78267288208008,69.39207458496094,13.358423233032227,-28.681852340698242,82.83377838134766,-3.229031801223755,-34.91756820678711,77.46700286865234,-1.0690522193908691,-39.71141815185547,64.89765930175781,,
1780510004.8919394,22040.878651976,1.2517006397247314,-53.5305290222168,67.20870971679688,13.125890731811523,-31.593942642211914,82.37747955322266,-0.602371096611023,-33.68107223510742,76.99903106689453,0.6174641251564026,-43.60508728027344,62.92466735839844,,
1780510004.91203,22040.898315064,-4.248630523681641,-54.07685089111328,66.90747833251953,11.68588638305664,-35.97513961791992,83.49906158447266,0.5247395038604736,-32.702205657958984,76.63908386230469,1.2928918600082397,-48.381500244140625,60.7252311706543,,
1780510004.931832,22040.918491251,-6.744162559509277,-52.76571273803711,69.55198669433594,8.900055885314941,-41.01948165893555,81.06879425048828,2.443885326385498,-33.233856201171875,74.7154312133789,3.6301584243774414,-53.34318923950195,64.87759399414062,,
1780510004.9517972,22040.938183531,-9.224159240722656,-49.98391342163086,74.00647735595703,6.217491626739502,-49.237342834472656,75.75924682617188,5.298067569732666,-37.48040008544922,69.31398010253906,5.1868414878845215,-55.36809158325195,70.31768035888672,,
1780510004.9718776,22040.959691752,-9.18388557434082,-42.693485260009766,79.98233032226562,4.956044673919678,-55.13223648071289,68.75712585449219,5.786648750305176,-43.92048263549805,62.41733169555664,6.518826484680176,-52.98186492919922,76.07149505615234,,
1780510004.9918852,22040.978365209,-5.39933967590332,-34.64045333862305,83.68029022216797,5.427795886993408,-53.46199417114258,64.98855590820312,3.1688151359558105,-46.031105041503906,59.8287239074707,8.545759201049805,-49.97842788696289,81.79492950439453,,
1780510005.0118845,22040.998092789,-1.3482036590576172,-30.775785446166992,84.31779479980469,7.184962749481201,-48.63147735595703,65.09832763671875,1.8444300889968872,-42.52360916137695,63.37919235229492,8.754228591918945,-47.30343246459961,84.99502563476562,,
1780510005.0319502,22041.018093009,-1.5467311143875122,-28.372028350830078,85.31372833251953,10.170742988586426,-47.94760513305664,63.119991302490234,0.8072308301925659,-46.425254821777344,61.432899475097656,5.542995452880859,-41.96208190917969,85.81330108642578,,
1780510005.0518627,22041.038037512,-7.663569450378418,-32.70750045776367,85.10801696777344,15.17523193359375,-46.79147720336914,66.05020904541016,-0.4198205769062042,-53.67133712768555,58.20384979248047,0.7475824356079102,-32.18534851074219,84.12747192382812,,
1780510005.0718672,22041.058092413,-12.137211799621582,-40.06242370605469,81.77397155761719,19.404621124267578,-38.533180236816406,74.7751235961914,-3.1601765155792236,-52.42554473876953,62.495941162109375,-5.088949203491211,-28.331565856933594,78.40682983398438,,
1780510005.0921416,22041.078251575,-10.405379295349121,-49.25217819213867,81.36798858642578,17.919605255126953,-29.997896194458008,81.56961822509766,-6.380147457122803,-45.78772735595703,69.15687561035156,-10.475629806518555,-32.804527282714844,71.91537475585938,,
1780510005.1118662,22041.098329326,-5.670078754425049,-55.39223861694336,76.30597686767578,15.879356384277344,-26.696979522705078,83.10077667236328,-7.771872520446777,-39.27028274536133,74.71285247802734,-9.039889335632324,-36.271663665771484,64.29682922363281,,
1780510005.1319346,22041.118237729,-0.4842662811279297,-56.637508392333984,72.53682708740234,14.962418556213379,-26.25628662109375,83.43986511230469,-5.301024913787842,-35.3106689453125,76.59391021728516,-3.2571280002593994,-39.17658233642578,62.863807678222656,,
1780510005.1517987,22041.138183451,1.9956085681915283,-54.09477996826172,69.28556823730469,14.287637710571289,-28.818687438964844,82.42696380615234,-1.4468357563018799,-34.807533264160156,76.87342071533203,0.019902316853404045,-41.42428207397461,63.881324768066406,,
1780510005.1718745,22041.158176678,-1.7471299171447754,-54.62961196899414,67.31748962402344,13.96916675567627,-32.58759689331055,82.99723815917969,0.6436591148376465,-33.6657600402832,76.293701171875,0.625393271446228,-45.25947570800781,60.67786407470703,,
1780510005.1918762,22041.178346038,-6.158910274505615,-54.91426467895508,67.35877227783203,12.03049087524414,-36.91781997680664,83.70821380615234,0.7961430549621582,-32.527732849121094,75.90866088867188,1.7762271165847778,-50.194488525390625,59.741424560546875,,
1780510005.211962,22041.198117131,-7.736246109008789,-52.93745040893555,70.75991821289062,8.298117637634277,-42.9743537902832,79.95463562011719,2.853151798248291,-33.68266677856445,73.27689361572266,4.599327087402344,-55.183746337890625,65.50691986083984,,
1780510005.2319522,22041.218224067,-10.116911888122559,-49.450679779052734,75.3818588256836,6.14319372177124,-51.59961700439453,73.84943389892578,5.49414587020874,-39.266761779785156,67.12845611572266,5.471963405609131,-55.72921371459961,70.90719604492188,,
1780510005.2518826,22041.238225893,-8.599589347839355,-40.76405715942383,81.66339874267578,5.198554515838623,-55.24787139892578,66.87244415283203,5.170479774475098,-45.60014343261719,60.531776428222656,7.515039443969727,-52.62206268310547,77.46305847167969,,
1780510005.2718492,22041.258331815,-4.3330078125,-33.52146530151367,84.15704345703125,6.45688533782959,-51.95149230957031,64.33444213867188,2.7847373485565186,-45.855892181396484,59.93526077270508,9.125137329101562,-49.6385498046875,83.07865905761719,,
1780510005.2918506,22041.27818884,-0.9852188229560852,-29.9776611328125,84.893798828125,9.114738464355469,-47.46340560913086,64.20014190673828,1.8698878288269043,-43.005306243896484,63.224483489990234,8.542570114135742,-46.5572624206543,85.28057861328125,,
1780510005.3119478,22041.298112259,-2.7544777393341064,-28.602651596069336,85.96748352050781,12.481400489807129,-47.89030075073242,62.38400650024414,0.8359429836273193,-49.48942947387695,59.043785095214844,4.3758769035339355,-39.40334701538086,86.01541137695312,,
1780510005.3318908,22041.318168441,-9.615768432617188,-34.12824630737305,84.39409637451172,18.01775550842285,-45.26249313354492,67.3128890991211,-1.462665319442749,-54.412818908691406,58.00531768798828,-0.707684338092804,-30.350093841552734,83.15572357177734,,
1780510005.3519518,22041.338745628,-12.1203031539917,-42.44799041748047,81.8281478881836,20.333539962768555,-35.737037658691406,76.60871887207031,-3.905406951904297,-51.43852615356445,63.391231536865234,-6.634200096130371,-28.70313835144043,77.09426879882812,,
1780510005.3718576,22041.358105304,-10.0537691116333,-51.81063461303711,79.47343444824219,17.65793800354004,-29.370746612548828,82.34662628173828,-6.9249067306518555,-44.3167610168457,69.97917175292969,-10.843891143798828,-32.92850875854492,69.4560775756836,,
1780510005.3918328,22041.378183614,-3.9993736743927,-56.338661193847656,74.69923400878906,15.631171226501465,-25.836965560913086,82.94324493408203,-7.852935791015625,-38.01503372192383,75.29991912841797,-7.355740547180176,-36.172393798828125,63.889503479003906,,
1780510005.4118903,22041.398238614,1.65481436252594,-55.494258880615234,70.52574920654297,14.18321704864502,-26.903827667236328,82.98540496826172,-5.379715442657471,-35.16902542114258,76.80026245117188,-2.2916150093078613,-39.18754959106445,63.92927551269531,,
1780510005.4318728,22041.418158821,2.7211430072784424,-53.885318756103516,67.3555679321289,13.532510757446289,-29.45363998413086,82.27129364013672,-1.7152223587036133,-34.17624282836914,76.80252838134766,0.6095246076583862,-42.318904876708984,63.635108947753906,,
1780510005.451881,22041.438095486,-1.8869833946228027,-54.4063720703125,66.20501708984375,12.97248649597168,-33.47166442871094,83.06441497802734,-0.14077991247177124,-33.00063705444336,76.3415756225586,1.1351683139801025,-47.033935546875,60.967864990234375,,
1780510005.4718685,22041.45850843,-5.777951717376709,-53.404354095458984,67.53964233398438,10.618324279785156,-38.05524826049805,82.28916931152344,1.3639123439788818,-33.2105712890625,75.4957046508789,3.2241265773773193,-52.099674224853516,63.327579498291016,,
1780510005.491997,22041.47827863,-8.125248908996582,-50.94490051269531,72.03508758544922,7.544705390930176,-45.771331787109375,77.2823257446289,3.9972593784332275,-36.31589126586914,70.83794403076172,5.560081481933594,-55.781578063964844,69.02568054199219,,
1780510005.5118518,22041.498215954,-9.554641723632812,-45.29312515258789,77.50927734375,5.881734848022461,-53.61872100830078,70.44916534423828,5.651251316070557,-42.93553161621094,63.760196685791016,6.259007930755615,-54.24046325683594,74.4258041381836,,
1780510005.5320098,22041.518269792,-6.215049743652344,-36.154685974121094,82.99992370605469,6.077874183654785,-53.911216735839844,65.14424896240234,3.623879909515381,-47.08585739135742,59.340049743652344,8.744836807250977,-51.143341064453125,80.53343963623047,,
1780510005.5520756,22041.538940667,-2.041184425354004,-31.368999481201172,83.90020751953125,7.09538459777832,-49.51169967651367,65.06356048583984,1.9627171754837036,-43.88984298706055,61.916812896728516,9.174871444702148,-48.372249603271484,84.58197784423828,,
1780510005.572012,22041.55905424,-0.8011909127235413,-28.498966217041016,85.06608581542969,10.051016807556152,-47.55674362182617,63.40431213378906,0.9449967741966248,-45.03411865234375,61.96683120727539,6.839449882507324,-44.05084228515625,85.665283203125,,
1780510005.5919325,22041.578688227,-5.389641761779785,-30.777870178222656,85.56868743896484,13.995661735534668,-47.51516342163086,63.8931770324707,0.3628300130367279,-53.31414794921875,57.3519287109375,2.2755753993988037,-34.76502227783203,85.58082580566406,,
1780510005.6119843,22041.598241258,-11.432890892028809,-37.602054595947266,82.6214599609375,19.632402420043945,-41.33719253540039,71.98762512207031,-2.6634976863861084,-54.008907318115234,60.10297775268555,-3.149902820587158,-28.30735206604004,80.61180877685547,,
1780510005.631946,22041.618497335,-11.37501335144043,-47.21648025512695,81.86686706542969,18.987957000732422,-32.22245407104492,80.05786895751953,-5.056609153747559,-48.561771392822266,66.37579345703125,-8.986084938049316,-30.28864288330078,74.48250579833984,,
1780510005.651889,22041.638718782,-7.894496440887451,-54.90742492675781,77.10015869140625,15.653977394104004,-28.065227508544922,83.24250030517578,-7.027251720428467,-41.16868209838867,73.22406768798828,-9.285754203796387,-34.12996292114258,66.14189910888672,,
1780510005.6718907,22041.658338651,-1.7499407529830933,-57.146728515625,73.32813262939453,14.735016822814941,-26.425912857055664,83.64688873291016,-6.267217636108398,-35.88532257080078,76.22505950927734,-4.504767417907715,-37.74226760864258,63.12868881225586,,
1780510005.6920946,22041.678629832,2.268578290939331,-54.55120086669922,69.80968475341797,13.769701957702637,-28.645132064819336,82.89588165283203,-2.7110745906829834,-34.68110656738281,76.89768981933594,-1.0214018821716309,-40.16655349731445,63.98590850830078,,
1780510005.7119074,22041.698826233,-0.052664171904325485,-54.50160217285156,67.57390594482422,13.67081356048584,-31.697961807250977,82.67251586914062,0.1865057796239853,-33.60902786254883,76.39266967773438,0.5356591939926147,-43.69465255737305,61.56607437133789,,
1780510005.7318854,22041.718657886,-5.375973701477051,-55.418514251708984,67.1435546875,12.28551197052002,-35.887603759765625,83.96930694580078,0.8713319301605225,-32.40484619140625,76.1134033203125,1.1160062551498413,-48.315040588378906,58.95671463012695,,
1780510005.751855,22041.738576937,-7.2891106605529785,-53.96595764160156,69.31641387939453,9.257569313049316,-40.8088264465332,81.63329315185547,2.4021761417388916,-32.64514923095703,74.5475082397461,3.471958875656128,-53.32295227050781,63.28201675415039,,
1780510005.7718246,22041.758923802,-9.505570411682129,-51.20383834838867,73.75718688964844,6.403519153594971,-49.21571350097656,76.11407470703125,5.259596347808838,-36.78626251220703,69.34650421142578,5.127808094024658,-55.684547424316406,69.10465240478516,,
1780510005.7918272,22041.780890388,-9.860715866088867,-43.67164993286133,79.81010437011719,4.805752754211426,-55.5550422668457,68.87693786621094,6.062489032745361,-43.59360885620117,62.42084503173828,6.3803324699401855,-53.422855377197266,75.26620483398438,,
1780510005.811916,22041.799683805,-5.849494934082031,-35.131935119628906,83.76322174072266,5.562308311462402,-53.655189514160156,64.80720520019531,3.7361671924591064,-46.31087875366211,59.49017333984375,8.73015022277832,-50.25524139404297,81.48917388916016,,
1780510005.8319561,22041.818330859,-1.5083128213882446,-30.879270553588867,84.23552703857422,7.402265548706055,-48.58617401123047,65.19944763183594,2.484015941619873,-42.98337936401367,63.0871696472168,9.062461853027344,-47.772850036621094,84.88279724121094,,
1780510005.8519561,22041.83826922,-1.4176828861236572,-28.249448776245117,85.34430694580078,10.368485450744629,-47.74510192871094,63.24336242675781,1.3577927350997925,-46.45433807373047,61.03097915649414,5.943908214569092,-42.531192779541016,85.71900939941406,,
1780510005.8719132,22041.859074041,-7.688544273376465,-32.36143493652344,85.27276611328125,15.390302658081055,-47.279212951660156,65.51294708251953,-0.2687684893608093,-53.94313049316406,57.23739242553711,0.8167353272438049,-32.55580139160156,84.43956756591797,,
1780510005.8918886,22041.87869817,-12.204009056091309,-39.688392639160156,82.03959655761719,19.81261444091797,-39.26035690307617,74.32675170898438,-3.164523124694824,-52.859004974365234,61.48936080932617,-5.02557897567749,-28.06771469116211,78.86136627197266,,
1780510005.9119098,22041.89878647,-10.87251091003418,-49.31237030029297,81.39811706542969,18.281604766845703,-31.264060974121094,81.35401916503906,-5.897761821746826,-46.71470260620117,67.83831787109375,-10.504929542541504,-31.35216522216797,72.21346282958984,,
1780510005.9319541,22041.918435267,-6.105428695678711,-55.75619888305664,76.33150482177734,15.69350528717041,-27.223176956176758,83.23792266845703,-7.825770378112793,-39.70646286010742,74.20185089111328,-9.393465042114258,-35.0701789855957,64.59148406982422,,
1780510005.9519293,22041.938287947,-0.3058261573314667,-56.737361907958984,72.1258544921875,14.456189155578613,-26.56856918334961,83.51660919189453,-5.989858627319336,-35.52075958251953,76.64691925048828,-3.495542526245117,-38.195587158203125,63.3624153137207,,
1780510005.9719296,22041.958314868,3.0008926391601562,-53.97040557861328,68.58869171142578,13.459141731262207,-29.06389045715332,82.54913330078125,-2.347865581512451,-34.53020095825195,77.02811431884766,-0.14174595475196838,-40.942840576171875,64.1722412109375,,
1780510005.9919136,22041.978449515,-0.351071834564209,-54.2861213684082,66.48928833007812,13.10735034942627,-32.468990325927734,82.83670043945312,-0.2086804211139679,-33.362030029296875,76.66131591796875,1.0278892517089844,-45.10629653930664,61.5683479309082,,
1780510006.0118942,22041.998905225,-5.171500205993652,-54.336387634277344,66.86891174316406,11.392653465270996,-36.837745666503906,83.35057067871094,0.5397012829780579,-32.637847900390625,76.14241790771484,2.151613235473633,-50.18552017211914,61.030113220214844,,
1780510006.0321853,22042.018820065,-7.322288990020752,-52.38270568847656,70.61474609375,8.127851486206055,-43.04270553588867,79.32882690429688,3.1355783939361572,-34.46918869018555,73.0142593383789,5.0371785163879395,-55.126121520996094,66.80545806884766,,
1780510006.0522017,22042.038370734,-9.686880111694336,-48.12622833251953,75.55682373046875,6.403885364532471,-51.57081604003906,73.15380859375,5.5054240226745605,-40.595306396484375,66.49098205566406,5.825071334838867,-55.447017669677734,72.23973846435547,,
1780510006.0722132,22042.058847631,-7.751856803894043,-39.64338302612305,81.95621490478516,5.682781219482422,-54.81754684448242,66.43708038330078,4.927964210510254,-46.25151824951172,59.82524108886719,8.082036972045898,-52.16624450683594,78.24922943115234,,
1780510006.0921855,22042.078735764,-3.6255385875701904,-32.73898696899414,83.99320983886719,6.677865505218506,-51.452674865722656,64.70008087158203,2.5573253631591797,-45.49843215942383,60.10258102416992,9.162490844726562,-49.406089782714844,83.40461730957031,,
1780510006.1120784,22042.0988347,-0.6887132525444031,-29.465736389160156,84.91796112060547,9.225849151611328,-47.470577239990234,64.52576446533203,1.6294931173324585,-43.28179168701172,63.09228515625,8.123699188232422,-46.37487030029297,85.25325012207031,,
1780510006.132017,22042.11894363,-3.168083667755127,-28.944744110107422,85.85643005371094,12.639372825622559,-48.02585983276367,62.88632583618164,0.8914803266525269,-50.4898796081543,58.464271545410156,3.922640323638916,-38.71907043457031,85.9123306274414,,
1780510006.1522403,22042.138646668,-10.122708320617676,-34.915103912353516,83.81541442871094,18.434701919555664,-44.491600036621094,68.60661315917969,-1.3776438236236572,-54.47372817993164,58.215599060058594,-0.9662922620773315,-29.97962188720703,82.62188720703125,,
1780510006.172121,22042.158709317,-12.099319458007812,-43.61244201660156,81.72119903564453,20.19477653503418,-34.96782684326172,77.6237564086914,-3.9527218341827393,-50.89247131347656,63.87849807739258,-6.999139785766602,-28.973112106323242,76.53128051757812,,
1780510006.1927247,22042.179043845,-9.749855041503906,-52.839324951171875,78.63164520263672,16.797319412231445,-28.936363220214844,82.7717514038086,-6.704738616943359,-43.381649017333984,70.82296752929688,-9.986180305480957,-33.068275451660156,68.75856018066406,,
1780510006.2120569,22042.198680946,-3.3899638652801514,-56.566471099853516,74.25836181640625,15.14134407043457,-26.073318481445312,83.15877532958984,-7.377348899841309,-37.393123626708984,75.63121032714844,-6.407922744750977,-36.31068801879883,63.9546012878418,,
1780510006.2323499,22042.219253828,1.707839012145996,-55.11972427368164,69.77019500732422,13.717850685119629,-27.637121200561523,83.04721069335938,-4.780131816864014,-35.2293701171875,76.98320770263672,-1.5464556217193604,-38.961822509765625,64.45608520507812,,
1780510006.2520428,22042.238978893,2.4443089962005615,-53.75263595581055,66.87722778320312,13.234034538269043,-30.235876083374023,82.37905883789062,-1.6462593078613281,-34.0545539855957,76.8176040649414,0.7438174486160278,-42.595489501953125,63.5240478515625,,
1780510006.2720795,22042.258425271,-3.4556140899658203,-54.40697479248047,66.29805755615234,12.326229095458984,-34.550994873046875,83.51668548583984,0.10945335775613785,-33.07554626464844,76.51971435546875,1.3487547636032104,-47.36823654174805,60.29171371459961,,
1780510006.292095,22042.27840434,-6.731434345245361,-53.265281677246094,68.00605010986328,9.903499603271484,-39.02983856201172,82.1711196899414,1.7926578521728516,-33.27824783325195,75.48048400878906,3.576491355895996,-52.53195571899414,63.50983428955078,,
1780510006.3120522,22042.298337608,-8.933165550231934,-50.750972747802734,72.19127655029297,6.764719486236572,-46.62796401977539,77.09051513671875,4.806151866912842,-36.63774871826172,70.63849639892578,5.550821304321289,-55.71550369262695,69.31571960449219,,
1780510006.3320608,22042.318634782,-9.827396392822266,-44.39514923095703,78.09270477294922,5.191538333892822,-54.06378936767578,70.109130859375,6.0081071853637695,-43.24498748779297,63.48918533325195,6.272204399108887,-54.033748626708984,74.8299789428711,,
1780510006.3520389,22042.34195813,-6.258798122406006,-35.595855712890625,83.12242126464844,5.4920525550842285,-53.780548095703125,65.30513763427734,3.7482717037200928,-46.859710693359375,59.53376007080078,8.62551498413086,-51.08003616333008,80.80074310302734,,
1780510006.3720832,22042.358770886,-1.9335631132125854,-31.05219841003418,83.77115631103516,6.6686320304870605,-49.18593215942383,65.62561798095703,2.3155980110168457,-43.52606201171875,62.50071716308594,9.10373306274414,-48.4536247253418,84.51476287841797,,
1780510006.39223,22042.378840849,-1.0281474590301514,-28.302654266357422,85.00275421142578,9.620919227600098,-47.61444854736328,63.911827087402344,1.5392439365386963,-45.793338775634766,61.518150329589844,6.598298072814941,-43.73696517944336,85.44756317138672,,
1780510006.411956,22042.398624293,-6.250840187072754,-31.207101821899414,85.41445922851562,14.199494361877441,-47.49356460571289,64.67691040039062,0.48192277550697327,-53.699424743652344,57.058753967285156,1.765284538269043,-34.334251403808594,85.093505859375,,
1780510006.4320421,22042.418627565,-12.118851661682129,-38.27574157714844,82.12635803222656,19.4294376373291,-40.68739318847656,72.99198913574219,-2.5768604278564453,-53.579368591308594,60.460914611816406,-3.784280776977539,-28.276981353759766,80.00084686279297,,
1780510006.4520504,22042.439192355,-11.429851531982422,-47.82950210571289,81.69831848144531,18.609102249145508,-31.97093391418457,80.55719757080078,-5.4564409255981445,-47.99446487426758,66.79403686523438,-9.612666130065918,-30.60057258605957,73.71468353271484,,
1780510006.472038,22042.460106184,-7.292430877685547,-55.01390838623047,77.056640625,15.844405174255371,-27.768905639648438,83.22229766845703,-7.827958583831787,-40.625999450683594,73.44788360595703,-10.101089477539062,-34.777164459228516,65.47401428222656,,
1780510006.492057,22042.478601983,-1.5359052419662476,-56.897098541259766,72.84706115722656,14.60007095336914,-26.42000961303711,83.65088653564453,-6.336707592010498,-35.87889862060547,76.51380920410156,-4.219510078430176,-37.66578674316406,63.41844940185547,,
1780510006.5120869,22042.498744007,2.543509006500244,-54.141334533691406,69.30537414550781,13.492050170898438,-28.841806411743164,82.68336486816406,-2.683650255203247,-34.7269401550293,77.08358764648438,-0.5974683165550232,-40.18474197387695,64.37801361083984,,
1780510006.5320196,22042.518400461,0.11833324283361435,-54.08000564575195,66.9332504272461,13.085409164428711,-32.096435546875,82.56310272216797,-0.22451546788215637,-33.57860565185547,76.7732162475586,0.9476923942565918,-43.963104248046875,62.08506774902344,,
1780510006.5519986,22042.538803379,-5.026423931121826,-54.6380500793457,66.91535186767578,11.538466453552246,-36.433509826660156,83.61453247070312,0.5982090830802917,-32.592525482177734,76.34391784667969,1.6178381443023682,-48.85397720336914,60.250640869140625,,
1780510006.571991,22042.558704168,-7.162581920623779,-52.873512268066406,69.92221069335938,8.3259859085083,-41.865638732910156,80.35364532470703,2.8126394748687744,-33.687042236328125,74.03822326660156,4.337288856506348,-54.02658462524414,65.55217742919922,,
1780510006.591971,22042.578789956,-9.672904014587402,-49.35561752319336,74.6375961303711,6.170505046844482,-50.46489715576172,74.54795837402344,5.648322582244873,-39.02850341796875,68.05386352539062,5.329874038696289,-55.359886169433594,71.07184600830078,,
1780510006.612044,22042.59911182,-8.75593090057373,-41.29383850097656,80.80374908447266,5.01062536239624,-55.162017822265625,67.65290832519531,5.68446683883667,-45.26433563232422,61.0385627746582,7.029735565185547,-52.504878997802734,76.99584197998047,,
1780510006.632016,22042.61911561,-4.689214706420898,-33.584625244140625,83.7947998046875,5.90745735168457,-52.52467346191406,64.91709899902344,3.1914751529693604,-46.123207092285156,59.66138458251953,8.789423942565918,-49.72297668457031,82.4596939086914,,
1780510006.6523507,22042.639263994,-1.087826132774353,-30.208263397216797,84.57682037353516,8.103341102600098,-47.96747970581055,65.14569854736328,2.2241201400756836,-42.84563446044922,63.25847244262695,8.499886512756348,-47.07771682739258,84.9034652709961,,
1780510006.672299,22042.658903145,-2.3631229400634766,-28.541851043701172,85.62553405761719,11.22435474395752,-48.19911575317383,63.190738677978516,1.2741148471832275,-48.61378860473633,59.490474700927734,4.576073169708252,-40.56150436401367,85.657958984375,,
1780510006.692104,22042.678603575,-9.168130874633789,-33.944374084472656,84.50418090820312,16.83365249633789,-46.117881774902344,67.38043212890625,-0.7296214699745178,-54.20281982421875,57.601890563964844,-0.4338732659816742,-30.887392044067383,83.29187774658203,,
1780510006.712213,22042.701073391,-12.24942684173584,-42.06692886352539,81.70496368408203,19.80177116394043,-36.70179748535156,76.71636199951172,-3.5165035724639893,-51.701454162597656,62.84788131713867,-6.3873443603515625,-28.264137268066406,77.37446594238281,,
1780510006.731989,22042.71882268,-10.610368728637695,-51.48748016357422,79.86112976074219,17.25507354736328,-30.031471252441406,82.75716400146484,-6.344803333282471,-44.772560119628906,69.43136596679688,-10.817943572998047,-32.261173248291016,70.40989685058594,,
1780510006.75205,22042.738907873,-4.685327529907227,-56.38467788696289,75.17418670654297,15.08487606048584,-26.516300201416016,83.30144500732422,-7.5609331130981445,-38.516231536865234,75.30538177490234,-7.7073750495910645,-35.34157180786133,64.36152648925781,,
1780510006.7719762,22042.759669371,0.8387796878814697,-55.971797943115234,70.9072494506836,13.876412391662598,-27.202730178833008,83.31285858154297,-5.357900142669678,-35.238101959228516,76.91703033447266,-2.3699469566345215,-38.53757858276367,63.98244857788086,,
1780510006.792052,22042.778875771,2.6069231033325195,-53.972511291503906,67.44270324707031,13.225895881652832,-29.689714431762695,82.56011199951172,-1.8205019235610962,-34.18473815917969,77.05652618408203,0.4083777964115143,-41.64829635620117,63.91083526611328,,
1780510006.812169,22042.799175433,-1.7532565593719482,-54.341373443603516,66.23348999023438,12.661050796508789,-33.66328048706055,83.13981628417969,-0.10588660836219788,-33.03681945800781,76.43311309814453,0.9002711176872253,-46.366519927978516,61.13128662109375,,
1780510006.8320096,22042.818563883,-6.024918556213379,-53.68088912963867,67.64295196533203,10.554027557373047,-38.22661209106445,82.58565521240234,1.191765546798706,-32.912235260009766,75.71551513671875,2.7818398475646973,-51.683746337890625,62.53824996948242,,
1780510006.8520231,22042.839465852,-8.309144020080566,-51.238563537597656,72.20838165283203,7.175364017486572,-45.77447509765625,77.69149017333984,3.8131349086761475,-35.58620834350586,71.3341064453125,5.364778995513916,-55.91439437866211,68.27581024169922,,
1780510006.8722165,22042.858807502,-9.849906921386719,-45.871212005615234,77.32059478759766,5.456748962402344,-53.58100128173828,71.136474609375,5.8138532638549805,-42.21915817260742,64.46066284179688,6.008368968963623,-54.53629684448242,73.8909683227539,,
1780510006.8920023,22042.8788537,-6.5480427742004395,-36.7795524597168,82.96414184570312,5.471438884735107,-54.24699020385742,65.5676040649414,4.184994220733643,-46.715511322021484,59.57612991333008,8.620027542114258,-51.43702697753906,80.021484375,,
1780510006.9120333,22042.898775719,-2.4422268867492676,-31.567188262939453,83.90068054199219,6.632824897766113,-49.872989654541016,65.29087829589844,2.402721881866455,-44.187740325927734,61.7078971862793,9.280632019042969,-48.90449905395508,84.3124771118164,,
1780510006.9322286,22042.919018318,-0.8845921158790588,-28.58498764038086,85.0575180053711,9.644591331481934,-47.48310470581055,63.93024444580078,1.4775141477584839,-44.692222595214844,62.150413513183594,7.1692609786987305,-44.7913818359375,85.38543701171875,,
1780510006.952047,22042.938438021,-5.239340305328369,-30.199491500854492,85.7415771484375,13.805487632751465,-47.75874328613281,63.719139099121094,0.6723819375038147,-52.903812408447266,57.31315612792969,2.553837776184082,-35.82756042480469,85.57068634033203,,
1780510006.9719615,22042.958595797,-11.531454086303711,-36.83738327026367,82.81825256347656,19.383146286010742,-41.985755920410156,71.22484588623047,-2.3893632888793945,-54.01675796508789,59.82250213623047,-2.803431749343872,-28.836261749267578,80.9368667602539,,
1780510006.992046,22042.979267832,-11.740375518798828,-46.21199035644531,81.95838928222656,19.426860809326172,-33.04323959350586,79.267578125,-4.922829627990723,-49.1611328125,65.6869888305664,-8.747078895568848,-30.1550350189209,74.80176544189453,,
1780510007.0120378,22042.998837053,-8.235321998596191,-54.130985260009766,77.51222229003906,16.609634399414062,-28.2181339263916,82.88351440429688,-7.8009538650512695,-41.494712829589844,72.43234252929688,-10.545354843139648,-34.6077995300293,66.20491027832031,,
1780510007.0320618,22043.0194105,-2.302072525024414,-57.076629638671875,73.30906677246094,15.172701835632324,-26.03458595275879,83.3277587890625,-6.907256603240967,-36.18350601196289,75.96321105957031,-5.047501087188721,-37.5448112487793,63.09776306152344,,
1780510007.0520775,22043.038667854,2.351452589035034,-54.803401947021484,69.51756286621094,13.89309024810791,-28.17363166809082,82.68106079101562,-3.6281354427337646,-34.82802963256836,76.86627960205078,-1.1522057056427002,-40.0275993347168,63.86379623413086,,
1780510007.0720425,22043.061482486,1.0245044231414795,-54.1475715637207,66.75145721435547,13.428422927856445,-31.116500854492188,82.33567810058594,-0.8521109223365784,-33.73897933959961,76.53016662597656,0.999667227268219,-43.62120056152344,62.40915298461914,,
1780510007.0920458,22043.078591121,-4.529058933258057,-54.90397262573242,66.37602233886719,12.115682601928711,-35.52651596069336,83.6237564086914,0.28856396675109863,-32.62873840332031,76.16190338134766,1.4526196718215942,-48.64692687988281,59.77720642089844,,
1780510007.1120083,22043.098781483,-6.936315536499023,-53.348854064941406,68.97405242919922,9.241743087768555,-40.55033493041992,80.95619201660156,2.2171027660369873,-33.459938049316406,74.2806625366211,4.131768226623535,-53.94513702392578,64.54463195800781,,
1780510007.132043,22043.118951234,-9.388690948486328,-50.02781677246094,73.70072937011719,6.724994659423828,-49.24844741821289,75.24134826660156,5.023317337036133,-38.368125915527344,68.55430603027344,5.512044429779053,-55.95534896850586,70.33165740966797,,
1780510007.1519868,22043.138582656,-9.189159393310547,-42.39617919921875,79.9020004272461,5.416113376617432,-55.04526138305664,68.00934600830078,5.532218933105469,-45.062931060791016,61.324764251708984,6.859580993652344,-53.20984649658203,76.3446273803711,,
1780510007.1719995,22043.159835715,-5.183719158172607,-33.98517608642578,83.60231018066406,6.20689058303833,-52.99477005004883,64.53933715820312,3.051774263381958,-46.834144592285156,59.1484375,8.776535034179688,-50.204994201660156,82.14632415771484,,
1780510007.1919925,22043.178513024,-1.2339468002319336,-30.288347244262695,84.34255981445312,8.114741325378418,-48.1955680847168,64.96041870117188,2.107041835784912,-43.21638870239258,62.900794982910156,8.735275268554688,-47.4993896484375,84.96937561035156,,
1780510007.2120135,22043.199608478,-1.8807549476623535,-28.271224975585938,85.54833984375,11.292195320129395,-48.04299545288086,62.78989028930664,1.1057952642440796,-47.89289474487305,59.791385650634766,5.138177871704102,-41.489566802978516,85.7907943725586,,
1780510007.232082,22043.219459139,-8.423837661743164,-33.25450897216797,84.90531158447266,16.590492248535156,-46.73434066772461,66.10367584228516,-0.6912007331848145,-54.4970588684082,56.83863830566406,0.10425157845020294,-31.568410873413086,84.00996398925781,,
1780510007.2520885,22043.239490664,-12.268354415893555,-40.88032531738281,81.88795471191406,20.30679702758789,-37.9293098449707,75.25975799560547,-3.572805166244507,-52.55235290527344,61.695064544677734,-5.816776275634766,-28.0682315826416,78.29598999023438,,
1780510007.2720184,22043.258423178,-10.747023582458496,-50.481903076171875,80.66065979003906,18.105356216430664,-30.55815315246582,81.89762878417969,-6.479282855987549,-45.830448150634766,68.27275085449219,-11.048051834106445,-31.842514038085938,71.34463500976562,,
1780510007.2920465,22043.278818028,-5.231829643249512,-56.371280670166016,75.55012512207031,15.552899360656738,-26.596899032592773,83.23804473876953,-8.053135871887207,-38.97816467285156,74.61913299560547,-8.714767456054688,-35.1638298034668,64.35277557373047,,
1780510007.3125849,22043.29954039,0.5915552973747253,-56.80250930786133,71.31666564941406,14.269420623779297,-26.60094451904297,83.43901824951172,-5.926834583282471,-35.098262786865234,76.70697021484375,-3.032245635986328,-38.5164680480957,63.42213821411133,,
1780510007.3326786,22043.319391984,3.25571346282959,-54.1187744140625,67.85188293457031,13.338811874389648,-29.09665298461914,82.46307373046875,-2.2703957557678223,-34.028114318847656,77.01407623291016,0.10152286291122437,-41.43528747558594,64.12593078613281,,
1780510007.3527186,22043.33986893,-0.7413424253463745,-54.62655258178711,66.27546691894531,12.953047752380371,-32.93812561035156,82.985107421875,-0.3202851712703705,-32.89238739013672,76.49504089355469,0.8213109374046326,-45.957557678222656,61.06385040283203,,
1780510007.3725235,22043.359574873,-5.398375988006592,-54.45832824707031,67.25872039794922,11.05859375,-37.466651916503906,82.90119934082031,0.5678943991661072,-32.59648132324219,75.84283447265625,2.289494514465332,-51.07793426513672,61.422271728515625,,
1780510007.3923542,22043.379202934,-7.815915107727051,-52.353797912597656,71.51875305175781,7.676747798919678,-44.589134216308594,78.54615783691406,3.2940359115600586,-34.69563674926758,72.12654113769531,4.884823322296143,-55.57279968261719,66.98626708984375,,
1780510007.4125488,22043.399249231,-9.817644119262695,-47.49839401245117,76.61424255371094,5.773569583892822,-53.374061584472656,71.89659118652344,5.57265567779541,-41.045249938964844,65.28352355957031,5.577646732330322,-54.8912467956543,72.51002502441406,,
1780510007.4323647,22043.419360963,-7.281595706939697,-38.44559860229492,82.74493408203125,5.19558572769165,-55.33692169189453,65.57259368896484,4.5075154304504395,-46.4040641784668,59.397743225097656,8.175308227539062,-51.614341735839844,79.07132720947266,,
1780510007.452572,22043.439271354,-2.9655566215515137,-32.3166618347168,83.93754577636719,6.109455108642578,-51.064720153808594,64.80015563964844,2.3675663471221924,-44.49900436401367,60.831668853759766,9.174798965454102,-49.07395553588867,84.13775634765625,,
1780510007.4723763,22043.460061296,-0.33147570490837097,-29.164106369018555,84.90255737304688,8.800378799438477,-47.403682708740234,64.5788345336914,1.944035291671753,-43.74361801147461,62.646888732910156,8.150599479675293,-45.933719635009766,85.36661529541016,,
1780510007.4921346,22043.48003121,-3.8953840732574463,-29.54411506652832,85.98563385009766,12.789519309997559,-48.35434341430664,62.995941162109375,0.8898784518241882,-51.90443420410156,57.211326599121094,3.4785892963409424,-37.41796875,85.89785766601562,,
1780510007.512505,22043.499076856,-10.791707038879395,-35.95619201660156,83.42549896240234,18.4531307220459,-43.91154098510742,69.72186279296875,-1.9134541749954224,-54.46529769897461,58.494873046875,-1.8551229238510132,-29.137134552001953,82.03736877441406,,
1780510007.5324237,22043.520200474,-11.718225479125977,-44.946170806884766,82.36998748779297,19.510162353515625,-34.33694839477539,78.46234893798828,-4.499356269836426,-50.23027038574219,64.37982177734375,-7.9960198402404785,-29.34435272216797,76.06858825683594,,
1780510007.5520806,22043.538680109,-8.88632583618164,-53.82747268676758,78.42756652832031,16.479415893554688,-28.81133460998535,83.00214385986328,-7.65493106842041,-42.454322814941406,71.27641296386719,-10.860405921936035,-33.65108108520508,67.48738861083984,,
1780510007.5725238,22043.559055889,-2.680248737335205,-57.357845306396484,74.0684585571289,15.201854705810547,-25.845462799072266,83.48014831542969,-7.694189548492432,-36.329795837402344,75.60601806640625,-6.267765998840332,-37.24070358276367,63.08405303955078,,
1780510007.5920982,22043.578645848,2.1315131187438965,-55.384403228759766,69.90835571289062,13.757826805114746,-27.935123443603516,83.17427825927734,-4.459739685058594,-34.791259765625,76.88935852050781,-1.8211277723312378,-39.81854248046875,63.7463264465332,,
1780510007.6121397,22043.598344098,1.777174472808838,-54.23817443847656,67.00263214111328,13.453932762145996,-30.550220489501953,82.48225402832031,-1.2475332021713257,-33.76506042480469,76.67289733886719,0.9028100371360779,-43.171810150146484,62.65103530883789,,
1780510007.6321058,22043.621809475,-3.7416818141937256,-55.07012939453125,66.263427734375,12.482306480407715,-34.73894119262695,83.64153289794922,0.12176252901554108,-32.5811767578125,76.28950500488281,1.3441795110702515,-47.79294204711914,59.60160827636719,,
1780510007.6521063,22043.638843197,-6.815622329711914,-53.78248977661133,68.05918884277344,9.986632347106934,-39.38193893432617,82.0679931640625,1.6810563802719116,-32.93312454223633,75.05290222167969,3.416490077972412,-53.008140563964844,63.1557731628418,,
1780510007.6721437,22043.658444803,-8.952873229980469,-51.03016662597656,72.70173645019531,6.963678359985352,-47.552581787109375,76.57014465332031,4.476666450500488,-36.81831741333008,69.83961486816406,5.4495038986206055,-56.127994537353516,69.20419311523438,,
1780510007.692072,22043.678287813,-9.779746055603027,-44.148345947265625,78.81460571289062,5.55067253112793,-54.79813766479492,69.15670776367188,5.593901634216309,-43.93821716308594,62.486873626708984,6.440870761871338,-54.0349006652832,75.14639282226562,,
1780510007.7121906,22043.699261715,-5.952517509460449,-35.2021369934082,83.56576538085938,6.118481159210205,-53.733829498291016,64.62418365478516,3.417171001434326,-47.16597366333008,58.87229919433594,8.831294059753418,-50.90793991088867,81.2757339477539,,
1780510007.7322767,22043.719770523,-1.648322343826294,-30.657703399658203,84.11691284179688,7.567152976989746,-48.80453872680664,65.1652603149414,2.1362521648406982,-43.50874328613281,62.46187973022461,8.963050842285156,-48.33221435546875,84.82703399658203,,
1780510007.7521229,22043.741457636,-1.30276620388031,-28.11467170715332,85.42315673828125,10.750064849853516,-47.580650329589844,62.99909591674805,1.2768754959106445,-46.250144958496094,60.937156677246094,6.013590335845947,-43.23502731323242,85.66969299316406,,
1780510007.772136,22043.758953476,-7.233623027801514,-31.866836547851562,85.47515106201172,15.585966110229492,-47.38360595703125,64.71192169189453,-0.14004182815551758,-54.374691009521484,56.36665725708008,1.0257405042648315,-33.25801086425781,84.96259307861328,,
1780510007.7920988,22043.779069564,-12.450042724609375,-39.08472442626953,82.10429382324219,20.507917404174805,-39.7993049621582,73.37403106689453,-3.387831211090088,-53.627838134765625,60.32746124267578,-4.6817402839660645,-28.10028076171875,79.43269348144531,,
1780510007.8120768,22043.798560959,-11.483377456665039,-48.765594482421875,81.31578826904297,18.913047790527344,-31.21473503112793,80.78984069824219,-6.220422267913818,-47.45490646362305,66.99947357177734,-10.20840072631836,-31.103242874145508,72.92601013183594,,
1780510007.832117,22043.818807163,-6.688627243041992,-55.544639587402344,76.16841125488281,16.059650421142578,-26.99515151977539,83.06593322753906,-8.336616516113281,-40.24267578125,73.80168914794922,-9.57613468170166,-34.833194732666016,65.09292602539062,,
1780510007.8520746,22043.838596216,-0.5894600749015808,-56.76176452636719,71.72735595703125,14.676292419433594,-26.08196258544922,83.45147705078125,-6.8113908767700195,-35.64815902709961,76.61669158935547,-3.584808588027954,-37.91740417480469,63.51702117919922,,
1780510007.8720462,22043.858657835,3.2159595489501953,-53.975685119628906,68.23715209960938,13.5108642578125,-28.501420974731445,82.40022277832031,-3.066250801086426,-34.500572204589844,77.0225830078125,0.0054849619045853615,-40.686458587646484,64.44751739501953,,
1780510007.8920207,22043.878443554,0.42927879095077515,-54.119667053222656,66.22598266601562,13.15048599243164,-31.97406005859375,82.4898910522461,-0.8072719573974609,-33.23527908325195,76.49967956542969,1.0862441062927246,-45.08198928833008,61.99789810180664,,
1780510007.9120235,22043.89890821,-4.901835918426514,-54.34795379638672,66.7394027709961,11.427754402160645,-36.578433990478516,83.06817626953125,0.3820664882659912,-32.657081604003906,75.81845092773438,2.1771950721740723,-50.34357833862305,61.201988220214844,,
1780510007.9321098,22043.918753847,-7.21144962310791,-52.29772186279297,70.79084014892578,8.371443748474121,-43.060001373291016,78.94390106201172,3.012173652648926,-34.58430862426758,72.62513732910156,4.978365898132324,-55.282501220703125,66.88302612304688,,
1780510007.9523158,22043.940892655,-9.586580276489258,-47.941951751708984,75.6629638671875,6.421030044555664,-51.948368072509766,72.66455078125,5.415419101715088,-40.61146926879883,66.02738952636719,5.717100620269775,-55.27132797241211,72.20089721679688,,
1780510007.9720523,22043.958880804,-7.52083158493042,-39.13009262084961,82.04119110107422,5.6170244216918945,-55.08784866333008,65.98712921142578,4.737205505371094,-46.282493591308594,59.62397384643555,7.885232925415039,-51.91477584838867,78.48596954345703,,
1780510007.992094,22043.979286831,-3.395592212677002,-32.45827865600586,83.78707885742188,6.3593363761901855,-51.49102020263672,64.60966491699219,2.4182238578796387,-45.14902877807617,60.39040756225586,9.017904281616211,-49.301334381103516,83.7130126953125,,
1780510008.0122526,22043.99932538,-0.5031267404556274,-29.309329986572266,84.65328979492188,8.843920707702637,-47.59261703491211,64.49678039550781,1.5202900171279907,-43.06924819946289,63.287689208984375,8.090341567993164,-46.51593017578125,85.44481658935547,,
1780510008.0320916,22044.019336234,-3.042311191558838,-28.873455047607422,85.70191955566406,12.127376556396484,-48.40760040283203,62.562442779541016,0.821367621421814,-50.50797653198242,58.29920959472656,3.992792844772339,-38.78162384033203,86.087646484375,,
1780510008.0520432,22044.038477289,-9.913789749145508,-34.87383270263672,83.87857818603516,17.83599090576172,-44.970489501953125,68.2867660522461,-1.291354775428772,-54.5959358215332,57.90362548828125,-1.0315676927566528,-29.862550735473633,82.87753295898438,,
1780510008.0720105,22044.058392999,-11.728719711303711,-43.214622497558594,82.24111938476562,19.89602279663086,-35.68574905395508,77.14847564697266,-3.9890499114990234,-51.13401794433594,63.51972198486328,-7.235607624053955,-28.737518310546875,76.9466781616211,,
1780510008.0922499,22044.079442448,-9.403031349182129,-52.497764587402344,79.38850402832031,17.157373428344727,-29.42679786682129,82.53948974609375,-7.417826175689697,-43.512290954589844,70.09832000732422,-11.594088554382324,-33.162105560302734,68.83906555175781,,
1780510008.1120405,22044.099052396,-3.4844253063201904,-56.82339096069336,74.6460952758789,15.547395706176758,-25.934579849243164,83.34420776367188,-7.92712926864624,-37.08864974975586,75.16035461425781,-7.744377613067627,-36.81132125854492,63.33070755004883,,
1780510008.1320379,22044.119026206,1.9405914545059204,-55.74507522583008,70.68290710449219,14.009236335754395,-27.376651763916016,83.2977066040039,-4.9864301681518555,-34.65494155883789,76.71603393554688,-2.8372159004211426,-39.700294494628906,63.45896530151367,,
1780510008.1520975,22044.138611916,2.07991099357605,-54.264991760253906,67.56466674804688,13.597968101501465,-29.959943771362305,82.49567413330078,-1.121781349182129,-33.89162826538086,76.81422424316406,0.5593461990356445,-42.703704833984375,63.02682876586914,,
1780510008.1718798,22044.158391809,-2.9158742427825928,-54.99795150756836,66.74314880371094,12.926284790039062,-34.172061920166016,83.4588394165039,0.5211731195449829,-32.61763000488281,76.42459106445312,0.8030090928077698,-47.12874221801758,59.84995651245117,,
1780510008.1918247,22044.178326127,-6.327403545379639,-53.94747543334961,67.9394302368164,10.27186393737793,-38.81311798095703,82.43801879882812,1.7424017190933228,-32.64622497558594,75.54271697998047,2.7561261653900146,-52.05735778808594,62.5743293762207,,
1780510008.2117138,22044.198478462,-8.520645141601562,-51.4834098815918,72.61669158935547,6.9677510261535645,-46.917049407958984,77.19633483886719,4.4721174240112305,-35.79426956176758,70.81237030029297,4.9025349617004395,-55.704315185546875,68.66337585449219,,
1780510008.2320147,22044.218813743,-9.992350578308105,-45.07527160644531,78.37704467773438,5.1398797035217285,-54.86197280883789,69.98558807373047,6.034604072570801,-42.77437973022461,63.64006042480469,5.754398345947266,-53.9846076965332,74.59789276123047,,
1780510008.2520182,22044.238886887,-6.564333915710449,-36.13168716430664,83.42276000976562,5.651401042938232,-54.31535720825195,64.8840103149414,4.112385272979736,-46.86967086791992,59.31534957885742,8.467842102050781,-50.944129943847656,80.67433166503906,,
1780510008.2720253,22044.258646545,-2.2107577323913574,-31.286094665527344,83.8884048461914,7.046572685241699,-49.14216995239258,65.53675842285156,2.622803211212158,-43.25218963623047,62.84247970581055,9.016536712646484,-48.5762939453125,84.59428405761719,,
1780510008.2920544,22044.278561234,-1.3503116369247437,-28.221328735351562,84.51573944091797,9.87144947052002,-46.50142288208008,64.84908294677734,1.6147619485855103,-43.65129089355469,64.1069564819336,6.438172340393066,-44.797630310058594,85.28839111328125,,
1780510008.3120801,22044.299276508,-6.71820068359375,-29.953027725219727,84.49422454833984,14.161858558654785,-45.7346305847168,65.892333984375,1.3703548908233643,-51.46656036376953,60.712989807128906,1.253286600112915,-35.40827178955078,84.52388000488281,,
1780510008.3318567,22044.319390149,-12.611418724060059,-35.71335983276367,80.95344543457031,18.73903465270996,-38.387367248535156,74.28190612792969,-0.8446080088615417,-51.83436965942383,65.34845733642578,-4.121328353881836,-29.288375854492188,79.67311096191406,,
1780510008.3521152,22044.34078454,-11.733052253723145,-41.87379455566406,81.00663757324219,17.16252326965332,-30.569974899291992,80.83319091796875,-2.245849609375,-47.75939178466797,72.34329986572266,-8.117606163024902,-30.950395584106445,75.60060119628906,,
1780510008.3720412,22044.358407945,-7.926873207092285,-44.19075393676758,78.71491241455078,14.424712181091309,-28.036304473876953,80.72695922851562,-3.240039587020874,-43.91463088989258,77.57562255859375,-7.082019329071045,-32.387794494628906,71.67665100097656,,
1780510008.3920455,22044.37836917,-3.6781277656555176,-44.06748580932617,75.5867919921875,13.371363639831543,-28.486600875854492,81.05164337158203,-1.360491156578064,-41.17315673828125,80.05419921875,-2.90575909614563,-33.457481384277344,71.72101593017578,,
1780510008.412056,22044.398398114,-0.539338231086731,-43.804405212402344,73.36185455322266,12.416383743286133,-31.484073638916016,80.30323791503906,1.6993433237075806,-40.681034088134766,81.08983612060547,-0.6263294219970703,-34.65505599975586,71.57056427001953,,
1780510008.4322186,22044.418892457,-2.5939834117889404,-44.144039154052734,72.63839721679688,11.083944320678711,-35.69925308227539,80.26519775390625,4.304068565368652,-39.70335388183594,80.871337890625,0.24785076081752777,-38.36861038208008,70.10225677490234,,
1780510008.4520473,22044.441945139,-4.269805908203125,-42.11414337158203,73.77324676513672,7.3120903968811035,-40.9961051940918,79.87920379638672,5.077261447906494,-37.53624725341797,80.6408462524414,1.732736349105835,-43.22806930541992,72.77474212646484,,
1780510008.4726899,22044.459282779,-6.146737575531006,-40.15180206298828,77.27703857421875,3.0527431964874268,-45.865177154541016,77.37618255615234,6.972244739532471,-35.72748947143555,79.58885192871094,2.9798238277435303,-48.0008430480957,77.52448272705078,,
1780510008.4923658,22044.479182018,-7.728973865509033,-37.5977897644043,79.80961608886719,1.764936089515686,-47.233829498291016,74.84034729003906,7.404755115509033,-36.9920654296875,78.00524139404297,3.2452735900878906,-50.37968826293945,80.07774353027344,,
1780510008.5123842,22044.498970187,-7.116443157196045,-33.911888122558594,81.0975341796875,1.7543082237243652,-46.130035400390625,73.61711120605469,6.333803176879883,-38.10494613647461,77.03462219238281,4.138922691345215,-51.537376403808594,81.88983917236328,,
1780510008.5321038,22044.51847056,-6.391341209411621,-31.53099822998047,81.56266021728516,1.7538435459136963,-44.99445343017578,73.61055755615234,4.936843395233154,-37.09436798095703,77.2371597290039,3.999711751937866,-51.31816482543945,83.22250366210938,,
1780510008.5519912,22044.538223519,-6.879255771636963,-30.246753692626953,81.82221221923828,2.8597545623779297,-44.23671340942383,73.3838119506836,4.631762981414795,-37.24815368652344,77.21389770507812,2.2730817794799805,-50.113895416259766,83.29094696044922,,
1780510008.5719838,22044.558147214,-8.454523086547852,-30.172597885131836,81.26485443115234,4.212019443511963,-42.99942398071289,73.99457550048828,6.039551734924316,-39.022315979003906,77.27823638916016,-0.16761775314807892,-47.020694732666016,82.78743743896484,,
1780510008.5921872,22044.57862778,-10.468811988830566,-31.549110412597656,80.491943359375,6.257516860961914,-41.28828430175781,76.05337524414062,6.661494255065918,-40.698665618896484,77.65606689453125,-2.5913047790527344,-42.78499984741211,81.93394470214844,,
1780510008.612034,22044.600683715,-12.65859603881836,-33.63853073120117,79.13456726074219,8.470528602600098,-39.9999885559082,79.22565460205078,5.809643268585205,-41.46931838989258,79.10454559326172,-5.014644622802734,-37.99736022949219,79.96338653564453,,
1780510008.6321342,22044.618634723,-12.943453788757324,-35.7610969543457,78.00331115722656,9.539445877075195,-38.73795700073242,81.92840576171875,5.099523067474365,-41.59596633911133,81.2037353515625,-7.00372314453125,-34.285343170166016,77.50528717041016,,
1780510008.651942,22044.638527398,-11.496475219726562,-37.445579528808594,76.92007446289062,9.349837303161621,-38.95945358276367,82.8065414428711,4.9138503074646,-41.46427917480469,82.940185546875,-6.992908954620361,-31.320262908935547,76.19923400878906,,
1780510008.672029,22044.65841891,-9.800585746765137,-38.88405227661133,75.61882019042969,8.520082473754883,-40.92702865600586,82.74092864990234,5.660266399383545,-41.18449020385742,83.93204498291016,-5.841134071350098,-30.539403915405273,75.24346160888672,,
1780510008.691951,22044.678177555,-8.358299255371094,-40.54289245605469,74.69851684570312,6.498580455780029,-44.54934310913086,82.53475952148438,6.854343891143799,-39.78743362426758,84.14786529541016,-4.426042079925537,-31.730880737304688,74.69227600097656,,
1780510008.7119896,22044.698397755,-7.385076522827148,-41.94923782348633,76.01882934570312,1.7931647300720215,-49.50657272338867,81.279541015625,7.157384872436523,-36.44482421875,83.87091827392578,-1.904113531112671,-35.93196487426758,77.23199462890625,,
1780510008.7319522,22044.718425838,-8.62833023071289,-43.382442474365234,79.24629974365234,-2.598018169403076,-52.27195739746094,79.6147232055664,8.596665382385254,-32.472068786621094,83.33775329589844,-0.909611701965332,-40.790889739990234,81.44938659667969,,
1780510008.7522397,22044.740737647,-10.03142261505127,-43.944976806640625,81.52133178710938,-3.860765218734741,-51.489566802978516,77.82695770263672,8.778353691101074,-31.257089614868164,81.85714721679688,-0.4295039474964142,-43.69117736816406,82.85023498535156,,
1780510008.7720687,22044.758556578,-9.303621292114258,-43.19340515136719,83.10552215576172,-4.113710403442383,-49.460453033447266,76.68683624267578,8.047268867492676,-30.862340927124023,79.86559295654297,0.37204840779304504,-45.469383239746094,82.97312927246094,,
1780510008.7920494,22044.778390956,-8.25374698638916,-42.420989990234375,83.94003295898438,-4.682738780975342,-48.97027587890625,76.76337432861328,7.282883644104004,-28.894380569458008,78.94007110595703,-0.013728787191212177,-45.75909423828125,83.10101318359375,,
1780510008.8119678,22044.798277762,-8.300153732299805,-42.01101303100586,84.47924041748047,-4.772393226623535,-49.117088317871094,77.18060302734375,8.12283992767334,-27.5015926361084,78.43347930908203,-1.6252394914627075,-44.980613708496094,82.78517150878906,,
1780510008.831937,22044.818339791,-9.01816463470459,-42.12100601196289,84.48129272460938,-4.549593925476074,-48.70612335205078,77.82893371582031,9.990958213806152,-28.293210983276367,77.9295425415039,-3.052628993988037,-43.36783218383789,82.33980560302734,,
1780510008.852124,22044.838561179,-9.441352844238281,-42.342594146728516,84.22349548339844,-4.5139007568359375,-48.346519470214844,78.44462585449219,10.978503227233887,-29.115036010742188,77.3683090209961,-3.980360984802246,-41.06867218017578,82.0414810180664,,
1780510008.8719504,22044.858460277,-9.766596794128418,-42.563560485839844,84.29766845703125,-4.636641502380371,-48.617767333984375,78.97722625732422,11.112292289733887,-29.18437957763672,76.8832015991211,-5.084550857543945,-38.723724365234375,81.77761840820312,,
1780510008.8919365,22044.878520073,-10.177026748657227,-43.1155891418457,84.52468872070312,-4.900514602661133,-49.00477981567383,79.65742492675781,11.105995178222656,-29.123350143432617,76.49758911132812,-6.442122459411621,-36.868560791015625,81.45318603515625,,
1780510008.9119327,22044.898171008,-10.228752136230469,-44.073272705078125,84.87476348876953,-5.459115028381348,-49.28957748413086,80.49401092529297,11.453530311584473,-29.077247619628906,76.2137451171875,-7.279913425445557,-35.19427490234375,81.16828155517578,,
1780510008.9319298,22044.918126876,-10.055805206298828,-45.32057571411133,85.02267456054688,-6.27202033996582,-49.73566818237305,81.1507568359375,11.815101623535156,-29.00095558166504,76.20404815673828,-7.676029682159424,-33.87033462524414,80.93940734863281,,
1780510008.9518912,22044.938098582,-9.684274673461914,-46.6595573425293,85.16983032226562,-7.129608631134033,-50.3408317565918,81.64575958251953,12.056754112243652,-28.610441207885742,76.39698028564453,-7.758423805236816,-32.777442932128906,80.8575439453125,,
1780510008.9719172,22044.958153903,-9.327703475952148,-47.90199279785156,85.3443832397461,-8.145096778869629,-51.13282012939453,81.8733901977539,12.303004264831543,-28.012998580932617,76.49144744873047,-7.728050708770752,-32.005741119384766,80.8685302734375,,
1780510008.991907,22044.978364131,-8.928121566772461,-49.01735305786133,85.62895202636719,-9.224920272827148,-51.96754837036133,81.86148834228516,12.706668853759766,-27.17481231689453,76.4666748046875,-7.434299945831299,-31.541786193847656,81.08910369873047,,
1780510009.012024,22044.99853909,-8.572766304016113,-49.80865478515625,86.02421569824219,-10.313118934631348,-52.82988739013672,81.45285034179688,13.149347305297852,-26.219070434570312,76.28583526611328,-6.859060287475586,-31.303781509399414,81.48883056640625,,
1780510009.0325022,22045.018854656,-8.385397911071777,-50.26484680175781,86.48238372802734,-11.13723087310791,-53.423126220703125,80.98698425292969,13.457169532775879,-25.3723201751709,75.82645416259766,-6.2517924308776855,-31.35141944885254,81.83094787597656,,
1780510009.0524347,22045.038679403,-8.22089672088623,-50.273006439208984,86.9896469116211,-11.664506912231445,-53.515201568603516,80.67095947265625,13.721081733703613,-24.90155792236328,75.35383605957031,-5.748020172119141,-31.364599227905273,82.03952026367188,,
1780510009.0720897,22045.058407948,-7.941305637359619,-50.129981994628906,87.43971252441406,-12.016579627990723,-53.39803695678711,80.55088806152344,13.695752143859863,-24.62917137145996,74.9585952758789,-5.497454643249512,-30.9183349609375,82.14873504638672,,
1780510009.0923843,22045.079193633,-7.866487503051758,-49.858604431152344,87.7722396850586,-12.217243194580078,-53.24554443359375,80.6766357421875,13.576004981994629,-25.065757751464844,74.6080093383789,-5.75433349609375,-30.187788009643555,82.04559326171875,,
1780510009.1120563,22045.098399466,-7.866416931152344,-49.812171936035156,87.97022247314453,-12.172483444213867,-52.8942985534668,81.2274169921875,13.266095161437988,-26.075517654418945,74.43478393554688,-6.241021156311035,-28.945287704467773,81.76410675048828,,
1780510009.1324656,22045.119305717,-7.826291084289551,-49.96602249145508,88.1971664428711,-12.034770011901855,-52.035526275634766,82.26716613769531,12.570355415344238,-27.364107131958008,74.77557373046875,-6.8312811851501465,-27.51360511779785,81.44539642333984,,
1780510009.1528876,22045.139798457,-7.856910705566406,-50.611572265625,88.30831146240234,-11.661307334899902,-50.9873046875,83.73909759521484,11.517894744873047,-28.721891403198242,75.60116577148438,-7.667209148406982,-25.948488235473633,80.68536376953125,,
1780510009.1724634,22045.159469305,-7.879268646240234,-51.878074645996094,87.93647766113281,-11.107898712158203,-49.61628341674805,85.7760238647461,10.34641170501709,-29.97545051574707,76.87621307373047,-8.616077423095703,-24.434085845947266,79.2119369506836,,
1780510009.192129,22045.17912654,-7.362960338592529,-52.80218505859375,87.29708862304688,-9.831433296203613,-47.68864822387695,87.94390869140625,8.9840726852417,-31.224634170532227,79.08634948730469,-9.81033706665039,-22.557401657104492,76.8633041381836,,
1780510009.2116501,22045.212468109,-6.54588508605957,-53.357704162597656,85.96292114257812,-7.91190767288208,-46.01811218261719,89.75135803222656,7.508242607116699,-32.85558319091797,81.5251235961914,-10.499785423278809,-21.004459381103516,74.20426177978516,,
1780510009.2318876,22045.218567628,-5.614219665527344,-53.15461349487305,85.10576629638672,-5.504266738891602,-44.38520812988281,90.2047119140625,6.498060703277588,-35.02718734741211,83.08815002441406,-10.154748916625977,-20.354799270629883,72.83026123046875,,
1780510009.252042,22045.238283675,-5.015325546264648,-52.60920715332031,84.14356994628906,-3.5531976222991943,-43.457130432128906,89.7221908569336,6.255456447601318,-36.41783905029297,83.73224639892578,-9.266386032104492,-21.144062042236328,71.85454559326172,,
1780510009.2715526,22045.258864879,-4.748942852020264,-52.856224060058594,83.1582260131836,-2.660235643386841,-42.728729248046875,89.1315689086914,6.379344940185547,-36.48033142089844,83.88235473632812,-8.048174858093262,-22.98629379272461,70.49687957763672,,
1780510009.2913902,22045.277929149,-4.580798625946045,-52.870758056640625,82.16645050048828,-2.515026330947876,-42.816802978515625,88.5392074584961,6.295021057128906,-35.264217376708984,83.82464599609375,-6.871048927307129,-25.753219604492188,70.08173370361328,,
1780510009.3117287,22045.298690364,-4.8499555587768555,-52.78428268432617,81.48511505126953,-2.7828478813171387,-43.988834381103516,87.72391510009766,6.831986904144287,-33.58382034301758,83.27709197998047,-5.702159404754639,-28.6461124420166,70.4561538696289,,
1780510009.3319266,22045.318465105,-5.412098407745361,-52.54472732543945,81.33090209960938,-3.7826666831970215,-46.21410369873047,86.41474151611328,7.56873083114624,-31.187971115112305,82.27244567871094,-4.1548237800598145,-32.11875915527344,71.92250061035156,,
1780510009.3522735,22045.338562998,-5.862398624420166,-52.01466369628906,82.64828491210938,-6.313322067260742,-49.33798599243164,84.04425048828125,8.885151863098145,-28.387475967407227,80.61222839355469,-2.2508840560913086,-36.5638427734375,75.39452362060547,,
1780510009.3721943,22045.358488169,-7.027070999145508,-49.80355453491211,84.46407318115234,-8.425558090209961,-52.4191780090332,81.17230224609375,10.99151611328125,-26.07866668701172,78.49036407470703,-1.339481234550476,-40.526004791259766,78.66898345947266,,
1780510009.392177,22045.378575641,-7.486949443817139,-46.4968147277832,85.82875061035156,-8.804058074951172,-52.7852668762207,79.01924896240234,11.638751983642578,-26.168880462646484,76.20389556884766,-0.2202962189912796,-43.164451599121094,80.26319885253906,,
1780510009.4121528,22045.403108385,-6.697474002838135,-43.44819641113281,86.3486557006836,-8.037589073181152,-51.19306945800781,78.00955200195312,10.622448921203613,-26.58181381225586,74.92081451416016,0.85359787940979,-44.75651931762695,81.63553619384766,,
1780510009.432324,22045.418635842,-6.414100646972656,-40.421470642089844,86.10061645507812,-7.061890125274658,-49.91679000854492,77.70243072509766,9.404865264892578,-27.12369155883789,74.25712585449219,0.5066692233085632,-45.56976318359375,82.44630432128906,,
1780510009.4521267,22045.438933729,-7.558502674102783,-38.504302978515625,86.0516586303711,-5.473016738891602,-49.07143020629883,77.9773941040039,9.33313274383545,-28.821969985961914,73.54344177246094,-1.5750235319137573,-44.42518615722656,82.17871856689453,,
1780510009.4721353,22045.458893401,-9.35446834564209,-37.86832046508789,85.71237182617188,-3.575295925140381,-47.13264465332031,79.34341430664062,9.688819885253906,-31.758975982666016,73.21431732177734,-4.269371032714844,-41.327457427978516,81.8040542602539,,
1780510009.4916823,22045.478365448,-11.9768648147583,-38.28582763671875,84.7874526977539,-0.6204461455345154,-44.5248908996582,82.33525085449219,8.873739242553711,-35.05002975463867,73.81036376953125,-7.431430339813232,-36.72294998168945,80.80712127685547,,
1780510009.5121784,22045.49857439,-14.210144996643066,-39.70566940307617,83.08236694335938,2.9154486656188965,-41.73661804199219,86.9540023803711,6.4996161460876465,-36.820064544677734,76.83541870117188,-10.74851131439209,-32.10874557495117,78.0401611328125,,
1780510009.532121,22045.51828602,-13.229402542114258,-41.16036605834961,81.95829772949219,4.490309238433838,-38.89063262939453,88.875244140625,4.427856922149658,-38.10185623168945,80.6673812866211,-11.94641399383545,-28.798494338989258,75.81344604492188,,
1780510009.5520778,22045.53827282,-11.139684677124023,-41.34307098388672,80.5507583618164,5.148443698883057,-38.26828384399414,88.11248779296875,3.1600160598754883,-39.342586517333984,83.4131088256836,-9.960927963256836,-27.111597061157227,75.13948822021484,,
1780510009.5721114,22045.558663373,-8.873222351074219,-41.97943878173828,78.9424819946289,5.3671417236328125,-39.62958526611328,87.2352294921875,4.146984577178955,-39.94870376586914,84.45608520507812,-8.049983024597168,-27.07632064819336,74.49148559570312,,
1780510009.5920846,22045.578327341,-6.889384746551514,-43.40476608276367,77.29669189453125,5.005870819091797,-41.783111572265625,86.09359741210938,5.961581707000732,-39.38468933105469,84.62322998046875,-6.39743709564209,-28.7254695892334,73.39742279052734,,
1780510009.6120927,22045.599853951,-6.401803493499756,-44.282264709472656,76.69863891601562,2.928030490875244,-45.52826690673828,84.91770935058594,7.278094291687012,-37.102272033691406,84.30865478515625,-4.804349899291992,-31.876022338867188,74.08937072753906,,
1780510009.6320517,22045.618687414,-6.646188735961914,-45.04991912841797,78.45220184326172,-1.55070960521698,-50.16105270385742,82.84962463378906,7.8196635246276855,-33.37697982788086,83.46915435791016,-2.378561019897461,-36.373077392578125,77.90571594238281,,
1780510009.6521266,22045.63903329,-8.332097053527832,-45.76606369018555,81.10550689697266,-5.440562725067139,-52.23441696166992,80.54609680175781,9.0781888961792,-29.60004425048828,82.2688217163086,-1.1221232414245605,-41.042869567871094,81.44395446777344,,
1780510009.6721518,22045.659166006,-9.034171104431152,-45.08094024658203,83.03892517089844,-6.387492656707764,-51.147247314453125,78.46771240234375,8.73523998260498,-29.403963088989258,79.92700958251953,-0.026463674381375313,-44.226863861083984,82.419921875,,
1780510009.692155,22045.679040036,-7.898387908935547,-43.565616607666016,84.37275695800781,-6.539781093597412,-49.14013671875,77.49482727050781,7.559065818786621,-29.088247299194336,78.54570007324219,1.1563163995742798,-45.68928527832031,83.017333984375,,
1780510009.7120883,22045.699187442,-6.87019681930542,-42.317359924316406,85.05948638916016,-6.831843376159668,-48.6297721862793,77.30965423583984,6.768932342529297,-27.44384765625,77.78654479980469,0.660235583782196,-45.46788787841797,83.21365356445312,,
1780510009.7320812,22045.718669722,-7.318530559539795,-41.52021408081055,85.47247314453125,-6.536547660827637,-48.51236343383789,77.48918914794922,7.928380966186523,-27.422748565673828,77.48931121826172,-1.1101057529449463,-43.90727233886719,82.66266632080078,,
1780510009.7521186,22045.738340061,-8.140074729919434,-41.6025390625,85.40369415283203,-5.963418483734131,-47.625118255615234,78.36569213867188,9.812946319580078,-28.9194278717041,77.38982391357422,-2.6331255435943604,-40.6488151550293,82.19641876220703,,
1780510009.772023,22045.75847694,-8.731508255004883,-42.041221618652344,85.13590240478516,-5.399132251739502,-46.921199798583984,79.50659942626953,10.552763938903809,-30.450471878051758,77.12020111083984,-4.2365241050720215,-36.82776641845703,81.72516632080078,,
1780510009.7922437,22045.778445137,-9.555153846740723,-42.89807891845703,85.1672592163086,-4.730734825134277,-46.7686767578125,81.04737091064453,10.177956581115723,-31.494047164916992,77.08739471435547,-6.287225723266602,-33.4263801574707,81.05542755126953,,
1780510009.812276,22045.798537268,-10.098889350891113,-44.51828384399414,85.2120590209961,-4.129410743713379,-46.45241165161133,82.93565368652344,9.219891548156738,-32.26646041870117,77.90717315673828,-8.101662635803223,-30.61160659790039,79.90869903564453,,
1780510009.8321505,22045.822429455,-9.830629348754883,-46.72196960449219,84.72533416748047,-3.8610146045684814,-46.070831298828125,85.33262634277344,8.576567649841309,-33.03609848022461,79.53365325927734,-9.293769836425781,-27.75491714477539,77.94734954833984,,
1780510009.8522372,22045.839056515,-8.49810791015625,-48.57573699951172,83.8727798461914,-3.758357286453247,-45.825748443603516,86.98746490478516,7.739458084106445,-33.84452438354492,81.42854309082031,-9.650896072387695,-25.23626708984375,75.79881286621094,,
1780510009.8725355,22045.859895381,-6.602685928344727,-49.72496032714844,83.23942565917969,-3.634824752807617,-46.13361358642578,87.39144897460938,7.16860294342041,-34.765968322753906,82.83384704589844,-8.937236785888672,-23.272945404052734,74.3336410522461,,
1780510009.8925152,22045.879120469,-5.354772567749023,-50.198883056640625,82.78827667236328,-3.3799874782562256,-46.781890869140625,87.09882354736328,7.40372371673584,-35.164493560791016,83.43561553955078,-8.269927024841309,-23.17129898071289,73.64488220214844,,
1780510009.912187,22045.898262703,-4.665853023529053,-50.47166061401367,82.56654357910156,-4.364082336425781,-48.068180084228516,86.32255554199219,7.788599491119385,-33.93156433105469,83.3111801147461,-7.338437080383301,-24.389692306518555,73.52340698242188,,
1780510009.9326773,22045.919521987,-4.779706954956055,-51.01234436035156,83.02533721923828,-6.409423351287842,-50.012542724609375,85.25396728515625,8.45842456817627,-31.635976791381836,82.61306762695312,-5.9439191818237305,-26.93800163269043,74.63932037353516,,
1780510009.9520664,22045.939203295,-5.526894569396973,-51.46050262451172,84.44227600097656,-9.347769737243652,-52.3369026184082,83.1232681274414,10.035994529724121,-28.8278751373291,81.13566589355469,-4.028597354888916,-30.902442932128906,77.75360870361328,,
1780510009.972084,22045.959081295,-7.090433597564697,-50.360660552978516,85.65388488769531,-10.785661697387695,-54.196311950683594,80.71712493896484,12.148018836975098,-26.660701751708984,79.22686004638672,-2.8276045322418213,-34.85791778564453,80.21990966796875,,
1780510009.9921212,22045.979403263,-7.644103527069092,-48.29396438598633,86.90080261230469,-10.686053276062012,-54.210121154785156,78.82818603515625,12.45953369140625,-25.987010955810547,77.14558410644531,-1.759560227394104,-37.60927963256836,81.15155792236328,,
1780510010.0121346,22045.998868379,-6.969371795654297,-46.401283264160156,87.59652709960938,-10.354863166809082,-53.1754264831543,78.30297088623047,11.697263717651367,-25.693801879882812,75.74651336669922,-0.9691925048828125,-39.017677307128906,81.84632873535156,,
1780510010.0329053,22046.019800741,-6.597447395324707,-44.650306701660156,87.78938293457031,-10.056066513061523,-52.450531005859375,78.35476684570312,11.127778053283691,-25.69452667236328,74.6791000366211,-1.4359458684921265,-39.094268798828125,82.20378875732422,,
1780510010.0524216,22046.039499689,-7.333316326141357,-43.7846794128418,87.78685760498047,-9.381599426269531,-51.6574592590332,78.95345306396484,11.448312759399414,-26.854585647583008,73.7821273803711,-3.036492347717285,-37.899234771728516,81.86925506591797,,
1780510010.0725315,22046.059991126,-8.4291410446167,-43.65766143798828,87.70189666748047,-8.041257858276367,-50.135353088378906,80.5123291015625,11.641118049621582,-29.117706298828125,73.26473236083984,-5.040308952331543,-35.60029220581055,81.2792739868164,,
1780510010.0924048,22046.080058744,-9.91630744934082,-44.29145050048828,87.4742660522461,-6.153893947601318,-48.21662521362305,83.395751953125,10.590725898742676,-31.574432373046875,73.5785140991211,-7.665070533752441,-32.24944305419922,80.29327392578125,,
1780510010.1123717,22046.098747699,-11.655680656433105,-45.968143463134766,86.06647491455078,-3.4783570766448975,-45.63133239746094,87.5870590209961,8.583272933959961,-33.27531051635742,75.98961639404297,-10.607720375061035,-28.53605842590332,77.68937683105469,,
1780510010.13228,22046.119277443,-11.058362007141113,-47.67039489746094,84.3406982421875,-1.5272022485733032,-42.38369369506836,90.39936065673828,6.239713668823242,-34.51005935668945,79.67545318603516,-12.485368728637695,-25.643909454345703,74.67129516601562,,
1780510010.152142,22046.139454172,-8.899477005004883,-48.10662078857422,83.32073974609375,-0.1336212307214737,-40.77827453613281,90.33434295654297,4.093461513519287,-36.528560638427734,82.63911437988281,-11.122133255004883,-23.906476974487305,73.54955291748047,,
1780510010.1721082,22046.158856257,-6.90526008605957,-47.773380279541016,82.1199722290039,1.1547770500183105,-40.97498321533203,89.33415985107422,4.147864818572998,-38.06121063232422,83.9173583984375,-9.044483184814453,-24.152530670166016,73.40959930419922,,
1780510010.1922073,22046.181608188,-5.745386600494385,-48.30275344848633,80.48626708984375,1.602152943611145,-41.53958511352539,88.34053039550781,5.228734493255615,-37.95166778564453,84.19917297363281,-7.578391075134277,-25.749446868896484,72.16099548339844,,
1780510010.2121236,22046.198711001,-5.167300224304199,-48.708980560302734,79.3270034790039,0.9721990823745728,-42.99213409423828,87.22164916992188,6.085135459899902,-36.543907165527344,84.09771728515625,-6.118436336517334,-28.447105407714844,71.61219024658203,,
1780510010.2320492,22046.218531851,-5.461371898651123,-48.651458740234375,79.23403930664062,-0.7502745985984802,-45.91782760620117,85.77864837646484,6.975126266479492,-34.43478775024414,83.34384155273438,-4.383444786071777,-31.852981567382812,73.03631591796875,,
1780510010.2521193,22046.238847624,-6.16878080368042,-48.56777572631836,80.51107788085938,-3.7617876529693604,-49.52942657470703,83.71073913574219,8.174945831298828,-31.178255081176758,82.07991027832031,-2.1991214752197266,-36.45620346069336,76.48637390136719,,
1780510010.2721236,22046.258754868,-7.274746417999268,-47.68564224243164,82.62158966064453,-6.670592784881592,-52.06210708618164,80.84407806396484,9.578019142150879,-28.107433319091797,80.36134338378906,-0.776171088218689,-41.022979736328125,79.71786499023438,,
1780510010.2921112,22046.278465104,-7.954385280609131,-45.51836013793945,84.33934783935547,-7.442059516906738,-52.15142059326172,78.50633239746094,9.435079574584961,-27.892353057861328,78.39735412597656,0.2544019818305969,-43.8709831237793,81.21138763427734,,
1780510010.3121183,22046.298459692,-6.749385833740234,-43.244869232177734,85.3342056274414,-7.643418788909912,-50.409568786621094,77.66838073730469,8.502738952636719,-27.86031150817871,76.94367980957031,1.4478002786636353,-45.2320671081543,82.2342758178711,,
1780510010.3321552,22046.318915272,-5.982367992401123,-40.695411682128906,85.511962890625,-7.238251209259033,-49.270286560058594,77.09052276611328,7.369637489318848,-27.762754440307617,76.47576141357422,1.3474117517471313,-45.73152160644531,82.9815444946289,,
1780510010.3520346,22046.33846917,-6.731276988983154,-39.532405853271484,85.6748046875,-6.047685146331787,-48.81034851074219,76.99871826171875,7.851118087768555,-28.41521644592285,76.3152084350586,-0.24970093369483948,-44.33556365966797,82.5875473022461,,
1780510010.3720927,22046.358469868,-7.85139274597168,-38.79509353637695,85.42167663574219,-4.717977046966553,-47.442596435546875,77.85074615478516,8.9778413772583,-30.596214294433594,76.1991958618164,-2.132416248321533,-41.71207809448242,82.17449188232422,,
1780510010.3927064,22046.379261294,-9.356366157531738,-38.94831848144531,84.90022277832031,-3.0201363563537598,-45.82815170288086,79.52456665039062,9.322188377380371,-33.13718032836914,76.20704650878906,-4.455226421356201,-37.78289031982422,81.54547119140625,,
1780510010.4120846,22046.39875294,-11.138959884643555,-39.97956466674805,84.2419662475586,-0.8316612243652344,-44.5010986328125,82.23234558105469,8.220404624938965,-35.137210845947266,77.02706909179688,-7.098532676696777,-33.61581802368164,80.25831604003906,,
1780510010.4320598,22046.419020396,-12.240290641784668,-42.044925689697266,83.03400421142578,1.3906885385513306,-42.910789489746094,85.6330795288086,7.076140403747559,-36.581642150878906,79.3869857788086,-9.796282768249512,-29.68250846862793,77.46891021728516,,
1780510010.4520051,22046.438896707,-10.92656135559082,-43.86576843261719,82.2488021850586,2.4592080116271973,-41.399452209472656,87.39462280273438,5.744898796081543,-38.14520263671875,81.82148742675781,-10.466019630432129,-26.820270538330078,75.09178161621094,,
1780510010.4720125,22046.458905798,-8.889057159423828,-44.90595245361328,81.25716400146484,2.825139045715332,-41.517845153808594,87.25395202636719,5.2314910888671875,-39.48617172241211,83.37789916992188,-8.932589530944824,-24.952598571777344,74.01255798339844,,
1780510010.4920664,22046.478380385,-6.994668483734131,-45.99103927612305,80.40790557861328,2.595360517501831,-42.80884552001953,86.55226135253906,5.9906816482543945,-39.62763595581055,83.92074584960938,-7.598516464233398,-25.210453033447266,72.84618377685547,,
1780510010.5120833,22046.498835998,-5.822870254516602,-47.03548049926758,79.36695861816406,1.6641640663146973,-44.515445709228516,85.75849151611328,6.854148864746094,-38.20933151245117,84.02217102050781,-6.437850475311279,-27.093904495239258,72.11026763916016,,
1780510010.5324135,22046.518636784,-5.421115875244141,-47.230186462402344,79.59574890136719,-0.8479480147361755,-47.64006805419922,84.64807891845703,7.412990570068359,-35.26618194580078,83.5360336303711,-5.020022392272949,-30.06951332092285,73.49717712402344,,
1780510010.5525706,22046.538930246,-6.112389087677002,-47.67512893676758,80.96282958984375,-4.441671848297119,-51.216835021972656,82.81310272216797,8.644721031188965,-31.71772575378418,82.69137573242188,-2.7873470783233643,-34.3610954284668,77.17385864257812,,
1780510010.5724275,22046.559082329,-7.671244144439697,-47.48980712890625,83.09526062011719,-7.041239261627197,-53.22230911254883,80.30888366699219,10.297243118286133,-28.66120719909668,81.03356170654297,-1.55717134475708,-38.915016174316406,80.29510498046875,,
1780510010.5925438,22046.579271673,-8.500933647155762,-45.92222213745117,84.74588775634766,-7.527983665466309,-52.57588195800781,78.17515563964844,10.200613975524902,-28.43556785583496,78.74002075195312,-0.398177832365036,-42.15977478027344,81.41043090820312,,
1780510010.6127234,22046.599140018,-7.624570846557617,-44.112850189208984,85.7541732788086,-7.708394527435303,-51.13859176635742,77.62821960449219,9.306718826293945,-27.83332633972168,77.04229736328125,0.44039902091026306,-43.82538604736328,81.98442840576172,,
1780510010.63255,22046.619648277,-6.889861583709717,-42.54638671875,86.24372863769531,-7.59937858581543,-50.358211517333984,77.49945068359375,8.637121200561523,-26.779775619506836,76.28460693359375,0.05547138303518295,-43.91205596923828,82.4865951538086,,
1780510010.6527865,22046.642984492,-7.6052141189575195,-42.06389617919922,86.40117645263672,-7.015050411224365,-49.95816421508789,78.02676391601562,9.804121971130371,-27.26666259765625,75.66117858886719,-1.8107889890670776,-42.40700912475586,81.92854309082031,,
1780510010.67243,22046.658786567,-8.50527572631836,-41.825077056884766,86.23283386230469,-6.1687164306640625,-48.80183792114258,79.12007141113281,11.09342098236084,-29.020360946655273,75.15099334716797,-3.679483413696289,-39.82676696777344,81.44088745117188,,
1780510010.6924114,22046.678762334,-9.682305335998535,-42.33741760253906,86.00575256347656,-5.0588531494140625,-47.69986343383789,80.93761444091797,11.165081024169922,-30.71799659729004,74.94562530517578,-6.003329753875732,-36.338401794433594,80.8653335571289,,
1780510010.7124038,22046.698729362,-11.16368293762207,-43.4930534362793,85.70278930664062,-3.6482179164886475,-46.58110809326172,83.73432922363281,9.781006813049316,-31.93937873840332,75.35929107666016,-8.621249198913574,-32.63125991821289,79.63548278808594,,
1780510010.7323856,22046.718894972,-11.883285522460938,-45.33310317993164,84.75699615478516,-2.068915605545044,-44.76646041870117,87.10517120361328,8.223636627197266,-32.927978515625,77.77519989013672,-11.23062515258789,-29.08890724182129,77.16521453857422,,
1780510010.752182,22046.738603491,-10.473532676696777,-47.10188674926758,83.57090759277344,-1.158629059791565,-42.939849853515625,89.20149993896484,6.460997581481934,-34.31195831298828,80.80548858642578,-11.98204517364502,-25.968292236328125,74.75480651855469,,
1780510010.7725186,22046.760047909,-8.169188499450684,-47.91200256347656,82.78887176513672,-0.45350173115730286,-42.39588165283203,89.15841674804688,5.394981384277344,-36.21141052246094,82.94426727294922,-10.577568054199219,-24.188358306884766,73.52234649658203,,
1780510010.792633,22046.779801625,-6.281291484832764,-48.1046028137207,81.74903869628906,0.15203072130680084,-42.8829345703125,88.42450714111328,5.641415596008301,-37.092689514160156,83.8865966796875,-9.037701606750488,-24.434925079345703,72.99614715576172,,
1780510010.812329,22046.800205386,-5.169216156005859,-48.68552017211914,80.9097900390625,-0.4056117534637451,-44.09050750732422,87.48169708251953,6.42268180847168,-36.2325439453125,83.99742889404297,-8.010485649108887,-25.93938446044922,72.14289093017578,,
1780510010.8321624,22046.819069691,-4.714479446411133,-49.257286071777344,80.83709716796875,-1.9928733110427856,-46.147151947021484,86.26264953613281,7.185657978057861,-34.2147331237793,83.39952850341797,-6.580051422119141,-28.498321533203125,72.53701782226562,,
1780510010.8524904,22046.83934935,-5.263050556182861,-49.76598358154297,81.69939422607422,-4.794225215911865,-49.15141677856445,84.5934066772461,8.022278785705566,-31.56182289123535,82.32119750976562,-4.292562007904053,-32.14517593383789,75.07743835449219,,
1780510010.8728175,22046.85944207,-6.44840145111084,-49.71969223022461,83.48329162597656,-7.694606781005859,-52.30903625488281,82.19551086425781,9.809584617614746,-28.153759002685547,80.77462005615234,-2.49287748336792,-36.515865325927734,78.66249084472656,,
1780510010.892509,22046.879132286,-7.646407127380371,-48.21308135986328,85.19265747070312,-9.199614524841309,-53.797889709472656,79.51605224609375,10.59866714477539,-26.335329055786133,78.87796783447266,-1.421942949295044,-39.44566345214844,80.8130874633789,,
1780510010.9128015,22046.900090353,-7.418613433837891,-46.182884216308594,86.32676696777344,-9.328238487243652,-52.85594177246094,77.94744873046875,10.088013648986816,-26.35523223876953,77.17903137207031,-0.23166817426681519,-41.476566314697266,81.82378387451172,,
1780510010.9322243,22046.919538006,-6.335475921630859,-43.93175506591797,86.71472930908203,-9.249160766601562,-51.522186279296875,77.3642349243164,9.142020225524902,-26.2474365234375,76.2898178100586,0.5044681429862976,-42.2099609375,82.7389907836914,,
1780510010.952405,22046.939037569,-6.394805908203125,-42.342185974121094,86.94620513916016,-8.449705123901367,-51.32907485961914,76.9979248046875,8.911361694335938,-26.202863693237305,75.77915954589844,-0.437093585729599,-41.45941925048828,82.7612533569336,,
1780510010.9727805,22046.960102965,-7.177822113037109,-41.38518524169922,86.87431335449219,-7.480221748352051,-50.35700225830078,77.59589385986328,9.783674240112305,-27.8302001953125,75.48050689697266,-1.9989094734191895,-39.62965774536133,82.37202453613281,,
1780510010.9924262,22046.979335427,-8.23658561706543,-41.35939025878906,86.59978485107422,-6.117290019989014,-48.98086166381836,79.09040069580078,10.452775955200195,-30.145933151245117,75.19583129882812,-3.9276490211486816,-36.44666290283203,81.74977111816406,,
1780510011.0121295,22046.999052585,-9.470409393310547,-42.06879425048828,86.12609100341797,-4.472927570343018,-47.694915771484375,81.25043487548828,9.981165885925293,-32.390228271484375,75.28939819335938,-6.193838596343994,-33.118019104003906,80.7943344116211,,
1780510011.0321605,22047.019533321,-10.88907241821289,-43.641544342041016,85.42389678955078,-2.46866512298584,-46.360965728759766,84.4138412475586,8.587687492370605,-33.7912712097168,76.75729370117188,-8.728829383850098,-30.07680892944336,78.8708724975586,,
1780510011.0520892,22047.03892682,-10.942957878112793,-45.6693000793457,84.10240173339844,-0.723030686378479,-44.317665100097656,87.4837417602539,7.214537620544434,-35.03852081298828,79.48167419433594,-11.110224723815918,-27.229019165039062,75.90538024902344,,
1780510011.0722165,22047.058885292,-9.21505355834961,-47.122886657714844,82.87651062011719,0.3916071355342865,-42.66193771362305,88.65593719482422,5.677350997924805,-36.69202423095703,82.00057220458984,-10.824321746826172,-24.860897064208984,73.94641876220703,,
1780510011.0920997,22047.078838871,-7.30856466293335,-47.60932922363281,81.7847671508789,1.4374582767486572,-42.47014617919922,88.07194519042969,5.5245466232299805,-38.59923553466797,83.37081146240234,-8.928150177001953,-24.158626556396484,73.24915313720703,,
1780510011.112083,22047.098628144,-6.1336469650268555,-48.05288314819336,80.41535186767578,1.8737845420837402,-43.04710388183594,87.25736999511719,6.255646705627441,-38.51383590698242,83.75331115722656,-7.671215057373047,-25.516860961914062,72.36483764648438,,
1780510011.1321144,22047.119308325,-5.384726047515869,-48.5215950012207,79.43455505371094,0.9471275806427002,-44.523658752441406,86.32718658447266,6.931890964508057,-36.63178634643555,83.72608947753906,-6.5738301277160645,-28.009387969970703,71.721435546875,,
1780510011.1527638,22047.139727699,-5.511406898498535,-48.54086685180664,79.53939819335938,-1.339362382888794,-47.297119140625,85.10125732421875,7.386332035064697,-33.935245513916016,83.19876861572266,-4.708353519439697,-31.56551742553711,73.4815902709961,,
1780510011.1720865,22047.15873957,-6.337389945983887,-48.62214279174805,81.04489135742188,-4.555192947387695,-50.695098876953125,83.0533218383789,8.837969779968262,-30.721586227416992,82.13353729248047,-2.5158450603485107,-36.35309600830078,77.30087280273438,,
1780510011.19211,22047.179623152,-7.837687969207764,-47.67628479003906,83.04191589355469,-6.967894077301025,-52.87349319458008,80.3885726928711,10.242936134338379,-28.240175247192383,80.17669677734375,-1.2685418128967285,-40.8254508972168,80.17049407958984,,
1780510011.2120752,22047.201137396,-8.377368927001953,-45.724491119384766,84.65843200683594,-7.378947734832764,-52.39315414428711,78.40169525146484,9.992241859436035,-28.302845001220703,77.82344818115234,-0.08482539653778076,-43.665462493896484,81.2469711303711,,
1780510011.2324157,22047.219171502,-7.236574172973633,-43.71920394897461,85.67440795898438,-7.3130717277526855,-50.866790771484375,77.76604461669922,8.989030838012695,-27.80710792541504,76.42513275146484,0.8610374927520752,-44.830509185791016,82.05596923828125,,
1780510011.252135,22047.238846959,-6.607190132141113,-41.614418029785156,85.93629455566406,-6.874797344207764,-49.889610290527344,77.44824981689453,8.107217788696289,-27.5250301361084,75.83441162109375,0.4830569624900818,-44.95250701904297,82.60011291503906,,
1780510011.272439,22047.258959892,-7.419515132904053,-40.707000732421875,85.97599792480469,-5.900235176086426,-49.4002685546875,77.86369323730469,9.18603229522705,-28.443309783935547,75.3285903930664,-1.3780709505081177,-43.14896011352539,81.98526763916016,,
1780510011.292421,22047.280869874,-8.3329439163208,-40.27183151245117,85.75531005859375,-4.784289836883545,-47.87420654296875,79.02690124511719,10.141776084899902,-30.570556640625,75.13365173339844,-3.2556769847869873,-40.18274688720703,81.56436920166016,,
1780510011.3124454,22047.299846125,-10.035073280334473,-40.817962646484375,85.31452941894531,-3.0918922424316406,-46.373497009277344,81.15705108642578,9.958953857421875,-32.831756591796875,75.32308959960938,-5.973976135253906,-36.23061752319336,80.74313354492188,,
1780510011.332161,22047.319729171,-11.846166610717773,-42.03791046142578,84.55823516845703,-0.9500228762626648,-44.833534240722656,84.3834228515625,8.253791809082031,-34.328697204589844,76.75509643554688,-8.828057289123535,-32.221832275390625,79.04344940185547,,
1780510011.3524468,22047.339613521,-11.990840911865234,-43.986907958984375,83.45672607421875,0.7983371019363403,-42.70493698120117,87.51322174072266,6.866170406341553,-35.551002502441406,79.58329772949219,-11.280024528503418,-28.633012771606445,76.21475219726562,,
1780510011.3725781,22047.359232264,-10.095243453979492,-45.57210922241211,82.53973388671875,1.4704447984695435,-41.34598159790039,88.51158905029297,5.285078525543213,-37.144344329833984,82.12429809570312,-10.914283752441406,-25.716712951660156,74.27427673339844,,
1780510011.3924015,22047.37890808,-7.895426273345947,-46.361541748046875,81.70549011230469,1.9460314512252808,-41.49834060668945,88.01995849609375,5.153261184692383,-38.611061096191406,83.58290100097656,-9.093489646911621,-24.81167221069336,73.443359375,,
1780510011.4124005,22047.398830972,-6.098361492156982,-47.18060302734375,80.7162857055664,1.9385188817977905,-42.556983947753906,87.18951416015625,6.096591472625732,-38.478553771972656,83.95208740234375,-7.826050281524658,-25.731752395629883,72.52753448486328,,
1780510011.4324558,22047.419265339,-5.262959957122803,-47.83291244506836,79.88284301757812,0.8050018548965454,-44.44977951049805,86.26814270019531,6.9380998611450195,-36.791259765625,83.87747955322266,-6.777578830718994,-27.829023361206055,71.99700164794922,,
1780510011.4526803,22047.439671577,-5.281398296356201,-48.2078971862793,80.3707275390625,-1.7051275968551636,-47.48393249511719,85.03411865234375,7.631445407867432,-34.130367279052734,83.03972625732422,-5.209386348724365,-30.63325309753418,73.37037658691406,,
1780510011.472442,22047.460622389,-6.0129780769348145,-48.66519546508789,81.91272735595703,-5.362685680389404,-50.97064971923828,82.96685028076172,8.640791893005371,-30.715513229370117,81.97774505615234,-2.870293617248535,-34.682857513427734,76.89698791503906,,
1780510011.4924035,22047.478857394,-7.4128241539001465,-47.93227767944336,83.97575378417969,-8.021629333496094,-53.262638092041016,80.1871566772461,10.127671241760254,-27.604764938354492,80.35545349121094,-1.6712430715560913,-38.675655364990234,80.03703308105469,,
1780510011.5124784,22047.4993104,-8.077889442443848,-46.30580139160156,85.45397186279297,-8.699578285217285,-53.02925491333008,78.07738494873047,10.017560005187988,-27.239395141601562,78.35143280029297,-0.5773330330848694,-41.36046600341797,81.37967681884766,,
1780510011.5321887,22047.518785911,-7.042198657989502,-44.38831329345703,86.34333038330078,-8.819746017456055,-51.49789047241211,77.45975494384766,9.22456169128418,-26.861047744750977,77.00843048095703,0.46214160323143005,-42.63754653930664,82.25762939453125,,
1780510011.5521648,22047.538604568,-6.460409164428711,-42.54366683959961,86.5979995727539,-8.548177719116211,-50.7463264465332,77.12389373779297,8.560718536376953,-26.234203338623047,76.51873016357422,0.15208761394023895,-42.59272384643555,82.79088592529297,,
1780510011.5724547,22047.559100097,-7.16384220123291,-41.94192886352539,86.82160949707031,-7.859095573425293,-50.50545883178711,77.3771743774414,9.494462013244629,-26.772369384765625,75.99796295166016,-1.583749532699585,-40.909481048583984,82.2699966430664,,
1780510011.5924459,22047.579239304,-8.123642921447754,-41.776851654052734,86.66751861572266,-6.906383037567139,-49.50518798828125,78.4979019165039,10.75252914428711,-28.55671501159668,75.60987091064453,-3.383150815963745,-38.205352783203125,81.7299575805664,,
1780510011.6124513,22047.599207036,-9.130444526672363,-42.2862663269043,86.4607162475586,-5.764141082763672,-48.34333801269531,80.37051391601562,11.010051727294922,-30.489076614379883,75.38744354248047,-5.539462089538574,-34.86891174316406,81.0543441772461,,
1780510011.6326623,22047.61956924,-10.2720947265625,-43.64498519897461,86.18017578125,-4.443691730499268,-47.37161636352539,83.00716400146484,10.003795623779297,-31.887840270996094,75.84320068359375,-7.878485679626465,-31.53483772277832,79.85858917236328,,
1780510011.6524642,22047.639573277,-11.108161926269531,-45.633731842041016,85.30123138427734,-2.9734020233154297,-46.01805114746094,86.28236389160156,8.61672592163086,-32.78789520263672,77.70863342285156,-10.410435676574707,-28.570676803588867,77.38495635986328,,
1780510011.6727788,22047.659735532,-10.000791549682617,-47.58708190917969,84.0448989868164,-2.0068581104278564,-44.270790100097656,88.62432098388672,7.154600620269775,-33.93037033081055,80.49527740478516,-11.606945037841797,-25.84126091003418,74.7410659790039,,
1780510011.6924403,22047.680314974,-7.971584796905518,-48.60200500488281,82.97992706298828,-1.0498586893081665,-43.373817443847656,89.01924896240234,5.8954877853393555,-35.809444427490234,82.58132934570312,-10.418617248535156,-23.944040298461914,73.4078598022461,,
1780510011.7121763,22047.698645223,-6.4071760177612305,-48.76747131347656,81.85155487060547,-0.054857730865478516,-43.4497184753418,88.41786193847656,5.926695823669434,-37.12104797363281,83.63224792480469,-8.94536304473877,-24.08868980407715,72.85228729248047,,
1780510011.7323332,22047.719610574,-5.399001121520996,-49.08054733276367,80.81996154785156,-0.1063363328576088,-44.27701187133789,87.56096649169922,6.535261154174805,-36.42529296875,83.7996597290039,-7.913041591644287,-25.77094078063965,72.03665161132812,,
1780510011.7528076,22047.739124179,-5.058045387268066,-49.48561096191406,80.3353500366211,-1.3949990272521973,-45.97309494018555,86.53455352783203,7.180285930633545,-34.338260650634766,83.44303894042969,-6.577054500579834,-28.465293884277344,72.14090728759766,,
1780510011.7725985,22047.759081153,-5.481371879577637,-49.78650665283203,80.9462890625,-3.99758243560791,-48.74675369262695,84.9528579711914,7.891501426696777,-31.65372085571289,82.55552673339844,-4.330590724945068,-32.45133972167969,74.63755798339844,,
1780510011.792145,22047.778414736,-6.53501558303833,-49.7879638671875,82.70904541015625,-6.956645488739014,-51.90950393676758,82.63179016113281,9.842495918273926,-28.5258731842041,80.93846893310547,-2.399648427963257,-37.270263671875,78.37944030761719,,
1780510011.8121705,22047.798562248,-7.9449663162231445,-48.28661346435547,84.4892578125,-8.413060188293457,-53.44099044799805,80.00908660888672,10.737772941589355,-26.926288604736328,78.62628173828125,-1.2214995622634888,-40.841346740722656,80.57936096191406,,
1780510011.8331277,22047.821454432,-7.773288726806641,-46.15501403808594,85.81640625,-8.387016296386719,-52.60523223876953,78.41133880615234,10.33745002746582,-27.064212799072266,76.62284851074219,-0.002044681226834655,-42.98662567138672,81.35344696044922,,
1780510011.852445,22047.839152166,-6.556602478027344,-43.65160369873047,86.34033203125,-8.199612617492676,-51.089473724365234,77.79518127441406,9.059866905212402,-26.971824645996094,75.59113311767578,0.7829093933105469,-43.954734802246094,82.33625030517578,,
1780510011.8724074,22047.859995883,-6.41588830947876,-41.813270568847656,86.62519836425781,-7.329177379608154,-50.59950256347656,77.55460357666016,8.772872924804688,-27.002981185913086,74.9208984375,-0.057202622294425964,-43.22876739501953,82.3823471069336,,
1780510011.8924813,22047.879561793,-7.218977928161621,-40.50458908081055,86.39576721191406,-6.267977714538574,-49.50074768066406,78.06964874267578,9.63038444519043,-28.899147033691406,74.69300079345703,-1.7652466297149658,-41.278316497802734,81.9940414428711,,
1780510011.912421,22047.899314733,-8.631213188171387,-40.31707000732422,86.0613021850586,-4.552692890167236,-47.7269172668457,79.77493286132812,10.074405670166016,-31.62128257751465,74.67142486572266,-4.035461902618408,-37.84796142578125,81.34610748291016,,
1780510011.932428,22047.919600327,-10.373157501220703,-40.96284103393555,85.41970825195312,-2.4753823280334473,-45.892032623291016,82.41598510742188,9.072892189025879,-34.07608413696289,75.24847412109375,-6.65850830078125,-33.83307647705078,80.32611846923828,,
1780510011.9524224,22047.938746513,-12.144837379455566,-42.72330856323242,84.002197265625,0.315956711769104,-43.7718505859375,86.22073364257812,7.365240573883057,-35.705814361572266,77.69012451171875,-9.606164932250977,-30.121347427368164,77.65830993652344,,
1780510011.9724922,22047.961899238,-11.346904754638672,-44.60691833496094,82.97942352294922,1.8817689418792725,-41.273292541503906,88.42496490478516,5.599701404571533,-37.31005859375,80.7341537475586,-11.128246307373047,-27.172578811645508,74.99620056152344,,
1780510011.992183,22047.979370359,-9.347102165222168,-45.48240280151367,81.91757202148438,2.801652193069458,-40.420841217041016,88.19480895996094,4.5982818603515625,-39.101318359375,82.90345764160156,-9.557806015014648,-25.340940475463867,73.86588287353516,,
1780510012.012053,22047.998587957,-7.486586570739746,-46.18679428100586,80.72994232177734,3.3472840785980225,-40.985939025878906,87.4390640258789,5.257926940917969,-39.97571563720703,83.7308578491211,-7.771199703216553,-25.43452262878418,73.10755920410156,,
1780510012.0324051,22048.01875955,-6.106487274169922,-47.088680267333984,79.3720932006836,3.1521213054656982,-42.2156867980957,86.53813934326172,6.28245210647583,-39.124183654785156,83.85943603515625,-6.623222351074219,-27.271963119506836,72.02157592773438,,
1780510012.0521288,22048.039460604,-5.6641526222229,-47.59877014160156,78.69527435302734,1.5877387523651123,-44.670326232910156,85.53871154785156,7.132190704345703,-37.031612396240234,83.49555969238281,-5.344710826873779,-29.99663543701172,72.03506469726562,,
1780510012.072222,22048.059476368,-6.140846252441406,-47.6132698059082,79.2425537109375,-1.2456591129302979,-48.25245666503906,84.20114135742188,7.667648792266846,-33.95781326293945,82.8215560913086,-3.4116010665893555,-33.59193801879883,74.32798767089844,,
1780510012.0921223,22048.079718023,-7.003625392913818,-47.68775177001953,81.35980987548828,-5.00305700302124,-51.57554626464844,81.78744506835938,8.981329917907715,-30.268579483032227,81.64849853515625,-1.4966453313827515,-38.35677719116211,78.23799896240234,,
1780510012.1126516,22048.100145105,-8.309113502502441,-46.49568557739258,83.40101623535156,-7.029533863067627,-52.908958435058594,79.1398696899414,9.619609832763672,-28.31548309326172,79.85266876220703,-0.6803228855133057,-41.81475830078125,80.70555114746094,,
1780510012.132141,22048.119030692,-8.005206108093262,-44.57587432861328,84.82640075683594,-7.322901248931885,-51.38356399536133,77.63416290283203,9.104126930236816,-28.678363800048828,77.84817504882812,0.5809851288795471,-44.107887268066406,81.69623565673828,,
1780510012.1521633,22048.139564946,-6.810870170593262,-42.3149299621582,85.57149505615234,-7.374973773956299,-50.104740142822266,76.93519592285156,7.993889331817627,-28.334293365478516,76.77786254882812,1.1743228435516357,-44.9045524597168,82.47549438476562,,
1780510012.1721344,22048.158912695,-6.661789894104004,-40.881935119628906,86.05274963378906,-6.9234089851379395,-49.994754791259766,76.55549621582031,7.911418437957764,-28.42483901977539,75.9061508178711,0.1261751502752304,-43.922794342041016,82.34272003173828,,
1780510012.1919453,22048.179836478,-7.397026538848877,-40.094520568847656,86.30653381347656,-5.941131591796875,-49.90715408325195,76.57868194580078,9.14008903503418,-30.405813217163086,74.73621368408203,-1.7716219425201416,-41.33053207397461,81.74898529052734,,
1780510012.2120469,22048.19843594,-8.372869491577148,-40.465084075927734,86.26960754394531,-4.528471946716309,-48.96365737915039,77.48804473876953,10.013038635253906,-33.715171813964844,73.31251525878906,-3.8724398612976074,-37.25550842285156,81.00541687011719,,
1780510012.2321694,22048.218866016,-9.83088493347168,-41.427284240722656,86.0521469116211,-2.5248239040374756,-47.53213882446289,79.77371215820312,9.206367492675781,-36.017398834228516,72.67597961425781,-6.810830593109131,-33.023216247558594,80.0241470336914,,
1780510012.2522402,22048.238898104,-11.626616477966309,-44.15592575073242,85.33222198486328,0.11207518726587296,-45.59379196166992,83.50349426269531,7.1255645751953125,-37.3350715637207,73.8014907836914,-10.14603328704834,-29.402650833129883,77.2273178100586,,
1780510012.2724185,22048.258959808,-10.988367080688477,-48.729129791259766,83.828125,1.56536066532135,-42.00163269042969,87.16194915771484,4.953009605407715,-37.31591796875,77.18096923828125,-12.72753620147705,-27.103120803833008,72.5351791381836,,
1780510012.2925491,22048.281172916,-8.146795272827148,-52.62074661254883,82.31242370605469,2.606311082839966,-39.2831916809082,88.0385971069336,2.8975131511688232,-37.62101745605469,80.38597106933594,-11.367188453674316,-26.416831970214844,69.46028137207031,,
1780510012.3127797,22048.299268309,-5.4746575355529785,-53.31276321411133,80.97613525390625,3.9041810035705566,-38.56816482543945,87.14202117919922,3.2280335426330566,-37.8809700012207,81.62603759765625,-8.974773406982422,-27.880786895751953,68.97880554199219,,
1780510012.3324428,22048.319313823,-4.0398478507995605,-53.590091705322266,78.9709701538086,4.621835708618164,-39.04225540161133,86.45150756835938,4.848658561706543,-36.74184036254883,81.58850860595703,-7.275012016296387,-30.539356231689453,67.6461181640625,,
1780510012.3522117,22048.338503331,-4.493396759033203,-54.32118606567383,77.0807876586914,4.485757827758789,-40.04227066040039,86.34798431396484,5.696796894073486,-34.84295654296875,81.65740203857422,-5.974737167358398,-33.70082473754883,65.87591552734375,,
1780510012.3721852,22048.358689357,-5.672402381896973,-53.88652038574219,76.32965087890625,3.276499032974243,-42.248260498046875,86.03240966796875,5.52000093460083,-32.58578109741211,81.15412902832031,-4.635528087615967,-37.51203155517578,65.981201171875,,
1780510012.3921604,22048.378619484,-6.768836975097656,-53.24317932128906,76.76644897460938,0.7602495551109314,-45.8441047668457,84.53913116455078,5.5269455909729,-29.96918296813965,79.98951721191406,-2.3830692768096924,-41.601890563964844,67.90028381347656,,
1780510012.4121633,22048.39936366,-8.1694974899292,-52.40812301635742,79.45750427246094,-2.8521034717559814,-50.33744430541992,81.25076293945312,7.4766035079956055,-28.591936111450195,77.4925537109375,-0.5596953630447388,-46.50616455078125,72.18357849121094,,
1780510012.4320893,22048.418901932,-9.992635726928711,-48.19818878173828,82.63799285888672,-4.398679733276367,-54.58039474487305,76.9182357788086,9.49307632446289,-30.95339584350586,73.14968872070312,0.078678660094738,-48.0620002746582,76.53672790527344,,
1780510012.452103,22048.438793443,-8.701648712158203,-42.558189392089844,84.92030334472656,-3.7791125774383545,-53.883174896240234,73.41222381591797,9.173933029174805,-34.375526428222656,70.24136352539062,2.16428542137146,-47.59274673461914,79.38639068603516,,
1780510012.472152,22048.459427678,-5.708713531494141,-36.54585647583008,85.18364715576172,-2.190387010574341,-50.700191497802734,72.03862762451172,6.5867600440979,-35.57927703857422,69.777099609375,3.812979221343994,-47.122825622558594,82.2313003540039,,
1780510012.492187,22048.478799654,-4.8478217124938965,-32.52555847167969,85.28479766845703,0.05290824547410011,-49.522605895996094,70.95482635498047,4.8115339279174805,-37.21051788330078,69.1629409790039,2.780369281768799,-44.57699203491211,83.08110809326172,,
1780510012.51277,22048.499227297,-6.986994743347168,-30.78463363647461,85.1888427734375,3.2328834533691406,-48.159549713134766,70.89281463623047,4.439723014831543,-42.47751235961914,67.92649841308594,-0.45744583010673523,-38.919456481933594,82.88426971435547,,
1780510012.5321548,22048.518423188,-11.066871643066406,-33.09477233886719,83.40755462646484,8.2855806350708,-43.69855499267578,75.50326538085938,3.073869466781616,-46.7424430847168,69.0857925415039,-4.370794296264648,-32.55827331542969,80.90902709960938,,
1780510012.5521507,22048.538514437,-12.97314167022705,-38.57500457763672,81.62845611572266,12.024056434631348,-37.426570892333984,82.0678939819336,1.5469789505004883,-46.738948822021484,73.00298309326172,-8.704021453857422,-30.101654052734375,76.21629333496094,,
1780510012.572264,22048.558580203,-11.498929023742676,-44.18736267089844,80.23158264160156,11.615619659423828,-33.07194900512695,84.25704956054688,-0.5840945839881897,-43.33320617675781,77.5203857421875,-10.25041389465332,-31.252487182617188,71.48867797851562,,
1780510012.5921757,22048.57898184,-8.091972351074219,-47.36525344848633,77.93989562988281,11.41330623626709,-31.81764030456543,83.74210357666016,-0.3567001223564148,-41.00170135498047,80.12488555908203,-7.159741401672363,-32.33355712890625,69.43482208251953,,
1780510012.6124992,22048.599176797,-4.143562316894531,-48.412750244140625,75.49871063232422,11.22522258758545,-33.358497619628906,83.376708984375,1.8197726011276245,-39.67914581298828,80.75931549072266,-4.298810958862305,-34.193233489990234,68.98471069335938,,
1780510012.6322575,22048.618657658,-3.730304479598999,-49.12050247192383,72.7479476928711,10.619417190551758,-36.005489349365234,82.77806854248047,4.261998176574707,-38.52561569213867,80.4385757446289,-2.0033037662506104,-36.62146759033203,67.55098724365234,,
1780510012.652664,22048.640939133,-5.740993022918701,-48.716590881347656,71.85017395019531,8.484363555908203,-40.25581741333008,83.0034408569336,4.7819647789001465,-36.440250396728516,79.90278625488281,-1.2563170194625854,-40.98912048339844,66.8807144165039,,
1780510012.6728294,22048.659116907,-7.186643123626709,-47.443756103515625,73.36392211914062,4.426535606384277,-44.877777099609375,81.52912902832031,5.069463729858398,-34.02797317504883,79.2042007446289,1.088563323020935,-45.89144515991211,70.3714370727539,,
1780510012.6926472,22048.678913522,-9.33406925201416,-45.6544303894043,77.18230438232422,1.1336569786071777,-49.437381744384766,77.9736557006836,7.216011047363281,-34.491546630859375,76.57884979248047,1.8768970966339111,-50.18864440917969,75.31604766845703,,
1780510012.7126763,22048.699463511,-10.108071327209473,-41.968746185302734,80.30453491210938,0.5175051689147949,-51.263511657714844,73.81028747558594,7.535860538482666,-38.25666809082031,72.53736877441406,2.82405686378479,-50.98012924194336,78.46687316894531,,
1780510012.7324126,22048.719295891,-7.5660481452941895,-36.293949127197266,82.47818756103516,1.0535963773727417,-50.122772216796875,71.26599884033203,5.723153114318848,-40.150238037109375,70.2948989868164,4.627391815185547,-50.19075012207031,80.91105651855469,,
1780510012.7525346,22048.739202767,-5.150083065032959,-32.41851806640625,83.6351318359375,1.9129626750946045,-48.740081787109375,70.05326843261719,3.4534034729003906,-39.568946838378906,70.09532928466797,4.915408611297607,-48.16590118408203,82.9424819946289,,
1780510012.7723763,22048.759352466,-5.1639723777771,-29.94207191467285,84.12834167480469,4.223605632781982,-48.258480072021484,68.63612365722656,2.9510655403137207,-42.13070297241211,68.85665130615234,2.7781803607940674,-43.58393096923828,83.30589294433594,,
1780510012.7927032,22048.779548504,-8.00407886505127,-30.913381576538086,83.74044036865234,7.97044563293457,-45.81338882446289,70.3614501953125,3.323249101638794,-47.08687973022461,67.72776794433594,-0.7112405896186829,-36.5970344543457,82.35616302490234,,
1780510012.8126218,22048.799436748,-12.053690910339355,-35.33172607421875,81.54170989990234,12.941518783569336,-40.952232360839844,76.3395004272461,1.3456966876983643,-49.07872009277344,69.55453491210938,-4.79722785949707,-31.196435928344727,78.94518280029297,,
1780510012.8326254,22048.819075456,-12.541037559509277,-42.56852722167969,80.04402923583984,13.904254913330078,-34.92439651489258,81.96372985839844,-0.21674932539463043,-46.17124557495117,73.6231689453125,-9.02177906036377,-31.11008071899414,73.51531982421875,,
1780510012.8528452,22048.839992786,-9.442069053649902,-48.96939468383789,77.67040252685547,12.586161613464355,-31.811809539794922,83.2226791381836,-1.9602203369140625,-41.91856002807617,77.5758285522461,-8.481355667114258,-32.562828063964844,67.99531555175781,,
1780510012.8721955,22048.858843294,-5.122737884521484,-51.2725944519043,75.15030670166016,12.115973472595215,-31.632593154907227,83.25694274902344,-1.0810043811798096,-39.03680419921875,79.32746124267578,-5.239320278167725,-34.404964447021484,66.72974395751953,,
1780510012.8926876,22048.879430007,-2.6972644329071045,-51.26206970214844,72.37408447265625,11.775396347045898,-33.985267639160156,83.08145904541016,1.9309638738632202,-37.501548767089844,79.24447631835938,-2.898198127746582,-37.02522659301758,65.8530044555664,,
1780510012.912312,22048.898749679,-4.301713943481445,-51.712303161621094,70.51431274414062,10.81009578704834,-37.12621307373047,83.13155364990234,3.575822591781616,-35.68128204345703,78.74993133544922,-1.3184137344360352,-40.59586715698242,63.62276840209961,,
1780510012.9321775,22048.918593612,-6.798292636871338,-51.137451171875,70.58341217041016,8.012505531311035,-41.23627853393555,83.17119598388672,3.3283157348632812,-33.53528594970703,78.49833679199219,0.09639894217252731,-45.17226028442383,63.816226959228516,,
1780510012.9527938,22048.939765903,-8.412434577941895,-50.01713943481445,73.6284408569336,3.8524320125579834,-45.97422790527344,80.40670013427734,5.138759613037109,-32.65798568725586,76.73673248291016,2.4752066135406494,-50.21904754638672,68.88105773925781,,
1780510012.9729009,22048.959492211,-10.782292366027832,-46.956031799316406,77.7231674194336,1.719414472579956,-52.00402069091797,75.50759887695312,7.606813907623291,-36.41245651245117,71.82637786865234,2.7262351512908936,-52.24563980102539,73.71306610107422,,
1780510012.9923885,22048.979157641,-9.638504028320312,-40.884193420410156,81.8373031616211,1.3256165981292725,-53.84117126464844,70.36039733886719,7.386613845825195,-41.10086441040039,66.72222900390625,4.415074348449707,-50.84768295288086,77.76952362060547,,
1780510013.0125961,22048.999748176,-5.772096157073975,-34.51572036743164,83.6743392944336,2.2651758193969727,-51.285064697265625,68.43443298339844,4.922690391540527,-41.81047058105469,65.62599182128906,6.360990047454834,-48.94428253173828,81.71184539794922,,
1780510013.0326324,22049.019795158,-3.300757646560669,-30.626209259033203,84.33732604980469,4.232737064361572,-48.59177780151367,67.56053924560547,3.0304088592529297,-40.95921325683594,66.4594497680664,5.8620405197143555,-46.11600112915039,83.76722717285156,,
1780510013.052201,22049.038907995,-4.82115364074707,-29.10995101928711,85.16141510009766,7.534524917602539,-48.341461181640625,66.1859130859375,2.437615156173706,-46.35612869262695,63.59547424316406,2.4815330505371094,-39.73992919921875,84.03079986572266,,
1780510013.0726614,22049.059383137,-9.82208251953125,-32.754859924316406,83.80595397949219,13.016914367675781,-44.48612976074219,70.6693344116211,1.4039101600646973,-51.15692901611328,63.3177604675293,-1.7339344024658203,-31.726144790649414,81.87140655517578,,
1780510013.0922058,22049.078586439,-12.872847557067871,-39.724945068359375,81.39144134521484,16.873966217041016,-36.7548828125,78.92557525634766,-1.0876508951187134,-50.153465270996094,67.52847290039062,-7.034136772155762,-28.99242401123047,76.79962158203125,,
1780510013.1120872,22049.098545402,-11.518132209777832,-47.21723937988281,79.50254821777344,15.319029808044434,-30.747386932373047,83.13145446777344,-4.250264644622803,-44.48909378051758,73.25797271728516,-10.593721389770508,-31.46486473083496,71.21756744384766,,
1780510013.1320946,22049.118464901,-6.4538750648498535,-50.56843948364258,75.69692993164062,13.66463565826416,-27.97519874572754,82.94513702392578,-5.174062728881836,-40.169395446777344,78.05859375,-7.388656139373779,-32.98160934448242,68.07183074951172,,
1780510013.1527367,22049.139548688,-0.9590017795562744,-51.07747268676758,72.1219253540039,12.200620651245117,-29.55997085571289,82.84611511230469,-2.9809792041778564,-37.62113571166992,79.25887298583984,-2.9200432300567627,-35.2291259765625,67.93863677978516,,
1780510013.172087,22049.158666431,0.8329494595527649,-50.84251403808594,68.62266540527344,11.066034317016602,-32.34279251098633,81.96261596679688,0.18802635371685028,-36.18684768676758,79.53681182861328,1.0871798992156982,-37.89786148071289,67.52676391601562,,
1780510013.192126,22049.178829424,-2.328749656677246,-50.13998794555664,67.05487823486328,9.201156616210938,-36.75007629394531,82.33444213867188,1.8236472606658936,-35.056724548339844,79.42213439941406,2.3842854499816895,-42.6772346496582,67.53677368164062,,
1780510013.2120082,22049.199136314,-5.4618706703186035,-48.47137451171875,69.11229705810547,6.548747539520264,-41.00812911987305,80.07727813720703,4.812645435333252,-35.62999725341797,77.5035400390625,4.829081058502197,-48.06496047973633,72.36056518554688,,
1780510013.2323158,22049.219473847,-8.413484573364258,-45.92342758178711,73.19075775146484,4.737148761749268,-45.923492431640625,75.90404510498047,7.996537685394287,-40.055850982666016,71.30674743652344,5.805876731872559,-51.602325439453125,76.2848129272461,,
1780510013.252113,22049.238997094,-8.003853797912598,-40.61753845214844,77.73808288574219,4.596728801727295,-48.764686584472656,71.9073486328125,8.348605155944824,-44.834373474121094,64.3285903930664,7.555044651031494,-51.550865173339844,78.4268569946289,,
1780510013.272058,22049.25886926,-4.696455955505371,-34.53144073486328,81.1395034790039,4.7377471923828125,-48.42113494873047,70.43511199951172,6.054765224456787,-45.26807403564453,62.737735748291016,8.91653060913086,-49.73135757446289,80.89869689941406,,
1780510013.2927675,22049.279241672,-2.7323074340820312,-30.680381774902344,81.88683319091797,5.022182941436768,-46.791629791259766,70.48780059814453,4.3917083740234375,-44.816741943359375,63.44428253173828,6.998688220977783,-45.87322998046875,82.91841888427734,,
1780510013.3126972,22049.2989731,-5.359529972076416,-30.390439987182617,81.64920043945312,7.892737865447998,-44.42523193359375,70.85307312011719,4.424154758453369,-49.57921600341797,61.976593017578125,3.136145830154419,-39.33652877807617,83.51905059814453,,
1780510013.3322973,22049.319194992,-11.82890796661377,-34.49220657348633,78.73218536376953,12.589451789855957,-39.34990310668945,75.00594329833984,3.1087167263031006,-52.161190032958984,63.953128814697266,-0.6039019823074341,-33.04399871826172,81.43217468261719,,
1780510013.3525884,22049.340203744,-15.608952522277832,-42.437557220458984,75.49187469482422,14.343867301940918,-33.40189743041992,81.44357299804688,0.34790754318237305,-49.73337173461914,69.25540161132812,-4.010709285736084,-31.606143951416016,76.1603012084961,,
1780510013.3726156,22049.360012434,-13.792783737182617,-50.799068450927734,72.99417877197266,12.25984001159668,-30.376113891601562,84.3885498046875,-1.4650455713272095,-44.48659133911133,75.0616683959961,-4.658596992492676,-33.95518493652344,68.47317504882812,,
1780510013.3922558,22049.378717282,-10.400436401367188,-54.42531204223633,71.40898132324219,11.713685035705566,-31.20494842529297,84.40438079833984,-0.06780990213155746,-40.90819549560547,77.23322296142578,-1.4606481790542603,-35.20242691040039,64.70728302001953,,
1780510013.412161,22049.398787783,-8.727243423461914,-53.3693733215332,69.29486846923828,11.516153335571289,-34.29113006591797,84.44035339355469,3.2799105644226074,-39.84393310546875,77.28084564208984,0.24846291542053223,-36.54164123535156,64.76065826416016,,
1780510013.4321206,22049.418974086,-10.602982521057129,-53.13315963745117,68.11634826660156,10.860233306884766,-37.79489517211914,84.03758239746094,5.414901256561279,-38.77353286743164,76.85482788085938,1.6395728588104248,-39.69989013671875,62.12482452392578,,
1780510013.4529572,22049.439991593,-12.50217342376709,-52.82438278198242,69.10160064697266,6.274677753448486,-42.48435592651367,83.44454956054688,3.620431423187256,-36.242576599121094,76.35105895996094,4.1024956703186035,-46.1338005065918,61.458656311035156,,
1780510013.4722874,22049.459318052,-12.04599666595459,-49.315006256103516,73.50730895996094,-0.11385754495859146,-48.380550384521484,79.55132293701172,5.229889392852783,-35.267364501953125,74.45601654052734,6.203383445739746,-52.190757751464844,67.90452575683594,,
1780510013.4926672,22049.479305448,-12.316352844238281,-44.5733642578125,77.375,-1.6789560317993164,-51.8592643737793,75.08309173583984,7.867440700531006,-39.229156494140625,70.15789031982422,5.403167247772217,-52.888832092285156,74.17367553710938,,
1780510013.512149,22049.498696784,-8.614327430725098,-37.534637451171875,80.368896484375,-0.5606111288070679,-50.032325744628906,71.43310546875,7.819697380065918,-44.12921142578125,65.9494400024414,7.00925350189209,-51.98427963256836,78.72840881347656,,
1780510013.5320556,22049.518377219,-4.947988033294678,-31.819931030273438,82.1150131225586,1.829149603843689,-47.97338104248047,70.01729583740234,5.353337287902832,-44.684146881103516,64.61902618408203,8.147229194641113,-50.608360290527344,81.81645202636719,,
1780510013.5521638,22049.53867291,-4.497482776641846,-28.767578125,83.99250793457031,5.968945503234863,-47.28987121582031,69.00775146484375,4.005958557128906,-45.9024772644043,62.56758117675781,5.716205596923828,-45.84465789794922,82.5711898803711,,
1780510013.5721247,22049.561656676,-9.412795066833496,-31.379823684692383,84.32102966308594,13.362991333007812,-44.962074279785156,72.49748992919922,2.807859182357788,-51.30955505371094,59.341827392578125,0.4389041066169739,-36.85835266113281,81.5339126586914,,
1780510013.5921435,22049.579079731,-15.432644844055176,-38.698455810546875,79.43887329101562,18.979297637939453,-38.17825698852539,81.72949981689453,-0.11356373876333237,-50.52825927734375,62.3006591796875,-4.3056745529174805,-30.293628692626953,77.50187683105469,,
1780510013.6122773,22049.598991961,-15.378307342529297,-46.05867004394531,77.52129364013672,17.485628128051758,-30.953338623046875,86.06621551513672,-3.370335817337036,-44.54856491088867,68.4888916015625,-9.18115520477295,-31.474639892578125,74.74468994140625,,
1780510013.63219,22049.618685004,-10.36886215209961,-48.03770065307617,72.84724426269531,14.976959228515625,-28.072338104248047,84.8536148071289,-6.63373327255249,-40.38241195678711,75.1714096069336,-8.522919654846191,-31.972671508789062,72.16360473632812,,
1780510013.652817,22049.639153769,-3.802061080932617,-49.42218017578125,68.83946990966797,12.816383361816406,-28.92607307434082,83.84430694580078,-5.281125068664551,-37.47441101074219,77.39968872070312,-3.1419427394866943,-33.440216064453125,72.24011993408203,,
1780510013.6727557,22049.659676948,0.0779801607131958,-49.83708190917969,65.58412170410156,10.740416526794434,-32.38087463378906,82.6069564819336,-1.8213807344436646,-36.41604232788086,78.35562896728516,2.0374348163604736,-36.09291458129883,72.40792083740234,,
1780510013.6926448,22049.679833439,-2.6588175296783447,-49.39661407470703,64.90547943115234,9.073034286499023,-37.27615737915039,81.97216033935547,2.5071678161621094,-36.1903076171875,77.66465759277344,4.678103923797607,-41.80900573730469,73.48693084716797,,
1780510013.7126982,22049.699589591,-6.0569610595703125,-47.28084945678711,68.81075286865234,6.947012424468994,-41.93949508666992,78.70726013183594,7.860208988189697,-38.90846633911133,73.58472442626953,7.370083332061768,-48.143836975097656,77.22071075439453,,
1780510013.7322493,22049.718934284,-8.185823440551758,-44.263240814208984,73.86415100097656,6.6221208572387695,-46.04008102416992,74.90058135986328,9.625401496887207,-43.271419525146484,66.81629180908203,8.752315521240234,-50.78354263305664,78.14464569091797,,
1780510013.7522092,22049.738905042,-5.877791404724121,-39.03562545776367,78.49068450927734,6.125606060028076,-47.64094924926758,71.6888656616211,8.017991065979004,-45.942718505859375,61.431846618652344,10.437562942504883,-49.99283981323242,79.68160247802734,,
1780510013.7720902,22049.759423147,-3.2515783309936523,-33.79145812988281,80.85012817382812,5.715988636016846,-47.32618713378906,70.98365020751953,5.382927894592285,-45.839019775390625,61.34680938720703,9.080410957336426,-47.280574798583984,81.59521484375,,
1780510013.7926066,22049.779511884,-3.5595500469207764,-31.234256744384766,81.44039154052734,6.729647636413574,-45.04576110839844,71.16402435302734,4.214493751525879,-47.87074279785156,61.654788970947266,5.776679515838623,-42.03272247314453,83.2037124633789,,
1780510013.8122973,22049.799282842,-8.738554000854492,-33.19667053222656,79.84892272949219,10.760684967041016,-40.738582611083984,73.56597900390625,3.611534357070923,-51.99888229370117,62.310707092285156,1.4719403982162476,-35.58753204345703,82.70270538330078,,
1780510013.8322043,22049.818950591,-14.67650032043457,-39.055259704589844,75.79721069335938,13.929642677307129,-35.04838943481445,79.369140625,0.5838134288787842,-51.5546989440918,67.18524932861328,-1.9542433023452759,-32.09926223754883,78.5607681274414,,
1780510013.8520625,22049.838349952,-14.717476844787598,-48.39872360229492,73.31155395507812,12.511979103088379,-30.428417205810547,83.9729995727539,-1.5741736888885498,-46.36800003051758,73.59571838378906,-4.174446105957031,-34.35923385620117,70.9707260131836,,
1780510013.8722243,22049.858550642,-11.5159273147583,-54.40116882324219,71.66854858398438,11.570127487182617,-31.034481048583984,84.84761810302734,-1.2854236364364624,-41.679664611816406,76.5194091796875,-2.6271860599517822,-36.78103256225586,64.06674194335938,,
1780510013.8918664,22049.878458332,-9.870641708374023,-54.526527404785156,70.39888000488281,11.97304630279541,-33.4804573059082,85.19195556640625,2.2681820392608643,-40.437313079833984,76.64970397949219,-0.5894988775253296,-37.57294845581055,63.634273529052734,,
1780510013.9119272,22049.898617087,-11.017349243164062,-53.45680236816406,69.05562591552734,11.960653305053711,-36.962799072265625,84.23780822753906,5.314594745635986,-39.995121002197266,76.17835998535156,0.6262603402137756,-39.10161590576172,62.55289077758789,,
1780510013.932324,22049.918764462,-13.25609016418457,-53.972801208496094,69.82698059082031,8.429919242858887,-41.30076217651367,83.75476837158203,4.2876410484313965,-37.64345932006836,75.25983428955078,2.8402042388916016,-45.379024505615234,59.92628860473633,,
1780510013.9521592,22049.938530833,-11.937980651855469,-50.75431442260742,74.57015228271484,0.49200156331062317,-48.61775207519531,80.02976989746094,3.4521377086639404,-35.309654235839844,73.80570220947266,6.166913986206055,-52.737579345703125,65.22047424316406,,
1780510013.972199,22049.958638639,-12.030256271362305,-45.234317779541016,78.76920318603516,-2.863464117050171,-53.781776428222656,76.10211181640625,4.992895126342773,-36.673946380615234,71.44970703125,5.155985355377197,-54.14546585083008,71.95543670654297,,
1780510013.9922655,22049.979117135,-8.740118026733398,-38.07006072998047,81.27397155761719,-4.29804801940918,-53.24117660522461,72.22309112548828,5.0123186111450195,-40.819740295410156,68.7138900756836,5.388640403747559,-52.34590530395508,78.6555404663086,,
1780510014.0121264,22049.999281915,-4.760903358459473,-32.17246627807617,81.76753997802734,-3.706321954727173,-50.16929244995117,70.56575775146484,3.212784767150879,-43.06174850463867,68.8642807006836,6.618078708648682,-51.21299362182617,83.72364807128906,,
1780510014.0318863,22050.01864993,-2.4365789890289307,-28.534887313842773,82.44051361083984,-2.0127768516540527,-47.5353889465332,69.98294067382812,1.528096079826355,-42.219505310058594,69.90928649902344,7.368363857269287,-50.03133773803711,85.48041534423828,,
1780510014.0520291,22050.038676257,-3.595834255218506,-26.808006286621094,83.81665802001953,0.893912672996521,-47.41145324707031,67.77276611328125,1.8202413320541382,-45.37083053588867,67.68025970458984,5.410747051239014,-45.42486572265625,85.06417083740234,,
1780510014.0720944,22050.058488824,-7.751991271972656,-29.164644241333008,83.86386108398438,5.61818265914917,-45.8101692199707,69.43669128417969,3.42390513420105,-50.09964370727539,65.46268463134766,0.9664071202278137,-37.74433898925781,83.48542785644531,,
1780510014.0921621,22050.078762005,-12.726425170898438,-34.44613265991211,81.61054992675781,11.851712226867676,-41.275264739990234,75.94020080566406,2.2280828952789307,-51.349639892578125,66.53224182128906,-3.877873182296753,-31.18655776977539,79.86180877685547,,
1780510014.1121578,22050.099136689,-14.375336647033691,-41.91628646850586,80.363525390625,14.327159881591797,-36.14020919799805,82.4306869506836,-0.7308619618415833,-48.30552291870117,70.04764556884766,-9.063027381896973,-29.38556671142578,74.51956939697266,,
1780510014.1321936,22050.119298657,-11.631369590759277,-47.56913375854492,76.55894470214844,12.994256019592285,-31.44111442565918,84.04925537109375,-4.375044822692871,-42.930999755859375,75.86996459960938,-9.501670837402344,-30.396482467651367,70.34441375732422,,
1780510014.1522543,22050.138700545,-5.3815107345581055,-48.927494049072266,72.53398132324219,11.43263053894043,-30.82122230529785,83.55644989013672,-5.0499796867370605,-39.150428771972656,79.40353393554688,-5.895539283752441,-31.683757781982422,69.8792953491211,,
1780510014.172182,22050.15889441,1.1002167463302612,-48.454864501953125,67.81724548339844,8.788991928100586,-34.303741455078125,82.80038452148438,-3.4206254482269287,-36.722110748291016,80.71427154541016,-1.024619698524475,-34.516910552978516,71.00716400146484,,
1780510014.1922626,22050.178864097,1.1884022951126099,-48.32828903198242,65.55404663085938,6.299526691436768,-39.31266403198242,81.67049407958984,1.003044843673706,-35.41572189331055,80.31157684326172,3.429844379425049,-40.744415283203125,73.52799987792969,,
1780510014.2121792,22050.198801589,-2.702389717102051,-46.04170227050781,70.74430084228516,5.4505462646484375,-44.779640197753906,78.11006164550781,7.011967182159424,-39.74711990356445,74.95147705078125,6.447189807891846,-48.64725112915039,79.15540313720703,,
1780510014.232203,22050.218729179,-6.8201069831848145,-44.61071014404297,76.58653259277344,8.261117935180664,-47.96477508544922,74.99269104003906,9.220367431640625,-45.74814987182617,66.4377670288086,9.527615547180176,-51.59828567504883,79.3049545288086,,
1780510014.2521706,22050.23916103,-5.629436492919922,-40.2562370300293,82.41036224365234,11.155651092529297,-48.785160064697266,72.37971496582031,8.801965713500977,-48.250858306884766,59.33401870727539,11.447067260742188,-50.20261764526367,79.43161010742188,,
1780510014.27224,22050.258604719,-4.948558807373047,-37.11705780029297,84.8160400390625,13.034882545471191,-48.26715087890625,73.48757934570312,7.182792663574219,-47.96535873413086,57.92925262451172,7.933034420013428,-46.17054748535156,80.0165786743164,,
1780510014.292101,22050.278614359,-9.510604858398438,-38.481658935546875,83.6220932006836,17.81037712097168,-45.280033111572266,78.39381408691406,4.763787269592285,-50.07693099975586,57.33967590332031,1.2636773586273193,-37.8850212097168,78.65776062011719,,
1780510014.312243,22050.298945153,-14.709590911865234,-44.033119201660156,78.80201721191406,20.898963928222656,-38.39876174926758,84.26189422607422,-0.6950731873512268,-48.3857307434082,60.24565505981445,-4.839359760284424,-31.949316024780273,76.63462829589844,,
1780510014.3322952,22050.319188438,-14.241610527038574,-50.175453186035156,75.79288482666016,17.936723709106445,-30.23518943786621,86.30583953857422,-3.6857151985168457,-42.61690139770508,67.2833023071289,-8.769957542419434,-32.2435417175293,74.02945709228516,,
1780510014.3521993,22050.339744324,-9.288152694702148,-52.367774963378906,73.6441879272461,14.899642944335938,-26.927221298217773,84.90882873535156,-5.486027717590332,-39.07001495361328,73.74528503417969,-7.480493068695068,-33.10527420043945,71.19342803955078,,
1780510014.3721828,22050.358940409,-2.974202871322632,-53.11204147338867,71.15547943115234,13.37572193145752,-27.06317710876465,83.625732421875,-4.0779643058776855,-37.02468490600586,76.15662384033203,-3.894111156463623,-34.82980728149414,69.8824234008789,,
1780510014.39223,22050.380510969,-0.5482396483421326,-53.65141296386719,68.0186767578125,12.76517391204834,-29.423072814941406,82.73133087158203,-0.5499195456504822,-36.22366714477539,77.12601470947266,-0.9488635659217834,-37.68889236450195,68.17992401123047,,
1780510014.4122305,22050.398516736,-3.688417434692383,-53.0127067565918,66.84043884277344,12.152935028076172,-33.2415885925293,83.31724548339844,2.4049675464630127,-35.68381118774414,77.7054443359375,0.3462004065513611,-42.5208625793457,66.1068344116211,,
1780510014.4323409,22050.418926741,-6.961264610290527,-50.1764030456543,68.156982421875,9.516063690185547,-37.7529182434082,83.08689880371094,3.3179116249084473,-35.13593673706055,77.78575897216797,2.365130662918091,-47.113067626953125,67.09162139892578,,
1780510014.4522402,22050.438524603,-9.235715866088867,-47.09066390991211,71.45186614990234,4.950302600860596,-43.05957794189453,79.99443817138672,5.101041316986084,-35.132205963134766,75.93151092529297,5.034594535827637,-51.22687530517578,71.01539611816406,,
1780510014.4722524,22050.458605137,-9.780502319335938,-41.15526580810547,75.82166290283203,0.9189385771751404,-47.91079330444336,75.98185729980469,6.1738457679748535,-37.5787467956543,72.92339324951172,5.271662712097168,-53.107688903808594,75.42432403564453,,
1780510014.4921877,22050.478569407,-7.118051528930664,-34.514122009277344,78.93102264404297,-1.28084397315979,-48.25823974609375,73.64615631103516,4.031918525695801,-39.98267364501953,72.20277404785156,6.01246976852417,-52.41328048706055,80.29833221435547,,
1780510014.51219,22050.498540462,-3.749911308288574,-30.17605972290039,79.56339263916016,-2.2216787338256836,-46.344539642333984,73.31391143798828,0.9891065955162048,-39.57600784301758,74.87291717529297,6.887723445892334,-51.29906463623047,84.31966400146484,,
1780510014.532301,22050.518565545,-2.495439052581787,-27.8078556060791,80.04479217529297,-1.8088359832763672,-44.05107879638672,72.69015502929688,-0.9052448868751526,-39.19469451904297,77.56123352050781,7.076210975646973,-50.16139602661133,86.09747314453125,,
1780510014.5521977,22050.53939518,-4.023629665374756,-26.79789161682129,80.23332977294922,-0.8528469800949097,-42.64717102050781,71.52535247802734,-0.36132052540779114,-40.97452926635742,78.11851501464844,6.357820987701416,-47.543338775634766,85.99545288085938,,
1780510014.5721884,22050.558550321,-6.995386600494385,-28.72565269470215,80.28681945800781,1.0691447257995605,-42.06975555419922,72.3033218383789,1.658056378364563,-42.6610221862793,78.65937805175781,3.8521878719329834,-43.6186408996582,84.91567993164062,,
1780510014.5921445,22050.578780801,-9.116060256958008,-31.399381637573242,80.10842895507812,2.603512763977051,-41.65842819213867,74.09162902832031,2.8975489139556885,-43.949737548828125,79.41325378417969,0.7252265214920044,-39.656585693359375,83.46331787109375,,
1780510014.6125436,22050.599158323,-10.421847343444824,-35.27664566040039,80.18357849121094,3.428154230117798,-42.944664001464844,75.87906646728516,2.8802437782287598,-44.4262809753418,79.74230194091797,-1.8875377178192139,-36.03171157836914,80.95316314697266,,
1780510014.6322486,22050.619125043,-10.457274436950684,-39.06477737426758,80.3668212890625,3.191114664077759,-45.022560119628906,77.65663146972656,2.8851823806762695,-44.228981018066406,80.31228637695312,-2.96440052986145,-32.961421966552734,78.13784790039062,,
1780510014.652299,22050.639121532,-9.903215408325195,-41.84223556518555,80.42623901367188,2.3844244480133057,-47.64433670043945,79.31636810302734,3.467089891433716,-43.676597595214844,81.0656967163086,-3.0443108081817627,-30.694049835205078,75.75553894042969,,
1780510014.6722105,22050.659108139,-9.070686340332031,-43.68217468261719,80.40996551513672,1.562449336051941,-50.44706726074219,80.52332305908203,4.4548020362854,-42.64277267456055,81.57207489013672,-2.612484931945801,-29.115982055664062,73.79592895507812,,
1780510014.6921942,22050.679293537,-8.313898086547852,-44.64369201660156,80.4798355102539,-0.20546787977218628,-52.89225387573242,80.6353530883789,5.070457458496094,-40.373809814453125,81.94353485107422,-1.6579108238220215,-29.48810386657715,73.56383514404297,,
1780510014.712326,22050.699156687,-7.818599700927734,-44.76377868652344,81.5342788696289,-3.016772985458374,-55.236534118652344,79.57502746582031,6.2326130867004395,-36.86660385131836,82.17829132080078,-0.558024525642395,-32.529762268066406,75.8984375,,
1780510014.7322404,22050.718751361,-8.414011001586914,-44.021453857421875,83.22589111328125,-4.684951305389404,-56.0503044128418,77.67896270751953,8.631897926330566,-33.65001678466797,82.09906005859375,0.1240425854921341,-36.95726776123047,79.1551742553711,,
1780510014.7522604,22050.738577074,-9.157687187194824,-42.3694953918457,84.53219604492188,-3.9313886165618896,-54.75777816772461,76.12083435058594,9.90761661529541,-33.289676666259766,81.02377319335938,0.830855131149292,-41.042720794677734,80.53314971923828,,
1780510014.772056,22050.758409718,-8.684292793273926,-40.490814208984375,85.26444244384766,-2.5852389335632324,-52.579036712646484,75.67205810546875,9.908379554748535,-33.303436279296875,79.3763427734375,1.4691429138183594,-44.26607131958008,80.87068939208984,,
1780510014.7920053,22050.779068737,-8.205700874328613,-39.077423095703125,85.63304901123047,-0.9439300894737244,-51.078433990478516,76.2767333984375,9.620036125183105,-32.907283782958984,77.84423065185547,0.9651197195053101,-46.28759765625,80.92845153808594,,
1780510014.8118355,22050.798700696,-8.91748046875,-38.73138427734375,85.41729736328125,1.331971526145935,-49.94115447998047,77.9730453491211,9.95634651184082,-34.023616790771484,75.97154235839844,-1.1252589225769043,-47.279293060302734,80.47225952148438,,
1780510014.8319657,22050.81826587,-9.975875854492188,-39.09385681152344,84.40377807617188,3.8430073261260986,-48.11931610107422,80.70158386230469,10.688417434692383,-36.06459426879883,74.78756713867188,-3.3527019023895264,-46.42938232421875,79.82240295410156,,
1780510014.8518562,22050.838290142,-11.699159622192383,-39.428810119628906,81.90276336669922,6.610835075378418,-46.18013000488281,84.26902770996094,9.381428718566895,-36.73255920410156,75.14530181884766,-5.630831241607666,-43.664268493652344,78.72110748291016,,
1780510014.872043,22050.858435569,-13.27503490447998,-39.3928337097168,78.56554412841797,8.4032621383667,-43.94667053222656,87.80091094970703,7.415480136871338,-35.825828552246094,76.99668884277344,-8.307793617248535,-40.40970993041992,77.83720397949219,,
1780510014.8920977,22050.878851531,-12.80068588256836,-39.071815490722656,75.45497131347656,8.961283683776855,-41.565879821777344,89.35163116455078,6.011419773101807,-34.243492126464844,79.98204040527344,-9.8858642578125,-38.99332046508789,78.46269226074219,,
1780510014.9124012,22050.899471777,-11.75574016571045,-39.27515411376953,73.07073974609375,8.86988639831543,-40.88824462890625,89.12523651123047,6.257749080657959,-33.057010650634766,82.3182144165039,-9.625165939331055,-40.08834457397461,79.71624755859375,,
1780510014.9321675,22050.918400852,-9.891496658325195,-40.77609634399414,71.97413635253906,8.058015823364258,-42.45884323120117,88.1406478881836,7.953188419342041,-32.27818298339844,82.89212036132812,-8.101214408874512,-43.2991943359375,80.8964614868164,,
1780510014.952098,22050.938820457,-8.292438507080078,-43.18681716918945,73.80470275878906,5.336528301239014,-44.93148422241211,85.89702606201172,10.787433624267578,-32.56898498535156,81.7664794921875,-5.188798427581787,-48.10120391845703,83.24303436279297,,
1780510014.9720974,22050.958446566,-9.27790641784668,-45.194427490234375,76.5737533569336,2.2541847229003906,-46.59440612792969,83.64586639404297,12.227829933166504,-32.60029220581055,78.9756088256836,-2.086698293685913,-51.622562408447266,84.0620346069336,,
1780510014.9920723,22050.978479137,-10.49421501159668,-45.66887664794922,79.29894256591797,0.6909104585647583,-46.84819793701172,82.44522094726562,11.58603286743164,-31.77574348449707,75.7424545288086,-0.22640103101730347,-52.53007507324219,83.3228530883789,,
1780510015.0121012,22050.999352158,-10.27147102355957,-45.105525970458984,81.4149169921875,-0.5567387342453003,-46.90033721923828,81.87154388427734,10.375381469726562,-29.640636444091797,74.0045166015625,-0.06789741665124893,-51.5612907409668,82.66621398925781,,
1780510015.0322556,22051.018828738,-9.942538261413574,-44.147823333740234,82.51091766357422,-1.7714205980300903,-47.106689453125,81.57630157470703,9.856213569641113,-28.11998748779297,73.51419830322266,-1.3552346229553223,-49.499935150146484,82.16593933105469,,
1780510015.0521822,22051.038582105,-9.9381685256958,-43.10235595703125,82.99478912353516,-2.3759043216705322,-47.24787521362305,81.25125122070312,10.247116088867188,-28.49468231201172,73.38793182373047,-3.2344589233398438,-46.431427001953125,81.68108367919922,,
1780510015.07212,22051.058797812,-9.797394752502441,-42.2833251953125,83.08472442626953,-3.0438733100891113,-46.66914749145508,80.9291000366211,10.342475891113281,-29.680801391601562,73.78899383544922,-4.340719223022461,-42.646995544433594,81.53743743896484,,
1780510015.0921173,22051.078783798,-9.72646713256836,-41.783836364746094,83.27872467041016,-3.2708256244659424,-46.191078186035156,80.85017395019531,9.811027526855469,-30.931610107421875,74.703857421875,-5.153310298919678,-38.50168228149414,81.4201431274414,,
1780510015.112163,22051.099781659,-9.546525955200195,-42.04615783691406,83.45556640625,-2.9583394527435303,-45.95558547973633,81.1440200805664,8.88162612915039,-32.5303840637207,76.34041595458984,-5.760504722595215,-34.54127883911133,81.13848876953125,,
1780510015.1320899,22051.118849877,-8.980419158935547,-43.19599533081055,83.81072998046875,-2.628746747970581,-46.03712844848633,81.51705169677734,7.991942882537842,-34.260982513427734,78.30130004882812,-6.292496204376221,-31.5535888671875,80.60565948486328,,
1780510015.1521509,22051.138893165,-8.079198837280273,-45.28178787231445,84.0473403930664,-2.598017454147339,-46.685935974121094,82.0694351196289,7.6153059005737305,-36.0884895324707,79.80524444580078,-6.599883556365967,-29.07721710205078,79.41605377197266,,
1780510015.1721625,22051.158750212,-6.651162624359131,-47.519981384277344,84.54367065429688,-2.7489843368530273,-47.561622619628906,82.29360961914062,7.327311038970947,-37.52304458618164,80.64591979980469,-6.444328784942627,-27.547197341918945,77.96287536621094,,
1780510015.1920886,22051.178501684,-5.785794734954834,-49.305118560791016,84.90088653564453,-2.8851969242095947,-48.49100112915039,82.58301544189453,7.192498207092285,-38.48373794555664,80.94699096679688,-6.148580551147461,-26.797801971435547,76.67264556884766,,
1780510015.2121122,22051.199255739,-5.357801914215088,-50.23700714111328,85.5573959350586,-2.9893393516540527,-49.226524353027344,82.4683609008789,7.129946231842041,-38.58745193481445,80.90033721923828,-5.969738006591797,-26.996437072753906,76.06826782226562,,
1780510015.232128,22051.218972423,-5.511236190795898,-50.69777297973633,85.97325134277344,-3.179476499557495,-50.0252571105957,82.08506774902344,7.016205310821533,-38.16695785522461,80.65177154541016,-5.515796184539795,-27.807615280151367,75.73219299316406,,
1780510015.2521422,22051.23911609,-5.661952018737793,-50.738250732421875,86.34213256835938,-4.093847751617432,-50.88913345336914,81.3272933959961,6.833416938781738,-36.759422302246094,80.35465240478516,-4.659914493560791,-28.90448760986328,75.7240219116211,,
1780510015.2720604,22051.25888203,-5.864450931549072,-50.19474411010742,86.62847137451172,-5.2713470458984375,-52.190425872802734,80.17166900634766,6.702662944793701,-34.77227783203125,80.22994995117188,-3.5781044960021973,-30.208024978637695,76.29583740234375,,
1780510015.2919934,22051.278505471,-6.09685754776001,-49.163352966308594,87.09407806396484,-6.669670581817627,-53.63762283325195,78.6942367553711,7.666172027587891,-32.366050720214844,80.10130310058594,-2.7674896717071533,-31.376670837402344,77.47628021240234,,
1780510015.312239,22051.30143752,-6.558813095092773,-47.37510681152344,87.46366882324219,-7.592384338378906,-55.4209098815918,76.85313415527344,8.869051933288574,-30.30435562133789,80.02311706542969,-2.3133633136749268,-32.27907943725586,79.49952697753906,,
1780510015.3322012,22051.318586865,-7.047422409057617,-45.346317291259766,87.630859375,-7.981573581695557,-56.49579620361328,75.33527374267578,9.998488426208496,-29.205257415771484,79.87571716308594,-2.254525661468506,-32.96399688720703,81.48155212402344,,
1780510015.3521214,22051.338707951,-7.373110771179199,-43.570648193359375,87.71940612792969,-8.015087127685547,-56.52741241455078,74.40885925292969,10.488937377929688,-28.6495418548584,79.44449615478516,-2.323819398880005,-34.10451889038086,82.81657409667969,,
1780510015.372126,22051.358597979,-7.829959869384766,-42.2424430847168,87.66992950439453,-7.547831058502197,-55.963260650634766,74.1285400390625,10.508934020996094,-28.327457427978516,78.69446563720703,-2.5006918907165527,-35.6189079284668,83.35528564453125,,
1780510015.3921502,22051.379935568,-8.604116439819336,-41.56494903564453,87.56432342529297,-6.458599090576172,-55.304019927978516,74.51273345947266,10.869539260864258,-28.289432525634766,77.75596618652344,-3.318328857421875,-36.70428466796875,83.04186248779297,,
1780510015.4121325,22051.398991477,-9.439291954040527,-41.565738677978516,87.44086456298828,-4.9566802978515625,-54.41124725341797,75.45429229736328,11.363242149353027,-28.929882049560547,76.68962860107422,-4.5217790603637695,-37.235836029052734,82.38252258300781,,
1780510015.4321349,22051.41913552,-10.401384353637695,-41.788475036621094,87.12226104736328,-3.205958843231201,-53.542266845703125,77.25909423828125,11.332663536071777,-30.269102096557617,75.6351089477539,-6.418517589569092,-37.50822830200195,81.41033935546875,,
1780510015.452181,22051.439337078,-11.34240436553955,-42.02713394165039,86.59861755371094,-1.405820369720459,-52.178314208984375,80.09568786621094,10.3353910446167,-31.9169979095459,74.81065368652344,-8.689314842224121,-37.1070671081543,80.19253540039062,,
1780510015.4721014,22051.459170727,-12.368916511535645,-42.15570831298828,84.58802032470703,0.9064072966575623,-50.174835205078125,84.34215545654297,8.197432518005371,-33.01945495605469,75.8912353515625,-11.17343521118164,-35.409420013427734,78.08814239501953,,
1780510015.4920442,22051.478953483,-12.26370906829834,-41.69340896606445,81.7073974609375,2.7532894611358643,-47.2364616394043,88.21943664550781,6.091259479522705,-33.006935119628906,78.93851470947266,-13.58033561706543,-33.619468688964844,76.55506896972656,,
1780510015.5120502,22051.498464668,-11.04595947265625,-40.34027862548828,78.49520111083984,4.162280559539795,-44.623958587646484,89.3306884765625,4.360222339630127,-32.54341506958008,82.69304656982422,-14.041863441467285,-33.3559455871582,77.15756225585938,,
1780510015.5322278,22051.518322141,-9.210777282714844,-39.125370025634766,75.68026733398438,4.973607063293457,-44.340919494628906,88.96653747558594,4.141919136047363,-31.755817413330078,85.16327667236328,-13.043539047241211,-35.59402084350586,78.4773178100586,,
1780510015.5521266,22051.538466873,-7.363720893859863,-39.54740905761719,73.8849868774414,5.155081748962402,-46.17577362060547,87.97640228271484,6.009504795074463,-31.160673141479492,86.096435546875,-11.019883155822754,-40.29448699951172,80.25106048583984,,
1780510015.5720885,22051.558876453,-6.147823333740234,-41.83858108520508,75.57748413085938,2.9826500415802,-48.78221130371094,85.2645263671875,8.405674934387207,-31.49213218688965,85.367431640625,-7.057345867156982,-46.58329391479492,83.9391860961914,,
1780510015.5920694,22051.578773259,-8.474994659423828,-44.510887145996094,77.86971282958984,0.9755629897117615,-49.865291595458984,82.93850708007812,9.124410629272461,-31.676647186279297,82.42330932617188,-3.667902946472168,-50.868377685546875,85.8295669555664,,
1780510015.612069,22051.59852864,-9.907485961914062,-45.532981872558594,80.54876708984375,5.76297225052258e-06,-49.55878448486328,81.5556869506836,7.870785713195801,-31.40385627746582,78.64088439941406,-1.4852455854415894,-52.17255783081055,85.21796417236328,,
1780510015.6320827,22051.618484861,-9.823941230773926,-45.26323699951172,82.38903045654297,-0.7698789834976196,-49.5914306640625,81.04242706298828,6.418648719787598,-29.255504608154297,76.4986801147461,-1.1299331188201904,-51.78060531616211,84.55338287353516,,
1780510015.6520731,22051.639486005,-9.534427642822266,-44.74330139160156,83.49595642089844,-1.4349528551101685,-49.78156280517578,80.79093170166016,6.128852844238281,-27.251691818237305,75.6129379272461,-2.0497491359710693,-50.232608795166016,83.9901123046875,,
1780510015.6721523,22051.659302695,-9.637595176696777,-44.0745964050293,83.9087905883789,-1.5536340475082397,-49.93832015991211,80.52165985107422,7.289396286010742,-27.609180450439453,74.93637084960938,-3.258186101913452,-47.78933334350586,83.14369201660156,,
1780510015.692139,22051.679632237,-9.70883846282959,-43.01996994018555,83.91301727294922,-1.5974031686782837,-49.32461166381836,80.19871520996094,8.706603050231934,-28.80032730102539,74.86543273925781,-4.081838130950928,-44.414756774902344,82.53367614746094,,
1780510015.7120528,22051.698969814,-9.637894630432129,-41.832279205322266,83.91191101074219,-1.3263355493545532,-48.68218994140625,79.85174560546875,8.846331596374512,-29.957483291625977,75.49060821533203,-4.793663024902344,-40.96983337402344,82.17313385009766,,
1780510015.7321599,22051.719618283,-9.883755683898926,-41.15414810180664,83.91930389404297,-0.8557295203208923,-48.192420959472656,79.72199249267578,8.307669639587402,-31.126110076904297,76.32933807373047,-5.9293742179870605,-37.58053970336914,81.72905731201172,,
1780510015.7521875,22051.738749835,-9.876811981201172,-41.188232421875,84.08007049560547,-0.15727567672729492,-47.61994552612305,79.86685943603516,7.65846586227417,-32.66209030151367,77.44027709960938,-6.95466423034668,-35.01834487915039,81.14904022216797,,
1780510015.7720942,22051.758250766,-9.39233684539795,-42.30398178100586,84.0135498046875,0.06347561627626419,-47.381935119628906,80.16755676269531,7.623935699462891,-34.30611038208008,78.69219970703125,-7.5269317626953125,-32.606727600097656,80.2021713256836,,
1780510015.7922041,22051.778575549,-8.492172241210938,-44.12313461303711,84.16230010986328,-0.1267940253019333,-47.749053955078125,80.5618667602539,7.916752815246582,-35.53976058959961,79.60907745361328,-8.029629707336426,-30.805238723754883,78.85332489013672,,
1780510015.812148,22051.798698922,-7.547881603240967,-46.26459503173828,84.51193237304688,-0.5155481100082397,-48.57024383544922,80.79290771484375,8.239991188049316,-36.44287872314453,80.018798828125,-8.221602439880371,-29.55228042602539,77.38481140136719,,
1780510015.8321035,22051.818631662,-6.679103374481201,-48.02305221557617,85.27406311035156,-1.0536376237869263,-49.952880859375,80.66954803466797,8.329955101013184,-36.60987854003906,80.09371185302734,-8.040722846984863,-28.815454483032227,76.41878509521484,,
1780510015.8520741,22051.838828134,-6.2278337478637695,-49.20604705810547,86.1312255859375,-1.7397116422653198,-51.28605270385742,80.22077941894531,8.419456481933594,-36.36817932128906,79.91317749023438,-7.3738627433776855,-28.62331771850586,76.2349624633789,,
1780510015.872004,22051.858948262,-6.280762195587158,-49.59025192260742,86.8025894165039,-2.6459264755249023,-52.71429443359375,79.43782043457031,8.348285675048828,-35.37187576293945,79.79966735839844,-6.439960956573486,-28.777587890625,76.69280242919922,,
1780510015.8920178,22051.878298378,-6.3055806159973145,-49.337059020996094,87.45613098144531,-3.8395352363586426,-54.224788665771484,78.09806060791016,8.06937026977539,-33.542362213134766,79.71965789794922,-5.125659942626953,-29.07892417907715,77.88536834716797,,
1780510015.9120257,22051.898656889,-6.435384273529053,-48.52489471435547,87.82011413574219,-5.284692287445068,-55.82574462890625,76.31422424316406,8.197808265686035,-31.260557174682617,79.84405517578125,-3.797999143600464,-29.379074096679688,79.53223419189453,,
1780510015.9320912,22051.918691086,-6.878931999206543,-47.20988082885742,88.01231384277344,-6.314389705657959,-57.12977981567383,74.79744720458984,8.992966651916504,-29.649736404418945,79.98408508300781,-3.238569736480713,-29.549100875854492,81.23607635498047,,
1780510015.952034,22051.938779611,-7.019285678863525,-45.75627899169922,88.0351333618164,-6.839389801025391,-57.76272964477539,73.4031753540039,9.729175567626953,-28.708316802978516,80.05719757080078,-2.960927724838257,-29.414714813232422,82.8265151977539,,
1780510015.9721034,22051.958738304,-7.310595512390137,-44.75935745239258,87.88447570800781,-6.868069171905518,-57.90652847290039,72.55510711669922,10.126355171203613,-28.353330612182617,80.14216613769531,-3.005167245864868,-29.259788513183594,83.79922485351562,,
1780510015.9921727,22051.978496319,-7.477457046508789,-44.044281005859375,87.77452087402344,-6.904016971588135,-57.66893768310547,72.37400817871094,10.481717109680176,-28.11899757385254,79.92862701416016,-3.387359619140625,-29.196693420410156,84.10920715332031,,
1780510016.012153,22051.998858975,-7.95067834854126,-44.108028411865234,87.76206970214844,-6.500313758850098,-57.515193939208984,72.78012084960938,10.907905578613281,-28.206161499023438,79.43330383300781,-4.219239234924316,-29.038373947143555,83.72787475585938,,
1780510016.0321512,22052.019478992,-8.366376876831055,-44.577369689941406,87.73793029785156,-6.05460786819458,-57.38228225708008,73.70220184326172,11.463427543640137,-28.478418350219727,78.72630310058594,-5.2993292808532715,-29.120878219604492,82.99476623535156,,
1780510016.0521543,22052.039274393,-8.821697235107422,-44.997703552246094,87.62310028076172,-5.497035503387451,-57.032203674316406,75.1090316772461,12.057018280029297,-29.12085723876953,78.00606536865234,-6.441737651824951,-29.576486587524414,82.09587097167969,,
1780510016.0721004,22052.058519898,-9.147214889526367,-45.31809616088867,87.49540710449219,-4.782279014587402,-56.404869079589844,76.97174835205078,12.070185661315918,-29.828214645385742,77.3521499633789,-7.431142330169678,-30.65756607055664,81.12673950195312,,
1780510016.0922306,22052.078637886,-9.450861930847168,-45.446815490722656,87.02620697021484,-3.926692485809326,-55.487117767333984,79.42437744140625,11.429460525512695,-30.67486572265625,76.7110366821289,-8.632134437561035,-32.29021453857422,79.88446807861328,,
1780510016.112198,22052.09863338,-9.745655059814453,-45.096405029296875,85.89529418945312,-2.737001895904541,-54.10820770263672,82.37593841552734,10.077621459960938,-31.439571380615234,76.72057342529297,-10.140463829040527,-33.98892593383789,78.63941192626953,,
1780510016.132032,22052.118862146,-9.819781303405762,-44.239044189453125,83.50531005859375,-1.0151304006576538,-52.64801025390625,85.6026611328125,8.05894660949707,-31.52292823791504,77.89791870117188,-11.708823204040527,-35.40449905395508,77.516357421875,,
1780510016.1520844,22052.138915064,-9.473957061767578,-43.312198638916016,80.64755249023438,0.5636078715324402,-51.19511795043945,87.68929290771484,6.716468811035156,-31.09283447265625,79.63060760498047,-12.466776847839355,-36.94265365600586,77.50589752197266,,
1780510016.172209,22052.158932727,-8.671966552734375,-42.395782470703125,78.0760498046875,1.9225584268569946,-50.31895446777344,88.26382446289062,6.497217655181885,-30.782487869262695,81.5489730834961,-11.913397789001465,-39.69397735595703,78.76363372802734,,
1780510016.1921182,22052.179834395,-7.772379398345947,-42.53713607788086,76.61622619628906,2.4738402366638184,-50.68886947631836,87.74465942382812,7.253317832946777,-30.881488800048828,82.21942138671875,-9.942378044128418,-43.5399055480957,80.5323486328125,,
1780510016.2121575,22052.198727519,-7.190725803375244,-43.71570587158203,77.30913543701172,1.9188737869262695,-51.567935943603516,85.98535919189453,8.085603713989258,-32.1348762512207,81.17892456054688,-6.937771320343018,-47.72882080078125,82.75669860839844,,
1780510016.2323701,22052.219388878,-8.184938430786133,-44.69478225708008,78.89736938476562,1.2146817445755005,-52.19805908203125,84.13606262207031,8.018568992614746,-32.93375778198242,78.9493637084961,-4.058703422546387,-50.5083122253418,83.91972351074219,,
1780510016.252212,22052.238950274,-9.174612045288086,-45.06269073486328,81.03929138183594,0.48742610216140747,-52.1536979675293,83.03430938720703,7.497575283050537,-32.47979736328125,76.49149322509766,-2.0063183307647705,-51.149593353271484,83.73977661132812,,
1780510016.2721481,22052.25881775,-9.297043800354004,-44.5562744140625,82.72665405273438,-0.08385487645864487,-51.83607864379883,82.3078384399414,6.966567039489746,-31.284502029418945,75.12580871582031,-1.4752006530761719,-50.316165924072266,83.22110748291016,,
1780510016.2920327,22052.278460224,-9.106583595275879,-43.69731521606445,83.58429718017578,-0.5621509552001953,-51.36024856567383,81.94010162353516,7.013833045959473,-30.44525718688965,74.684326171875,-2.093794822692871,-48.45252227783203,82.69441986083984,,
1780510016.3122401,22052.298891761,-9.23384952545166,-42.51688003540039,83.9335708618164,-0.5116487145423889,-50.75349807739258,81.38488006591797,7.7372145652771,-30.59510040283203,74.8639907836914,-3.3615384101867676,-45.58905029296875,82.11878967285156,,
1780510016.3320749,22052.318856144,-9.539928436279297,-41.4473762512207,83.7452163696289,-0.09517409652471542,-49.652099609375,81.02977752685547,7.991254806518555,-31.731870651245117,75.61864471435547,-4.599674701690674,-42.283836364746094,81.71705627441406,,
1780510016.3520958,22052.339038277,-9.974743843078613,-40.93631362915039,83.57029724121094,0.8493815660476685,-48.12183380126953,81.07625579833984,7.487666606903076,-33.30485534667969,76.62206268310547,-5.789371490478516,-38.88270568847656,81.26245880126953,,
1780510016.3721895,22052.358662539,-10.350992202758789,-41.190364837646484,83.27346801757812,2.2226102352142334,-46.360679626464844,81.31291961669922,7.032848834991455,-35.226348876953125,78.20740509033203,-7.06059455871582,-35.94503402709961,80.4085693359375,,
1780510016.3920703,22052.378687326,-10.224539756774902,-42.49876403808594,82.58727264404297,3.3231313228607178,-44.966094970703125,82.05866241455078,7.099135875701904,-37.422603607177734,79.69480895996094,-8.242793083190918,-33.85542678833008,78.53008270263672,,
1780510016.4129183,22052.399690082,-9.463018417358398,-45.00041198730469,82.297119140625,4.345947742462158,-44.10894775390625,82.731201171875,7.600175380706787,-39.380218505859375,80.33184814453125,-9.15949821472168,-32.731773376464844,75.8997802734375,,
1780510016.4327266,22052.419921914,-8.386527061462402,-47.767127990722656,82.52718353271484,4.6527838706970215,-44.30625534057617,82.72740173339844,7.847783088684082,-40.48337173461914,80.32239532470703,-8.928051948547363,-32.8232536315918,73.4865951538086,,
1780510016.4528725,22052.439789632,-7.722845554351807,-49.62643051147461,83.38802337646484,4.369089603424072,-45.35464096069336,82.34258270263672,8.116986274719238,-40.45429229736328,79.91808319091797,-8.460972785949707,-33.75514602661133,72.25943756103516,,
1780510016.4729104,22052.45980934,-7.4098076820373535,-50.47672653198242,84.64165496826172,3.34765887260437,-46.981117248535156,81.28729248046875,8.247803688049316,-39.44962692260742,79.14043426513672,-7.480926036834717,-35.2412223815918,72.34951782226562,,
1780510016.4924386,22052.479089666,-7.568389415740967,-50.294986724853516,85.4652099609375,1.2176154851913452,-49.63579559326172,79.95246887207031,7.536929130554199,-37.314998626708984,78.71424865722656,-5.714787006378174,-36.500946044921875,73.83650207519531,,
1780510016.5122285,22052.498612108,-7.507590293884277,-49.10075378417969,86.47604370117188,-1.2637497186660767,-52.21151351928711,77.5542984008789,6.380526542663574,-33.54472351074219,78.93447875976562,-3.3559048175811768,-38.0638427734375,76.25238800048828,,
1780510016.5322375,22052.51888941,-7.844421863555908,-46.94453811645508,87.13755798339844,-3.2934823036193848,-54.27973937988281,75.13435363769531,6.4429802894592285,-30.16223907470703,79.33041381835938,-2.016317129135132,-39.01740646362305,79.46746063232422,,
1780510016.5526867,22052.53925176,-7.949206352233887,-44.33768081665039,87.1640625,-4.3734283447265625,-54.93246841430664,73.2684326171875,7.004288673400879,-28.781532287597656,79.9063720703125,-1.602678656578064,-38.663490295410156,82.48086547851562,,
1780510016.5722191,22052.558639882,-7.7331743240356445,-41.94365692138672,86.66442108154297,-4.911619186401367,-54.25093460083008,72.12248229980469,6.998983383178711,-28.760265350341797,80.54466247558594,-1.1994431018829346,-38.23521423339844,84.58282470703125,,
1780510016.5922945,22052.579374348,-7.967586517333984,-40.608516693115234,86.41014099121094,-4.947927474975586,-53.71218490600586,71.47516632080078,6.779973983764648,-28.746746063232422,80.8201675415039,-1.4605278968811035,-37.59486770629883,85.39305114746094,,
1780510016.6122475,22052.599266111,-8.676904678344727,-39.9904899597168,86.15997314453125,-4.650398254394531,-53.51205825805664,71.45936584472656,7.280063152313232,-28.79801368713379,80.91453552246094,-2.3926947116851807,-36.45524597167969,85.09061431884766,,
1780510016.6322792,22052.619585838,-9.39148998260498,-40.33933639526367,86.06246948242188,-4.137350559234619,-53.46930694580078,72.21070098876953,8.449551582336426,-29.347126007080078,80.57847595214844,-3.689957618713379,-34.6455078125,84.22577667236328,,
1780510016.6522639,22052.639302659,-9.780474662780762,-41.32850646972656,86.02446746826172,-3.483941078186035,-53.61257553100586,73.56597900390625,9.424077987670898,-30.02974510192871,80.06802368164062,-5.078512668609619,-32.890995025634766,83.1769790649414,,
1780510016.6722784,22052.65888744,-9.76828384399414,-42.43472671508789,86.02760314941406,-3.4233899116516113,-54.07805252075195,75.08500671386719,9.987555503845215,-30.304704666137695,79.48381805419922,-6.406461238861084,-31.67403793334961,82.1326675415039,,
1780510016.692247,22052.678620577,-9.606133460998535,-43.408653259277344,86.228515625,-3.4185574054718018,-54.43756103515625,76.65457153320312,10.20051383972168,-30.12420654296875,79.2094955444336,-7.552928924560547,-31.699295043945312,81.1755142211914,,
1780510016.7122085,22052.698947707,-9.659956932067871,-44.10163879394531,86.1213150024414,-3.7049918174743652,-54.49589920043945,78.40363311767578,10.351140022277832,-30.012006759643555,78.72359466552734,-8.430645942687988,-32.92648696899414,80.39839172363281,,
1780510016.7322104,22052.718478416,-9.72914981842041,-44.51795196533203,85.76618194580078,-3.8599584102630615,-54.566162109375,80.02982330322266,10.516794204711914,-29.851131439208984,78.21528625488281,-8.968353271484375,-34.6193962097168,79.85660552978516,,
1780510016.7522511,22052.738965412,-9.8335599899292,-44.72560501098633,84.93143463134766,-3.538724422454834,-54.33966827392578,81.6213607788086,10.50538444519043,-30.05522918701172,77.88902282714844,-9.295158386230469,-36.83116912841797,79.67098999023438,,
1780510016.7723246,22052.75874718,-9.85227108001709,-44.6771125793457,83.98011779785156,-2.77335786819458,-53.97232437133789,82.97181701660156,9.96990966796875,-30.381227493286133,77.54029846191406,-9.50464153289795,-39.24261474609375,79.64691925048828,,
1780510016.7922208,22052.77896857,-9.837724685668945,-44.50938034057617,83.28760528564453,-2.0790772438049316,-53.747676849365234,83.90950775146484,9.09397029876709,-30.630403518676758,77.17644500732422,-9.43470287322998,-41.2724609375,79.77198791503906,,
1780510016.8122876,22052.798734624,-10.01314926147461,-44.35442352294922,82.64993286132812,-1.587344765663147,-53.399627685546875,84.65697479248047,8.35916805267334,-31.14005470275879,76.6043701171875,-9.123469352722168,-43.012264251708984,80.0411605834961,,
1780510016.8322053,22052.818572985,-9.995019912719727,-44.2191276550293,81.994140625,-0.8484776020050049,-53.06503677368164,85.4080581665039,7.842986583709717,-31.681884765625,76.28662872314453,-8.695168495178223,-44.392791748046875,80.26051330566406,,
1780510016.8526998,22052.840348831,-10.11977767944336,-44.02253341674805,81.71808624267578,-0.3488999307155609,-52.74494171142578,85.70513153076172,7.540030002593994,-32.0129508972168,75.95315551757812,-8.306489944458008,-45.19190216064453,80.43549346923828,,
1780510016.8722491,22052.858804575,-10.262693405151367,-43.78539276123047,81.4110107421875,0.082237608730793,-52.52976989746094,85.8603286743164,7.195472717285156,-32.218910217285156,76.0594253540039,-8.095712661743164,-45.585391998291016,80.48908996582031,,
1780510016.8921688,22052.879414928,-10.322247505187988,-43.733642578125,81.31179809570312,0.10710696876049042,-52.173362731933594,85.98782348632812,7.290251731872559,-32.005550384521484,76.48048400878906,-7.913031101226807,-45.4208869934082,80.5862045288086,,
1780510016.9121993,22052.898910995,-10.55608081817627,-43.60371017456055,81.35045623779297,-0.1167091503739357,-51.8226318359375,85.6561050415039,7.576786994934082,-31.729904174804688,76.8767318725586,-7.818122386932373,-45.13465881347656,80.77101135253906,,
1780510016.9322417,22052.919514185,-10.76158332824707,-43.57596969604492,81.59300994873047,-0.6297101378440857,-51.69050216674805,84.85584259033203,8.133584022521973,-31.246387481689453,77.3080825805664,-7.6133341789245605,-44.639793395996094,80.94934844970703,,
1780510016.9524183,22052.940922281,-10.644134521484375,-43.688201904296875,82.25785064697266,-1.3331366777420044,-51.780181884765625,83.72846984863281,8.566937446594238,-30.558969497680664,77.49148559570312,-7.0689377784729,-44.072113037109375,81.1922607421875,,
1780510016.9724169,22052.958705002,-10.407248497009277,-43.79178237915039,82.94273376464844,-2.432559013366699,-52.17293930053711,82.15945434570312,8.984522819519043,-29.752456665039062,77.5676498413086,-6.146605968475342,-43.2736930847168,81.63687133789062,,
1780510016.9923668,22052.978879139,-9.983741760253906,-43.747554779052734,83.81903076171875,-3.503891706466675,-52.65074920654297,80.23478698730469,9.113202095031738,-28.833742141723633,77.61604309082031,-5.061882972717285,-42.094940185546875,82.15768432617188,,
1780510017.0126202,22052.999261473,-9.136807441711426,-43.710426330566406,84.65868377685547,-4.605170726776123,-52.75675582885742,78.3436050415039,8.85289192199707,-27.99327278137207,77.861328125,-3.923368215560913,-40.31358337402344,82.96448516845703,,
1780510017.0327234,22053.019280417,-8.248950958251953,-43.79671859741211,85.19332885742188,-5.031452178955078,-52.67573547363281,76.79332733154297,8.439902305603027,-28.127975463867188,78.30732727050781,-3.1323018074035645,-37.946170806884766,83.78096008300781,,
1780510017.0523539,22053.039147877,-7.397392749786377,-43.79310989379883,85.4981460571289,-4.666679859161377,-52.33952331542969,75.41153717041016,8.056185722351074,-29.037376403808594,79.08406829833984,-2.659453868865967,-34.91815185546875,84.62943267822266,,
1780510017.0721269,22053.058593485,-7.094336032867432,-43.80059051513672,85.52561950683594,-3.6484429836273193,-52.156211853027344,74.63028717041016,7.756257057189941,-30.770700454711914,79.81578063964844,-2.802690267562866,-31.739967346191406,85.15585327148438,,
1780510017.0927825,22053.079692895,-7.153348445892334,-44.092857360839844,85.41674041748047,-2.3477277755737305,-51.680694580078125,74.73322296142578,7.545851230621338,-33.071311950683594,80.48639678955078,-3.5194668769836426,-28.84564971923828,85.0016098022461,,
1780510017.1127374,22053.099438069,-7.303874969482422,-45.25016403198242,85.271728515625,-1.3239500522613525,-51.18400192260742,75.564697265625,7.164236545562744,-35.65364074707031,81.02284240722656,-4.544622421264648,-26.84990692138672,84.06633758544922,,
1780510017.132603,22053.11946752,-7.140341281890869,-47.0103645324707,85.33366394042969,-0.7706859707832336,-50.76350402832031,76.73202514648438,6.890821933746338,-38.053829193115234,81.292724609375,-5.644872188568115,-25.852148056030273,82.14299774169922,,
1780510017.1528063,22053.139278647,-6.829570293426514,-48.8304443359375,85.48657989501953,-0.6791125535964966,-50.51295471191406,78.03245544433594,6.784361362457275,-39.51360321044922,81.35161590576172,-6.616214752197266,-25.564983367919922,79.6633071899414,,
1780510017.1728017,22053.159309454,-6.4660820960998535,-50.37052536010742,85.741943359375,-0.5290260314941406,-50.1617431640625,79.42178344726562,7.066290378570557,-40.42615509033203,81.37429809570312,-7.382665157318115,-25.50802993774414,77.11568450927734,,
1780510017.1928911,22053.179307848,-6.314371109008789,-51.35014343261719,85.95233154296875,-0.15103544294834137,-49.76820755004883,80.64991760253906,7.7069292068481445,-40.90282440185547,81.1008071899414,-7.981067657470703,-25.595794677734375,74.6642837524414,,
1780510017.2128093,22053.199849176,-6.468564510345459,-52.045284271240234,85.85234832763672,0.35201776027679443,-49.14375305175781,81.59737396240234,8.438053131103516,-40.763328552246094,80.80999755859375,-8.269683837890625,-26.110288619995117,72.48403930664062,,
1780510017.232744,22053.219549959,-6.545801639556885,-52.4339714050293,85.79415893554688,0.30073249340057373,-48.75035095214844,81.9841079711914,8.688106536865234,-39.71892547607422,80.50900268554688,-8.108515739440918,-27.346881866455078,70.92668914794922,,
1780510017.2528071,22053.239315586,-6.701508045196533,-52.49536895751953,85.63916015625,-0.22316831350326538,-48.763214111328125,82.04804229736328,8.729963302612305,-37.964515686035156,80.22406005859375,-7.630845069885254,-29.17018699645996,70.09970092773438,,
1780510017.2728171,22053.258804251,-6.812140464782715,-52.31177520751953,85.5518569946289,-1.5104947090148926,-49.314178466796875,81.86339569091797,8.691357612609863,-35.45846939086914,80.01268005371094,-6.680427074432373,-31.393667221069336,70.25602722167969,,
1780510017.2922406,22053.278905522,-6.999266624450684,-51.69595718383789,85.89836120605469,-3.2555832862854004,-50.90827941894531,81.2997055053711,9.079872131347656,-32.56196975708008,79.94038391113281,-5.380712032318115,-33.65892791748047,71.88957214355469,,
1780510017.3122478,22053.298877497,-7.627315044403076,-49.995994567871094,86.62103271484375,-5.384271621704102,-53.703128814697266,79.64370727539062,10.223285675048828,-29.89897346496582,79.70216369628906,-4.138593673706055,-35.88359451293945,75.08099365234375,,
1780510017.3321984,22053.318932855,-8.689778327941895,-47.69524383544922,87.2708969116211,-6.465585708618164,-56.069149017333984,77.7642593383789,11.574679374694824,-28.862625122070312,78.7674789428711,-3.7457456588745117,-37.722530364990234,78.32987213134766,,
1780510017.3528354,22053.33973506,-9.293371200561523,-45.03795623779297,87.75300598144531,-6.179057598114014,-55.887203216552734,76.1223373413086,11.985542297363281,-29.14548683166504,76.7724838256836,-3.2011847496032715,-39.631591796875,80.22789001464844,,
1780510017.3726404,22053.358996729,-9.382820129394531,-42.54170227050781,87.6119384765625,-4.856476783752441,-54.092010498046875,75.53944396972656,11.314864158630371,-29.57660484313965,74.95176696777344,-2.6529552936553955,-41.40199279785156,81.22525024414062,,
1780510017.3928723,22053.38063871,-9.787161827087402,-40.63075256347656,87.41775512695312,-2.5712738037109375,-52.63784408569336,76.35675811767578,10.160338401794434,-30.226848602294922,73.20833587646484,-3.7614269256591797,-42.4157829284668,81.18221282958984,,
1780510017.4128098,22053.399695124,-10.827458381652832,-39.653099060058594,86.84906005859375,-0.07275965809822083,-51.314857482910156,78.84381866455078,8.966796875,-32.9006233215332,71.87191009521484,-6.5851006507873535,-41.53409194946289,80.28515625,,
1780510017.432663,22053.419348099,-12.636731147766113,-39.76088333129883,84.79330444335938,2.9879844188690186,-48.40703582763672,83.51234436035156,6.636877536773682,-35.622894287109375,72.9398422241211,-9.844871520996094,-38.213348388671875,78.49427795410156,,
1780510017.452692,22053.439529415,-13.192578315734863,-39.83253479003906,81.81952667236328,5.287834644317627,-43.89241409301758,88.5460205078125,4.351040363311768,-35.87046432495117,76.87509155273438,-13.263810157775879,-34.588829040527344,76.5301742553711,,
1780510017.4726882,22053.459572007,-11.785794258117676,-38.9033088684082,78.91969299316406,6.318603515625,-39.88385772705078,89.62735748291016,2.0024406909942627,-34.96123123168945,81.73087310791016,-14.230941772460938,-33.07976531982422,76.66687774658203,,
1780510017.4925885,22053.479424408,-9.705780029296875,-37.340538024902344,76.08381652832031,7.058313846588135,-38.75259017944336,88.72087097167969,1.152086853981018,-34.268314361572266,85.22815704345703,-12.963823318481445,-33.93159103393555,77.83259582519531,,
1780510017.5127037,22053.499026639,-7.207442760467529,-37.633941650390625,73.66951751708984,7.403575897216797,-40.121273040771484,87.97986602783203,2.8471832275390625,-33.464942932128906,86.63449096679688,-11.153346061706543,-36.71283721923828,78.87483978271484,,
1780510017.5322175,22053.518391466,-5.309535026550293,-39.556732177734375,73.0870132446289,6.810243606567383,-43.49358367919922,86.39453887939453,5.967090129852295,-32.965999603271484,86.85918426513672,-8.31157398223877,-41.468658447265625,80.70903015136719,,
1780510017.552179,22053.539925454,-5.770413398742676,-42.12384033203125,75.9955062866211,2.7210512161254883,-47.15165710449219,83.48163604736328,8.132453918457031,-31.72796630859375,85.53141784667969,-4.531004905700684,-47.109657287597656,84.49236297607422,,
1780510017.572225,22053.558916032,-8.742904663085938,-44.7169075012207,78.56440734863281,-0.47584348917007446,-48.186561584472656,81.783203125,7.933238983154297,-30.264707565307617,82.62351989746094,-2.488208293914795,-50.10875701904297,85.84874725341797,,
1780510017.5922732,22053.578554188,-9.410053253173828,-45.012786865234375,81.14320373535156,-2.2935140132904053,-47.72378158569336,79.98753356933594,6.412408351898193,-29.507001876831055,79.38629150390625,-0.9415285587310791,-50.72433853149414,85.48358917236328,,
1780510017.6124065,22053.598880819,-8.624314308166504,-45.29542541503906,82.88529205322266,-3.766777992248535,-47.77573013305664,79.35650634765625,4.955958366394043,-27.34803009033203,77.70594787597656,-0.6576995253562927,-49.682106018066406,85.13330078125,,
1780510017.6322992,22053.619200795,-7.737523555755615,-44.992950439453125,83.91127014160156,-4.120017051696777,-47.81416320800781,78.66670227050781,4.802433013916016,-26.0247859954834,77.1256332397461,-1.0113341808319092,-47.74353790283203,84.75990295410156,,
1780510017.6528213,22053.639544406,-7.348121643066406,-44.414024353027344,84.26435089111328,-4.219322681427002,-47.60423278808594,78.04268646240234,6.134058475494385,-26.492156982421875,77.18724822998047,-1.5280793905258179,-44.37181091308594,84.35197448730469,,
1780510017.6726754,22053.659291131,-6.94359827041626,-43.61594772338867,84.07428741455078,-3.799964189529419,-46.971778869628906,77.7744140625,7.405755519866943,-28.618398666381836,77.72443389892578,-1.659671664237976,-39.90464782714844,84.14083862304688,,
1780510017.692314,22053.678718474,-7.2267985343933105,-42.63813018798828,83.89045715332031,-2.5538368225097656,-46.7335090637207,77.86456298828125,7.39708137512207,-31.541475296020508,78.60710144042969,-2.723691940307617,-35.30305099487305,83.87908172607422,,
1780510017.7122881,22053.698650422,-7.560169696807861,-42.8680419921875,83.84233093261719,-1.1008471250534058,-46.55964279174805,78.39007568359375,6.821453094482422,-34.620941162109375,79.97452545166016,-3.9729700088500977,-31.521512985229492,83.27749633789062,,
1780510017.7322087,22053.71860314,-7.332050800323486,-44.02131652832031,83.84904479980469,-0.4966382086277008,-46.1490592956543,79.37336730957031,6.429815769195557,-37.1497688293457,80.82925415039062,-4.950211048126221,-29.23230743408203,81.97461700439453,,
1780510017.752282,22053.738880376,-6.731062412261963,-45.97349166870117,83.74971771240234,-0.3681301176548004,-46.301902770996094,80.4251937866211,6.15678071975708,-39.24290084838867,81.51726531982422,-5.3877692222595215,-27.87360191345215,79.87963104248047,,
1780510017.7722561,22053.759298585,-5.947343826293945,-48.19294738769531,83.870361328125,-0.39979466795921326,-46.692874908447266,81.42387390136719,6.127459526062012,-40.37120819091797,81.84759521484375,-5.842413425445557,-27.268686294555664,77.48919677734375,,
1780510017.792185,22053.779537051,-5.5642991065979,-50.07974624633789,83.96483612060547,-0.1444729119539261,-47.04646682739258,82.44738006591797,6.343029975891113,-41.08829879760742,81.88927459716797,-6.063348293304443,-27.220966339111328,75.39672088623047,,
1780510017.8121982,22053.798779657,-5.719182968139648,-51.240936279296875,83.81964874267578,-0.06630182266235352,-47.32181167602539,83.10931396484375,6.673593044281006,-41.12199401855469,81.52399444580078,-6.058925151824951,-27.54261016845703,73.57872009277344,,
1780510017.8322062,22053.818609081,-6.073663711547852,-51.83981704711914,83.79591369628906,0.18101654946804047,-47.58897018432617,83.3799057006836,7.172415733337402,-40.2655029296875,80.96501159667969,-6.137718200683594,-28.58717918395996,72.0081787109375,,
1780510017.8521523,22053.838627695,-6.141220569610596,-52.03580856323242,83.90154266357422,-0.4952130615711212,-48.039833068847656,83.00190734863281,7.255370140075684,-38.61398696899414,80.37298583984375,-5.4142680168151855,-30.313674926757812,71.45568084716797,,
1780510017.8722463,22053.862558591,-6.322756290435791,-51.7941780090332,84.14861297607422,-2.1306984424591064,-49.194793701171875,82.12885284423828,6.982170581817627,-36.15188217163086,79.93158721923828,-4.003622055053711,-32.76206588745117,72.0509033203125,,
1780510017.892182,22053.87877739,-6.519760608673096,-50.54387664794922,84.69076538085938,-4.387695789337158,-51.16318893432617,80.7200927734375,7.263493061065674,-33.012794494628906,79.84781646728516,-2.224745988845825,-35.59518814086914,74.02918243408203,,
1780510017.912282,22053.898970999,-7.13447380065918,-48.375526428222656,85.58907318115234,-6.131662845611572,-53.40678024291992,78.88115692138672,8.68742561340332,-30.195646286010742,79.75896453857422,-1.3211408853530884,-37.964778900146484,76.69991302490234,,
1780510017.932287,22053.919511868,-7.664093971252441,-45.49449157714844,86.12919616699219,-6.996912002563477,-54.42634201049805,77.13460540771484,9.776988983154297,-29.601688385009766,79.10040283203125,-1.0315055847167969,-39.67716598510742,79.37667083740234,,
1780510017.952226,22053.939770985,-7.7248311042785645,-42.82997131347656,86.5212631225586,-6.823614597320557,-53.851680755615234,75.82273864746094,9.918367385864258,-29.844337463378906,78.1728744506836,-0.583352267742157,-41.06214141845703,81.18559265136719,,
1780510017.9725306,22053.959479495,-7.61020040512085,-40.49894332885742,86.44609069824219,-6.0047430992126465,-52.3718376159668,75.476318359375,9.482916831970215,-30.2032470703125,76.988037109375,-0.3516348898410797,-42.51997756958008,81.90653228759766,,
1780510017.992462,22053.97932476,-7.952481269836426,-38.72420120239258,86.33180236816406,-4.270255088806152,-51.109100341796875,75.9188003540039,9.443146705627441,-30.72733497619629,75.65476989746094,-1.246324896812439,-43.1368522644043,81.77308654785156,,
1780510018.0123303,22053.999253689,-9.057784080505371,-38.601688385009766,86.16032409667969,-2.0759031772613525,-49.888553619384766,77.49573516845703,9.908536911010742,-32.24181365966797,74.70223999023438,-3.500593900680542,-42.06768035888672,80.99431610107422,,
1780510018.0323486,22054.018888732,-10.896968841552734,-39.18796920776367,85.25569152832031,0.45840734243392944,-47.69370651245117,80.74383544921875,9.488910675048828,-34.891883850097656,74.1801528930664,-6.275589942932129,-39.8960075378418,80.01531982421875,,
1780510018.0522637,22054.038471386,-13.449654579162598,-40.200138092041016,82.9417724609375,3.8060874938964844,-44.98078536987305,85.61956024169922,7.665891647338867,-36.09739685058594,75.82291412353516,-9.520648956298828,-35.632598876953125,77.74234008789062,,
1780510018.0722423,22054.058668756,-13.39664077758789,-40.93581008911133,80.14280700683594,5.394299507141113,-41.08348846435547,88.99199676513672,5.194586277008057,-35.64229202270508,79.55192565917969,-12.032204627990723,-32.09490203857422,76.42674255371094,,
1780510018.0921366,22054.078772907,-11.930068016052246,-40.032737731933594,77.95966339111328,6.0536651611328125,-38.876365661621094,89.04420471191406,2.8812789916992188,-35.37862014770508,83.20906829833984,-11.679061889648438,-30.809940338134766,76.76842498779297,,
1780510018.1123009,22054.099264336,-9.887639999389648,-39.26953125,75.42747497558594,6.394195556640625,-39.24197006225586,88.50447082519531,2.634427785873413,-34.67929458618164,85.2566146850586,-10.286468505859375,-31.836275100708008,77.44237518310547,,
1780510018.1322594,22054.119442378,-7.844472408294678,-40.17428207397461,73.40177917480469,6.329829216003418,-41.624244689941406,87.78617858886719,4.926790714263916,-33.72862243652344,85.91191101074219,-8.306702613830566,-34.748985290527344,78.06855010986328,,
1780510018.15265,22054.139174709,-6.654638290405273,-41.94215393066406,73.4388656616211,4.562534332275391,-45.623924255371094,86.02539825439453,8.290448188781738,-32.215660095214844,85.36819458007812,-5.281806468963623,-40.157737731933594,80.38766479492188,,
1780510018.1727562,22054.159273479,-7.289140224456787,-44.695457458496094,76.6213150024414,0.0772198811173439,-48.16645431518555,83.56432342529297,10.514425277709961,-30.418777465820312,83.43548583984375,-2.27885365486145,-45.933197021484375,83.86212921142578,,
1780510018.1933517,22054.179865472,-9.627264022827148,-45.92797088623047,79.2613754272461,-2.11008620262146,-48.08202362060547,81.73313903808594,9.839247703552246,-30.16399383544922,79.97415924072266,-0.38236892223358154,-49.19179153442383,84.10205078125,,
1780510018.2122958,22054.199321606,-9.0305814743042,-44.708866119384766,81.57728576660156,-3.2987163066864014,-47.1323356628418,80.40351867675781,8.442023277282715,-29.043107986450195,76.7417984008789,1.2078540325164795,-50.100677490234375,83.50184631347656,,
1780510018.2322032,22054.219254374,-7.735886096954346,-44.217262268066406,82.95275115966797,-4.551393508911133,-46.89999008178711,80.24967956542969,7.5107951164245605,-26.363428115844727,75.66678619384766,1.1658439636230469,-49.20942687988281,83.23990631103516,,
1780510018.2522526,22054.238562968,-7.171257972717285,-44.321407318115234,83.62088012695312,-5.039422512054443,-47.07594299316406,80.2504653930664,8.176209449768066,-25.566207885742188,74.98390197753906,-0.07599930465221405,-47.021331787109375,82.67703247070312,,
1780510018.272344,22054.259007648,-7.23977518081665,-43.74516677856445,83.65132141113281,-5.099109649658203,-46.56574249267578,80.10066223144531,9.583581924438477,-27.087989807128906,74.95667266845703,-1.2905049324035645,-43.64057922363281,82.30626678466797,,
1780510018.2922497,22054.279086173,-7.423087120056152,-43.43586349487305,83.512939453125,-4.893947601318359,-46.0077018737793,80.33370208740234,9.884478569030762,-29.04729461669922,75.4056167602539,-2.381470203399658,-39.061676025390625,82.21309661865234,,
1780510018.3123481,22054.299204208,-7.797048568725586,-43.31305694580078,83.64472198486328,-3.990583658218384,-45.41073226928711,80.89207458496094,8.998275756835938,-31.511730194091797,76.72972869873047,-3.6182525157928467,-34.36820602416992,82.10076904296875,,
1780510018.3323061,22054.319618867,-8.014228820800781,-44.514991760253906,83.81108856201172,-3.0826056003570557,-44.61279296875,82.20198822021484,8.011564254760742,-34.18391799926758,78.44528198242188,-4.857348918914795,-30.313106536865234,81.42997741699219,,
1780510018.3523283,22054.339376355,-7.458714485168457,-46.5804557800293,83.76263427734375,-2.5659847259521484,-44.022884368896484,83.68739318847656,7.203860282897949,-36.9630012512207,80.32752227783203,-5.515236854553223,-27.039758682250977,79.6748046875,,
1780510018.372268,22054.359111518,-6.391861915588379,-49.03948974609375,83.41361236572266,-1.9691883325576782,-43.755611419677734,85.27665710449219,6.5082244873046875,-39.1196174621582,81.89926147460938,-6.152537822723389,-25.036258697509766,76.75442504882812,,
1780510018.3922665,22054.378840293,-5.414245128631592,-51.05813217163086,83.15287780761719,-1.2832854986190796,-43.682865142822266,86.29481506347656,6.2929301261901855,-40.56684112548828,82.60176086425781,-6.422908306121826,-24.27787971496582,74.0721206665039,,
1780510018.4122558,22054.398510299,-5.045993804931641,-52.28274917602539,82.81456756591797,-0.41116127371788025,-43.679866790771484,86.4959945678711,6.456079006195068,-41.410987854003906,82.67102813720703,-6.3285064697265625,-24.752214431762695,72.2222671508789,,
1780510018.4322286,22054.418524371,-5.2510223388671875,-52.91272735595703,82.49700164794922,0.10905976593494415,-43.829864501953125,86.41138458251953,6.822515964508057,-41.32168197631836,82.19813537597656,-5.843529224395752,-26.115968704223633,70.8624496459961,,
1780510018.452175,22054.438820278,-5.683298110961914,-53.407779693603516,82.10804748535156,0.07873329520225525,-43.906089782714844,86.17642974853516,6.968499183654785,-40.140193939208984,81.50994110107422,-5.104415416717529,-28.41936492919922,69.8552474975586,,
1780510018.472241,22054.458885188,-5.966334342956543,-53.34089279174805,81.86863708496094,-0.7711474895477295,-44.70812225341797,85.4350814819336,6.575387477874756,-37.90789794921875,80.78956604003906,-3.995774269104004,-31.414634704589844,69.47606658935547,,
1780510018.4922745,22054.478812578,-6.202253818511963,-52.91077423095703,82.11957550048828,-2.6688499450683594,-46.40381622314453,84.33139038085938,6.0366530418396,-35.212127685546875,80.17041015625,-2.2498414516448975,-34.69260025024414,70.62471008300781,,
1780510018.5122178,22054.498922087,-6.518786907196045,-51.70907211303711,82.73958587646484,-4.862241268157959,-48.760704040527344,82.86814880371094,6.375300884246826,-32.12939453125,79.9203109741211,-0.4773997962474823,-38.011940002441406,72.67887115478516,,
1780510018.5323238,22054.519335161,-6.615118503570557,-49.140010833740234,83.96826934814453,-6.890137195587158,-50.7662239074707,80.5929946899414,8.007568359375,-29.430477142333984,79.46337127685547,0.5732093453407288,-40.890499114990234,75.7691879272461,,
1780510018.5521963,22054.539204825,-6.930915832519531,-45.90030288696289,84.96971893310547,-7.584522724151611,-51.688114166259766,78.53038787841797,9.391453742980957,-28.86013412475586,78.41313934326172,0.8448038697242737,-42.614234924316406,78.58770751953125,,
1780510018.5722523,22054.559201254,-6.438590049743652,-42.59627151489258,85.6556396484375,-7.3032121658325195,-50.80982208251953,77.20817565917969,9.953460693359375,-29.316768646240234,77.08281707763672,1.493599772453308,-43.858924865722656,80.17505645751953,,
1780510018.592562,22054.579420093,-5.9351067543029785,-39.67813491821289,85.59453582763672,-6.459364891052246,-49.375152587890625,76.68526458740234,9.658975601196289,-29.88479995727539,76.10964965820312,1.8248867988586426,-44.82103729248047,81.13720703125,,
1780510018.6124122,22054.599316675,-6.407959938049316,-37.67029571533203,85.50312042236328,-4.659769535064697,-48.51044845581055,77.00428771972656,9.48884391784668,-30.71318244934082,75.20974731445312,0.8230545520782471,-44.92633056640625,81.13624572753906,,
1780510018.632252,22054.618986249,-7.685797691345215,-36.969669342041016,85.29163360595703,-2.4849226474761963,-47.240543365478516,78.19647979736328,9.843122482299805,-32.98681640625,74.26505279541016,-1.268781304359436,-43.45132064819336,80.78176879882812,,
1780510018.6523585,22054.639335893,-10.280122756958008,-37.436763763427734,84.45584869384766,0.5205512642860413,-45.18183135986328,80.89852142333984,9.552007675170898,-35.918819427490234,73.70965576171875,-4.217147350311279,-40.33084487915039,80.03385925292969,,
1780510018.6721714,22054.659397229,-13.660359382629395,-38.92799377441406,82.35559844970703,4.635333061218262,-42.519229888916016,85.78692626953125,7.506161212921143,-37.68766784667969,75.39020538330078,-7.351276874542236,-35.5599250793457,77.81475067138672,,
1780510018.692173,22054.6808318,-14.31080436706543,-40.21442794799805,79.83369445800781,6.536019802093506,-38.77549743652344,89.1172103881836,5.176551342010498,-37.60024642944336,79.02497863769531,-9.906769752502441,-32.1483154296875,76.37649536132812,,
1780510018.7123625,22054.69918906,-12.950797080993652,-39.60433578491211,77.73616790771484,7.1093621253967285,-36.85744094848633,88.7177963256836,2.5357351303100586,-37.5438232421875,82.66383361816406,-9.0604887008667,-30.216793060302734,76.39250183105469,,
1780510018.7321787,22054.718616955,-10.902871131896973,-38.71197509765625,75.24903869628906,7.389144420623779,-37.56113815307617,87.95806121826172,1.993997573852539,-37.02012252807617,84.68204498291016,-7.551006317138672,-30.574373245239258,76.7159652709961,,
1780510018.7521994,22054.738720233,-8.617778778076172,-39.277320861816406,72.70039367675781,7.427443027496338,-40.09567642211914,87.18590545654297,3.728363275527954,-36.337921142578125,85.29438781738281,-5.316303253173828,-32.23250198364258,76.77058410644531,,
1780510018.772192,22054.758826183,-7.483687877655029,-40.51569747924805,71.75804138183594,6.208562850952148,-44.46266174316406,85.92581939697266,6.611157417297363,-34.98407745361328,85.06525421142578,-2.4805638790130615,-36.84282302856445,78.07286834716797,,
1780510018.7921462,22054.778948204,-7.748116970062256,-42.31840515136719,74.29912567138672,2.1130099296569824,-47.387672424316406,83.45142364501953,10.221413612365723,-33.56449508666992,83.8345947265625,0.5947486758232117,-44.00961685180664,81.92171478271484,,
1780510018.8122509,22054.798683569,-9.654459953308105,-44.044342041015625,77.17431640625,-0.2702256441116333,-47.42844772338867,81.95918273925781,10.87589168548584,-32.76459503173828,81.17864227294922,2.122854232788086,-48.635738372802734,83.28619384765625,,
1780510018.8322253,22054.818633381,-9.244741439819336,-43.27684020996094,79.49993896484375,-1.1475639343261719,-45.97484588623047,80.3863525390625,9.875195503234863,-32.2888298034668,77.37918090820312,3.592319965362549,-50.669437408447266,82.80064392089844,,
1780510018.8522422,22054.839036522,-7.781122207641602,-42.00321960449219,81.12508392333984,-2.258870840072632,-45.00742721557617,80.18244934082031,8.850045204162598,-30.309228897094727,75.79537963867188,3.701672315597534,-50.82398986816406,82.44599914550781,,
1780510018.872357,22054.859420008,-6.716039657592773,-41.58298110961914,82.1571044921875,-2.851147174835205,-44.68922424316406,80.26750946044922,8.756292343139648,-28.787824630737305,75.51969909667969,2.5058205127716064,-49.24565505981445,82.038330078125,,
1780510018.8921235,22054.87906723,-6.840908527374268,-41.32390213012695,82.10118103027344,-3.025700330734253,-44.15093231201172,80.40520477294922,9.792168617248535,-30.239133834838867,75.41276550292969,0.6888232827186584,-46.0673942565918,81.4854965209961,,
1780510018.9120674,22054.899231941,-7.524776935577393,-41.06740188598633,81.61600494384766,-2.58744478225708,-43.09945297241211,80.7071304321289,9.865723609924316,-32.44031524658203,75.53850555419922,-0.6413455605506897,-41.627357482910156,81.46739959716797,,
1780510018.9323375,22054.918875409,-8.676765441894531,-41.52968978881836,81.27300262451172,-1.3514533042907715,-42.039886474609375,81.9012680053711,8.709317207336426,-34.97206115722656,76.83865356445312,-2.142564058303833,-36.5037841796875,81.16542053222656,,
1780510018.952188,22054.938508116,-9.602900505065918,-42.925880432128906,81.02638244628906,0.06314370781183243,-40.883907318115234,83.80282592773438,7.105859279632568,-37.389461517333984,78.98884582519531,-3.5719146728515625,-31.92067527770996,80.01173400878906,,
1780510018.972168,22054.958644566,-9.331520080566406,-45.293128967285156,80.3804702758789,0.8282064199447632,-40.39863967895508,85.75025939941406,5.940104961395264,-40.01858139038086,81.41218566894531,-4.253605365753174,-27.802778244018555,77.5348129272461,,
1780510018.9924626,22054.980014929,-8.0159273147583,-47.645721435546875,80.11892700195312,0.9975777268409729,-40.61823272705078,86.48395538330078,5.578073978424072,-41.94390106201172,82.81490325927734,-4.09527063369751,-25.439390182495117,74.84805297851562,,
1780510019.0122173,22054.998694087,-6.822704792022705,-49.36781311035156,79.92430877685547,1.1260826587677002,-41.51287841796875,86.51525115966797,5.731008529663086,-42.91268539428711,83.42218017578125,-3.7641146183013916,-24.937599182128906,73.12510681152344,,
1780510019.0321734,22055.019132124,-6.307847023010254,-50.47097396850586,79.79682159423828,0.9882153272628784,-42.85885238647461,86.31053924560547,6.291228771209717,-42.85890197753906,83.08484649658203,-3.577970027923584,-25.67745018005371,71.87462615966797,,
1780510019.052174,22055.038895215,-6.10664701461792,-50.611820220947266,79.79571533203125,-0.03541399538516998,-44.51084518432617,85.66462707519531,6.1084723472595215,-41.37291717529297,82.57606506347656,-2.7719757556915283,-27.574722290039062,71.39156341552734,,
1780510019.0721526,22055.058441595,-6.549332141876221,-50.69800567626953,79.81604766845703,-1.7182637453079224,-46.33015823364258,84.92704010009766,5.5145416259765625,-39.28786849975586,81.80736541748047,-1.122644305229187,-30.01357078552246,71.33047485351562,,
1780510019.0921578,22055.078964749,-6.6232500076293945,-50.2318115234375,80.48078155517578,-4.0875654220581055,-48.32444763183594,83.59661865234375,4.938509464263916,-36.39630126953125,81.16400146484375,0.6089847087860107,-33.10626220703125,72.3604507446289,,
1780510019.112126,22055.098803297,-6.182649612426758,-48.779022216796875,81.77455139160156,-6.774437427520752,-50.35021209716797,81.4676513671875,5.4178338050842285,-33.26477813720703,80.68199920654297,2.1474246978759766,-36.76860046386719,74.52910614013672,,
1780510019.132249,22055.118978754,-6.069642066955566,-46.09491729736328,83.42222595214844,-8.038984298706055,-51.23411178588867,79.3068618774414,7.113463878631592,-30.721698760986328,80.16519165039062,2.476264476776123,-39.674102783203125,77.30203247070312,,
1780510019.1520867,22055.139239333,-5.678793907165527,-42.99061584472656,84.54505157470703,-8.088068008422852,-50.66454315185547,77.66856384277344,8.235426902770996,-30.181499481201172,79.22029876708984,2.6822211742401123,-41.60209274291992,79.25439453125,,
1780510019.1722038,22055.158629576,-4.953774929046631,-40.388431549072266,85.05831146240234,-7.627033233642578,-49.161678314208984,76.8795166015625,8.781352043151855,-30.358482360839844,78.37366485595703,3.0468358993530273,-42.842567443847656,80.36795806884766,,
1780510019.1921632,22055.178907176,-4.7876129150390625,-38.43906021118164,85.09834289550781,-6.921395778656006,-47.90646743774414,76.85983276367188,8.945256233215332,-30.669063568115234,77.72761535644531,2.6423044204711914,-43.502830505371094,80.88880920410156,,
1780510019.2121522,22055.198899826,-5.556956768035889,-37.35355758666992,85.10455322265625,-5.80698823928833,-46.84828567504883,77.5267333984375,9.584199905395508,-31.800077438354492,76.94139862060547,1.3468513488769531,-43.28202438354492,80.69078063964844,,
1780510019.232152,22055.219348142,-7.105391979217529,-37.59349822998047,84.91571044921875,-4.1189165115356445,-45.62364196777344,78.96895599365234,10.287365913391113,-33.50541687011719,76.23389434814453,-0.5508273243904114,-41.638145446777344,80.22286987304688,,
1780510019.2521825,22055.239084195,-9.447375297546387,-38.78400421142578,84.3035888671875,-1.795996904373169,-44.021263122558594,81.53612518310547,10.37456226348877,-35.522430419921875,75.67581939697266,-3.111269235610962,-38.741981506347656,79.41849517822266,,
1780510019.272142,22055.258683539,-12.77639102935791,-40.85674285888672,82.4215087890625,1.7131083011627197,-42.33792495727539,85.71056365966797,8.891229629516602,-36.59703063964844,76.62069702148438,-6.021405220031738,-34.56983184814453,77.39908599853516,,
1780510019.292818,22055.279159612,-13.748464584350586,-42.904380798339844,80.16983795166016,3.6925671100616455,-39.693389892578125,89.07640838623047,6.896142959594727,-36.47631072998047,79.26622772216797,-8.389254570007324,-30.75554847717285,75.8341064453125,,
1780510019.3129704,22055.299416848,-12.555098533630371,-42.96572494506836,78.420654296875,4.479049205780029,-38.1677360534668,89.0394515991211,4.558698654174805,-36.960716247558594,82.22906494140625,-7.649919509887695,-28.472858428955078,75.52559661865234,,
1780510019.3323183,22055.319077903,-10.826858520507812,-42.29404830932617,76.38638305664062,4.860809326171875,-38.834651947021484,88.31277465820312,3.5859155654907227,-36.94052505493164,83.86626434326172,-5.925612449645996,-28.24521827697754,75.46748352050781,,
1780510019.3523173,22055.339399766,-9.0988187789917,-42.5822639465332,73.97418212890625,4.9746246337890625,-41.19606399536133,87.73876953125,4.633703231811523,-36.11711120605469,84.2093734741211,-3.9575090408325195,-29.708194732666016,75.14390563964844,,
1780510019.3721852,22055.358734759,-8.333398818969727,-43.484031677246094,72.85819244384766,3.985421895980835,-44.98711395263672,86.61932373046875,7.115211486816406,-34.58650207519531,83.89875793457031,-1.5650911331176758,-34.02425003051758,76.15404510498047,,
1780510019.3922367,22055.378610917,-8.36129093170166,-44.49009704589844,74.47246551513672,0.5215131640434265,-48.11503219604492,84.42095947265625,10.868208885192871,-32.602474212646484,82.6142578125,1.3167791366577148,-41.03324890136719,79.88469696044922,,
1780510019.4122107,22055.398810925,-9.601963996887207,-45.204219818115234,77.66131591796875,-1.8653327226638794,-48.33890151977539,82.37406921386719,12.710105895996094,-31.831266403198242,79.84303283691406,2.7845523357391357,-46.80106735229492,81.6825180053711,,
1780510019.4321704,22055.419035879,-9.219046592712402,-43.82035446166992,79.93903350830078,-2.337996482849121,-46.99302673339844,80.99833679199219,11.609275817871094,-31.91985511779785,76.15843200683594,4.270441055297852,-49.902076721191406,81.4132308959961,,
1780510019.4522388,22055.439160476,-7.385119915008545,-41.60121536254883,81.56904602050781,-2.917996883392334,-45.61429214477539,80.46920776367188,10.365796089172363,-30.6213321685791,74.62853240966797,4.752447128295898,-50.681480407714844,81.35227966308594,,
1780510019.4722464,22055.459264192,-6.407486915588379,-40.265743255615234,82.3830795288086,-3.0686135292053223,-44.95793533325195,80.55209350585938,9.830358505249023,-30.097902297973633,74.23631286621094,3.605658531188965,-49.697052001953125,81.21480560302734,,
1780510019.4923172,22055.479155862,-6.820573806762695,-40.13064193725586,82.27289581298828,-2.5863728523254395,-44.06277847290039,80.89744567871094,10.779510498046875,-31.971845626831055,73.620361328125,1.7592955827713013,-46.7132453918457,80.7380599975586,,
1780510019.5122838,22055.500424359,-8.315606117248535,-39.915706634521484,81.4278335571289,-1.0707261562347412,-42.256412506103516,81.74942016601562,10.462586402893066,-34.79386520385742,74.03559112548828,-0.15856891870498657,-42.45001983642578,80.63886260986328,,
1780510019.5322485,22055.518745452,-10.96647834777832,-40.6236572265625,80.12523651123047,1.3821638822555542,-40.28178024291992,84.18892669677734,8.608171463012695,-37.36032485961914,75.54107666015625,-2.3595898151397705,-37.24827575683594,79.76222229003906,,
1780510019.5522225,22055.538563988,-13.330212593078613,-42.402854919433594,78.25591278076172,3.877244472503662,-37.96459197998047,86.92322540283203,6.643495082855225,-39.478736877441406,78.66487121582031,-4.214616775512695,-32.37327194213867,78.03124237060547,,
1780510019.5721385,22055.559122334,-12.615532875061035,-44.19991683959961,77.24970245361328,4.556748390197754,-36.62665939331055,87.55471801757812,5.267090320587158,-41.5864143371582,81.50808715820312,-4.348982810974121,-28.708560943603516,76.05264282226562,,
1780510019.5921948,22055.578600105,-10.743136405944824,-45.34177017211914,76.84688568115234,4.569980144500732,-37.433284759521484,86.6259994506836,5.189048767089844,-42.7519416809082,82.99598693847656,-3.040583610534668,-27.314083099365234,74.63906860351562,,
1780510019.612725,22055.598897745,-9.114082336425781,-46.72126770019531,75.93889617919922,4.053848743438721,-39.58306121826172,85.79290008544922,6.177464485168457,-43.24907302856445,83.26554870605469,-1.8541871309280396,-27.246309280395508,73.34732818603516,,
1780510019.6325128,22055.619316628,-8.189539909362793,-47.56887435913086,75.4180908203125,2.5530219078063965,-42.5594596862793,85.14619445800781,6.571723461151123,-42.2270622253418,83.03689575195312,-0.8651044964790344,-28.906606674194336,72.66497039794922,,
1780510019.6527972,22055.639474904,-8.190582275390625,-47.526397705078125,75.96279907226562,-0.318004846572876,-46.4027214050293,83.9170913696289,5.819070816040039,-39.96940612792969,82.58040618896484,0.9920557141304016,-31.674165725708008,73.70240783691406,,
1780510019.6724083,22055.658967503,-7.658796787261963,-46.588104248046875,77.83513641357422,-4.515638828277588,-49.75944519042969,81.7103500366211,5.384436130523682,-36.555824279785156,81.86048889160156,2.9902844429016113,-35.595787048339844,76.07887268066406,,
1780510019.6923532,22055.679528008,-7.276472091674805,-44.664649963378906,80.35336303710938,-7.044129848480225,-50.504150390625,79.27473449707031,6.918692588806152,-33.21651077270508,80.98307800292969,3.573411703109741,-39.61792755126953,78.87854766845703,,
1780510019.7122002,22055.698842797,-6.4358296394348145,-42.128665924072266,82.29291534423828,-7.000733375549316,-49.01346206665039,77.4540023803711,7.322515964508057,-32.345924377441406,80.02071380615234,4.126916885375977,-42.226470947265625,80.69754028320312,,
1780510019.732351,22055.718884267,-4.8150763511657715,-39.38481903076172,83.3197021484375,-6.426664352416992,-46.805416107177734,76.52130889892578,6.869154930114746,-32.17042541503906,79.56624603271484,4.803496360778809,-43.81503677368164,81.55486297607422,,
1780510019.7523034,22055.738617924,-4.218616008758545,-37.491416931152344,83.695556640625,-5.93158483505249,-45.61026382446289,76.39952850341797,6.811542510986328,-32.26575469970703,79.20677947998047,4.1076836585998535,-44.02585983276367,81.60017395019531,,
1780510019.7721748,22055.758895156,-5.001187324523926,-36.814022064208984,83.86289978027344,-4.997245788574219,-44.56832504272461,77.0689468383789,7.699023246765137,-33.54172134399414,78.92642974853516,2.4936726093292236,-42.62659454345703,81.21966552734375,,
1780510019.7922041,22055.778645132,-6.695315361022949,-37.22127151489258,83.52949523925781,-3.3370003700256348,-43.20781707763672,78.5266342163086,8.52730655670166,-35.9083366394043,78.86162567138672,0.4754186272621155,-39.72672653198242,80.58553314208984,,
1780510019.8122334,22055.799259351,-8.939242362976074,-38.603702545166016,82.52169799804688,-1.0559110641479492,-41.999473571777344,81.08547973632812,8.354679107666016,-38.004112243652344,79.00104522705078,-1.5928453207015991,-36.03574752807617,79.43415832519531,,
1780510019.8322194,22055.820029529,-11.30136489868164,-40.968685150146484,80.92567443847656,1.6787657737731934,-41.089988708496094,84.48018646240234,7.186426162719727,-38.858055114746094,80.41445922851562,-3.8953585624694824,-32.059017181396484,77.20510864257812,,
1780510019.852143,22055.838604101,-11.50186538696289,-43.00111389160156,79.52850341796875,3.083580732345581,-40.134281158447266,86.56736755371094,5.969730854034424,-39.143310546875,82.10443878173828,-5.319072246551514,-28.56354331970215,75.16229248046875,,
1780510019.8721545,22055.858483321,-10.153199195861816,-43.864322662353516,78.71802520751953,3.41321063041687,-40.19971466064453,86.66596221923828,5.0898895263671875,-39.475830078125,83.51561737060547,-4.717986583709717,-26.667516708374023,74.21346282958984,,
1780510019.8921487,22055.878554704,-8.717470169067383,-44.32696533203125,77.2576675415039,3.287402868270874,-41.516693115234375,86.35952758789062,5.213233470916748,-38.8549690246582,84.02510833740234,-3.283473253250122,-26.7244930267334,73.62850952148438,,
1780510019.9122195,22055.898581487,-7.766682147979736,-45.04874801635742,75.84392547607422,2.584825277328491,-43.919227600097656,85.89537811279297,6.303720951080322,-37.11757278442383,83.89073181152344,-1.7563761472702026,-28.884288787841797,73.25749969482422,,
1780510019.932148,22055.919224688,-7.6934003829956055,-45.52462387084961,75.75401306152344,0.4808098375797272,-47.27129364013672,84.73282623291016,8.070902824401855,-34.636444091796875,83.28937530517578,0.4584246277809143,-33.509769439697266,75.39421844482422,,
1780510019.9522574,22055.938978691,-7.922750473022461,-45.599266052246094,78.00482177734375,-2.6413023471832275,-49.35860824584961,82.4937973022461,11.613621711730957,-32.265892028808594,81.50975799560547,1.8494704961776733,-40.27809143066406,78.94841003417969,,
1780510019.9722624,22055.958523824,-8.854893684387207,-45.103904724121094,80.4932632446289,-3.7500998973846436,-49.40449905395508,80.7536392211914,12.608771324157715,-31.21854019165039,78.6694107055664,2.9233622550964355,-45.01730728149414,80.21772003173828,,
1780510019.9921343,22055.978704473,-7.839426517486572,-42.63825607299805,82.2834701538086,-3.843689441680908,-47.78166198730469,79.66312408447266,11.428885459899902,-30.972700119018555,76.14028930664062,3.964088201522827,-48.02968978881836,80.42948913574219,,
1780510020.0122745,22055.999652426,-6.407197952270508,-40.508338928222656,83.25428771972656,-3.9235663414001465,-46.36117935180664,79.54002380371094,10.39946174621582,-30.246747970581055,75.07168579101562,4.007139682769775,-48.87591552734375,80.68531799316406,,
1780510020.0324595,22056.019191301,-6.156367301940918,-39.853759765625,83.73899841308594,-3.612644672393799,-45.77985382080078,79.96451568603516,10.525128364562988,-30.418577194213867,74.19096374511719,2.5069596767425537,-47.63375473022461,80.49405670166016,,
1780510020.052371,22056.039122336,-7.208950519561768,-39.72585678100586,83.45993041992188,-2.5156683921813965,-44.593238830566406,80.83509063720703,11.021439552307129,-32.67928695678711,73.83328247070312,0.3663652539253235,-44.70125198364258,80.24138641357422,,
1780510020.0726388,22056.059219803,-9.535323143005371,-40.20985412597656,82.45092010498047,-0.5861154198646545,-42.61986541748047,82.80397033691406,10.504294395446777,-35.23601531982422,74.1475830078125,-2.2067787647247314,-40.13982009887695,79.8077621459961,,
1780510020.0922983,22056.07930486,-12.6131591796875,-41.85929489135742,80.54692840576172,2.1814451217651367,-40.53523254394531,86.25971221923828,8.394835472106934,-36.9295539855957,76.18352508544922,-4.745493412017822,-34.615726470947266,78.25924682617188,,
1780510020.1122947,22056.098605757,-13.288773536682129,-43.73796844482422,78.92583465576172,4.02662467956543,-38.01476287841797,88.3689956665039,6.3568525314331055,-38.583621978759766,79.47573852539062,-6.3566060066223145,-30.411447525024414,76.472900390625,,
1780510020.1324615,22056.11955798,-11.788617134094238,-44.762210845947266,78.15428924560547,4.3196539878845215,-37.23949432373047,87.99571990966797,5.00373649597168,-40.24687576293945,81.99835205078125,-5.555094242095947,-27.81148338317871,75.07737731933594,,
1780510020.1522074,22056.138521346,-9.81471061706543,-45.55463409423828,77.35733032226562,4.297033309936523,-38.399200439453125,86.9697265625,5.326359272003174,-41.156925201416016,83.01400756835938,-4.0256452560424805,-27.053224563598633,74.13116455078125,,
1780510020.1722248,22056.158797539,-8.188821792602539,-46.84992599487305,76.05513763427734,3.636099100112915,-40.40987014770508,86.03241729736328,6.368203163146973,-41.097755432128906,83.17735290527344,-2.475313186645508,-27.74698257446289,72.94551086425781,,
1780510020.1922755,22056.178766401,-7.674986362457275,-47.46149826049805,75.37654876708984,1.8083231449127197,-43.65580368041992,85.10779571533203,6.793159008026123,-39.583961486816406,83.01997375488281,-1.0363484621047974,-30.12201499938965,72.94178009033203,,
1780510020.2122383,22056.199029748,-7.797118663787842,-47.24031066894531,76.28479766845703,-1.7187025547027588,-47.78910827636719,83.3792495727539,6.2991790771484375,-36.91511154174805,82.39436340332031,1.2595908641815186,-34.043514251708984,75.20923614501953,,
1780510020.2321787,22056.21909487,-7.807003498077393,-46.47555160522461,78.6357421875,-5.359837055206299,-50.28213882446289,81.07273864746094,7.693581581115723,-33.40325927734375,81.41374206542969,2.4460103511810303,-39.11286163330078,78.44577026367188,,
1780510020.252193,22056.239082559,-7.741985321044922,-44.74835205078125,80.95169067382812,-6.254403114318848,-49.72943115234375,79.00745391845703,8.719207763671875,-31.650663375854492,79.76547241210938,3.073878288269043,-42.69035339355469,80.63417053222656,,
1780510020.2721732,22056.25903211,-6.42120885848999,-41.71881103515625,82.55538177490234,-5.853759765625,-47.7800407409668,77.4189453125,8.034150123596191,-31.734392166137695,78.56971740722656,4.0274434089660645,-45.09994125366211,81.44599151611328,,
1780510020.2922168,22056.278685131,-4.923974990844727,-38.93329620361328,83.24958801269531,-5.625677108764648,-46.30193328857422,76.94606018066406,7.0526275634765625,-31.46584129333496,77.96443939208984,4.196489334106445,-46.02931594848633,81.89396667480469,,
1780510020.3123589,22056.29901117,-5.013082504272461,-37.41398620605469,83.59151458740234,-4.935215950012207,-45.699424743652344,77.00890350341797,7.158050537109375,-31.695798873901367,77.69080352783203,2.7599782943725586,-45.244293212890625,81.70228576660156,,
1780510020.332299,22056.319457094,-6.294637203216553,-37.08540725708008,83.44746398925781,-3.4546051025390625,-44.506656646728516,77.77611541748047,8.097028732299805,-33.92024230957031,77.54379272460938,0.9248157143592834,-43.034732818603516,81.31605529785156,,
1780510020.3522809,22056.339054436,-8.196038246154785,-37.37028503417969,82.72705841064453,-1.3593727350234985,-42.870933532714844,79.4482192993164,8.298199653625488,-36.52806854248047,77.66448974609375,-1.171830177307129,-39.56807327270508,80.78550720214844,,
1780510020.372224,22056.359194458,-10.829301834106445,-38.646270751953125,81.5878677368164,1.603578805923462,-41.552860260009766,82.41557312011719,7.226953029632568,-38.39528274536133,78.5379638671875,-3.682325839996338,-35.305755615234375,79.23426818847656,,
1780510020.3922722,22056.378238612,-12.543072700500488,-40.69261169433594,80.20842742919922,4.186922550201416,-40.05402755737305,85.51367950439453,5.933938980102539,-39.227821350097656,80.6064453125,-6.398560523986816,-31.46617889404297,76.88443756103516,,
1780510020.412234,22056.398854339,-11.521283149719238,-42.236534118652344,79.40641784667969,4.998366355895996,-39.183536529541016,86.4038314819336,4.87170934677124,-40.10742950439453,82.57382202148438,-6.770439624786377,-28.39381980895996,75.20350646972656,,
1780510020.4322498,22056.421429052,-9.840764999389648,-42.959930419921875,78.4549331665039,5.035127639770508,-39.741207122802734,85.97821044921875,4.704878330230713,-40.532615661621094,83.8222885131836,-5.578819274902344,-27.200557708740234,74.33667755126953,,
1780510020.4522731,22056.438736133,-8.066741943359375,-43.94490432739258,77.32501983642578,4.549919128417969,-41.52515411376953,85.45547485351562,5.526665210723877,-39.902713775634766,84.15506744384766,-4.264824867248535,-27.636993408203125,73.33904266357422,,
1780510020.4722264,22056.461115809,-7.009485721588135,-44.85775375366211,76.57835388183594,3.187472105026245,-44.30253982543945,84.76461791992188,6.475252151489258,-38.14558029174805,84.03730773925781,-3.0335659980773926,-29.820423126220703,73.09578704833984,,
1780510020.4927225,22056.479797986,-7.023537635803223,-45.13117980957031,77.13741302490234,0.2949773073196411,-48.120662689208984,83.51441192626953,7.3291497230529785,-35.248191833496094,83.50209045410156,-1.1102088689804077,-33.76070022583008,75.34784698486328,,
1780510020.5128553,22056.499321649,-7.514392375946045,-45.468509674072266,79.79972839355469,-3.6171438694000244,-51.01390838623047,81.23600769042969,9.242415428161621,-31.83920669555664,82.1836929321289,0.23494698107242584,-39.10795211791992,79.0350570678711,,
1780510020.5331063,22056.519674774,-8.577286720275879,-44.788387298583984,81.9518051147461,-5.157631874084473,-51.21640396118164,79.22019958496094,10.14040470123291,-30.186601638793945,80.11375427246094,1.0180243253707886,-42.916988372802734,80.71072387695312,,
1780510020.5522988,22056.538645947,-7.552365779876709,-42.63247299194336,83.52799224853516,-5.250504493713379,-49.05904006958008,77.91899871826172,9.459846496582031,-29.88582992553711,78.3467025756836,2.3641092777252197,-45.38862991333008,81.35909271240234,,
1780510020.5722666,22056.558582011,-6.291304111480713,-40.804779052734375,84.2428207397461,-5.564428806304932,-47.7214469909668,77.6787109375,8.365050315856934,-28.803205490112305,77.37820434570312,2.4935615062713623,-46.27533721923828,81.81124877929688,,
1780510020.5928588,22056.579337961,-6.310894966125488,-40.25661849975586,84.69834899902344,-5.51159143447876,-47.66318130493164,77.97679138183594,8.758260726928711,-28.26496696472168,76.70088195800781,0.8448348641395569,-45.23628616333008,81.49724578857422,,
1780510020.6129813,22056.59939643,-7.275068283081055,-40.50214767456055,84.77130889892578,-4.842915058135986,-47.14841079711914,78.72447204589844,9.953168869018555,-29.530057907104492,76.4158935546875,-1.1765748262405396,-42.741722106933594,81.09758758544922,,
1780510020.6326845,22056.619569071,-8.304110527038574,-40.948299407958984,84.40664672851562,-4.023057460784912,-45.932334899902344,80.03388214111328,10.397643089294434,-31.442344665527344,76.41251373291016,-3.1305551528930664,-39.391109466552734,80.79301452636719,,
1780510020.6522622,22056.639355751,-9.617645263671875,-41.98063278198242,84.12548065185547,-3.056471347808838,-45.17136001586914,81.93257904052734,9.898028373718262,-32.899635314941406,76.4176025390625,-5.262086868286133,-35.44894790649414,80.1472396850586,,
1780510020.6721005,22056.65957008,-10.999348640441895,-43.9634895324707,83.65728759765625,-1.538145661354065,-44.41827392578125,84.66165924072266,8.522809028625488,-33.77882385253906,77.80921936035156,-7.703399658203125,-31.647350311279297,78.37901306152344,,
1780510020.6922452,22056.679595492,-10.553731918334961,-46.208465576171875,83.01508331298828,-0.7090160250663757,-43.153751373291016,87.18912506103516,7.45554256439209,-34.78580093383789,80.01506805419922,-9.41395378112793,-28.39145278930664,76.11331939697266,,
1780510020.712272,22056.699996239,-8.668574333190918,-47.88380432128906,82.37786865234375,-0.5421373844146729,-42.758079528808594,87.9935073852539,6.381527900695801,-36.07931900024414,82.02426147460938,-9.174476623535156,-25.770719528198242,74.15099334716797,,
1780510020.731936,22056.719147126,-6.68874979019165,-48.88692855834961,82.02210235595703,-0.4052501618862152,-43.28753662109375,87.68382263183594,6.452789306640625,-37.41122817993164,83.05536651611328,-7.904559135437012,-24.508230209350586,73.05207824707031,,
1780510020.75209,22056.738543401,-5.443930149078369,-49.604305267333984,81.687744140625,-0.6388272643089294,-44.21333694458008,87.05553436279297,7.025760173797607,-37.288917541503906,83.17913055419922,-7.124600887298584,-25.02218246459961,72.24771881103516,,
1780510020.7720766,22056.758432053,-4.849350452423096,-50.16969299316406,81.47526550292969,-1.909178376197815,-45.68940353393555,86.2124252319336,7.42402982711792,-35.69536209106445,82.89167785644531,-6.128724575042725,-26.689640045166016,71.95620727539062,,
1780510020.7920434,22056.778398351,-4.874306678771973,-50.55162811279297,81.9172592163086,-4.1120381355285645,-47.90332794189453,85.19912719726562,7.603151321411133,-33.251033782958984,82.25861358642578,-4.673627853393555,-29.253507614135742,73.2200698852539,,
1780510020.8122327,22056.798994594,-5.43076229095459,-50.72606658935547,83.20864868164062,-7.068591594696045,-50.74448013305664,83.44141387939453,8.443681716918945,-30.134496688842773,81.10208892822266,-2.93041729927063,-32.74711608886719,75.98090362548828,,
1780510020.8322902,22056.819136941,-6.40570592880249,-49.75912857055664,84.74056243896484,-9.220160484313965,-53.08900833129883,80.96674346923828,10.32474422454834,-27.370288848876953,79.46492004394531,-1.73139488697052,-36.3034782409668,78.83089447021484,,
1780510020.852638,22056.839064298,-7.180171489715576,-47.589046478271484,86.02726745605469,-9.633947372436523,-53.69464111328125,78.73782348632812,11.284795761108398,-26.493894577026367,77.61351776123047,-0.8420101404190063,-38.71024703979492,80.42109680175781,,
1780510020.8725536,22056.859288189,-6.561709880828857,-45.32435607910156,86.7769546508789,-9.21753215789795,-52.45722579956055,77.8077163696289,10.9189453125,-26.495174407958984,76.2983627319336,0.19713078439235687,-40.26551055908203,81.40333557128906,,
1780510020.8924088,22056.87915292,-5.922241687774658,-43.50724411010742,87.06629943847656,-8.82458209991455,-51.741519927978516,77.53024291992188,10.366960525512695,-26.185976028442383,75.23929595947266,0.10356365144252777,-40.36656188964844,81.90690612792969,,
1780510020.9133172,22056.900849195,-6.371856689453125,-42.46860122680664,87.16410827636719,-8.04214096069336,-51.27763366699219,77.88236236572266,10.621939659118652,-26.956823348999023,74.5403060913086,-1.2984635829925537,-39.213706970214844,81.69135284423828,,
1780510020.932358,22056.919730889,-7.419016361236572,-42.19663619995117,87.01622772216797,-6.8785319328308105,-50.09218978881836,79.14543914794922,11.101700782775879,-29.17542839050293,74.03404235839844,-3.2806873321533203,-36.98613739013672,81.24189758300781,,
1780510020.952939,22056.939720419,-8.858926773071289,-42.78422164916992,86.76822662353516,-5.095270156860352,-48.45277786254883,81.31233978271484,10.613007545471191,-31.764617919921875,73.8991928100586,-5.722010612487793,-33.93437957763672,80.49232482910156,,
1780510020.9727073,22056.959069501,-10.754929542541504,-44.12986755371094,85.9496841430664,-2.654879570007324,-46.569297790527344,84.89354705810547,8.77845287322998,-33.666439056396484,75.1353988647461,-8.557245254516602,-30.694067001342773,78.67292785644531,,
1780510020.992376,22056.978984332,-11.306290626525879,-46.058956146240234,84.40326690673828,-0.44768965244293213,-43.52961730957031,88.63580322265625,6.86523962020874,-34.94271469116211,78.39065551757812,-11.395665168762207,-27.69390296936035,75.61878204345703,,
1780510021.012237,22056.999825314,-9.6211576461792,-47.2999382019043,83.32742309570312,0.7964726090431213,-40.99193572998047,89.55699157714844,4.590019702911377,-36.66499710083008,81.59334564208984,-11.254469871520996,-25.470535278320312,73.57230377197266,,
1780510021.0322626,22057.018970203,-7.4096198081970215,-47.2143440246582,82.43489074707031,2.0297510623931885,-40.4162712097168,88.70037078857422,4.034119129180908,-38.56186294555664,83.45813751220703,-9.089154243469238,-25.001995086669922,73.22732543945312,,
1780510021.052289,22057.038997378,-5.912773609161377,-47.56016540527344,81.15656280517578,2.6552040576934814,-41.03812026977539,87.86312866210938,5.031856536865234,-38.92742156982422,83.7863998413086,-7.562253952026367,-26.03888511657715,72.46866607666016,,
1780510021.072275,22057.058895661,-5.044159889221191,-48.28375244140625,79.9846420288086,2.343609571456909,-42.06706619262695,86.98397064208984,6.131844520568848,-37.785545349121094,83.63667297363281,-6.456019401550293,-28.20682144165039,71.35794067382812,,
1780510021.0922408,22057.078644706,-5.281850814819336,-48.40239715576172,79.36598205566406,1.1884082555770874,-44.28744888305664,86.04729461669922,6.8366169929504395,-36.02724075317383,83.26050567626953,-5.154603958129883,-31.081233978271484,71.78884887695312,,
1780510021.1121554,22057.098736744,-5.852865695953369,-48.24317169189453,79.8077163696289,-1.1605948209762573,-47.465885162353516,84.62277221679688,7.300864219665527,-33.36757278442383,82.46348571777344,-3.28995943069458,-34.63035583496094,74.01425170898438,,
1780510021.1323671,22057.11926609,-6.574085235595703,-48.167850494384766,81.5025863647461,-4.691061496734619,-50.648887634277344,82.20939636230469,8.406005859375,-30.055965423583984,81.06330871582031,-1.2451868057250977,-39.29085159301758,77.35480499267578,,
1780510021.1521409,22057.139747214,-7.7103495597839355,-46.498043060302734,83.56658935546875,-6.742577075958252,-52.40471267700195,79.4542007446289,9.270352363586426,-28.084354400634766,79.2047119140625,-0.32930871844291687,-42.71072769165039,80.05117797851562,,
1780510021.172236,22057.158574004,-7.485392093658447,-44.09247970581055,84.87783813476562,-6.995016574859619,-51.236270904541016,77.80859375,9.080531120300293,-28.32379150390625,77.64582824707031,0.9095457792282104,-44.68349838256836,81.28237915039062,,
1780510021.1921475,22057.178554431,-6.238176345825195,-41.83835983276367,85.5053939819336,-6.90531063079834,-49.791690826416016,77.1856460571289,8.245037078857422,-27.888885498046875,76.60820770263672,1.5484493970870972,-45.19352722167969,82.14884185791016,,
1780510021.2122068,22057.198825875,-6.066775798797607,-40.0949592590332,85.63357543945312,-6.4925761222839355,-49.36122131347656,76.8992691040039,7.943057537078857,-27.75655174255371,76.0280532836914,0.6641855239868164,-44.55370330810547,82.34934997558594,,
1780510021.2321146,22057.218568428,-7.063998222351074,-39.453697204589844,85.68307495117188,-5.253503322601318,-48.955257415771484,77.22100830078125,8.753402709960938,-28.90190315246582,75.78441619873047,-1.1892212629318237,-42.49135208129883,81.95011138916016,,
1780510021.2522268,22057.240841261,-8.091926574707031,-39.251556396484375,85.35496520996094,-3.93013858795166,-47.54494857788086,78.43485260009766,9.491893768310547,-31.223527908325195,75.6512451171875,-3.1086161136627197,-39.441017150878906,81.54987335205078,,
1780510021.272133,22057.259084691,-9.696452140808105,-39.969940185546875,84.86167907714844,-2.1954097747802734,-46.16391372680664,80.4834976196289,9.092658996582031,-33.59267044067383,75.83424377441406,-5.534510135650635,-35.670570373535156,80.70880126953125,,
1780510021.292088,22057.278955998,-11.557544708251953,-41.421363830566406,83.96817779541016,0.34231558442115784,-44.63157272338867,83.7746810913086,7.458233833312988,-35.438873291015625,77.4506607055664,-8.256688117980957,-32.035728454589844,78.73872375488281,,
1780510021.3122983,22057.298769527,-11.600081443786621,-43.50636672973633,82.74423217773438,2.2045276165008545,-42.39662170410156,86.79782104492188,6.174034595489502,-37.02958297729492,80.14746856689453,-10.447534561157227,-28.772600173950195,75.87068176269531,,
1780510021.3320203,22057.318336131,-9.780171394348145,-45.08344268798828,81.96483612060547,2.960970640182495,-41.02656173706055,87.4462661743164,4.967056751251221,-38.79391860961914,82.36971282958984,-9.85106372833252,-26.383424758911133,73.91972351074219,,
1780510021.3521779,22057.338255004,-7.793363571166992,-45.95276641845703,81.30159759521484,3.287440538406372,-41.310970306396484,86.8917236328125,5.112375259399414,-39.89640426635742,83.5010986328125,-8.290399551391602,-25.931180953979492,72.92156982421875,,
1780510021.372162,22057.358967313,-6.148110866546631,-46.97108840942383,80.54180145263672,3.069120407104492,-42.47845458984375,86.20384979248047,6.106204032897949,-39.398136138916016,83.64120483398438,-7.27877140045166,-27.053373336791992,71.86538696289062,,
1780510021.3921971,22057.379056443,-5.401552677154541,-47.691917419433594,79.81889343261719,1.8451170921325684,-44.31547164916992,85.4684066772461,6.981330394744873,-37.53315353393555,83.40784454345703,-6.240257263183594,-29.114465713500977,71.48017120361328,,
1780510021.4121861,22057.398786194,-5.657646656036377,-47.742225646972656,79.88520812988281,-0.41961854696273804,-47.25086212158203,84.49134826660156,7.410116672515869,-34.765926361083984,82.83912658691406,-4.749725341796875,-32.100669860839844,72.92713165283203,,
1780510021.432139,22057.419113525,-6.196267127990723,-48.01049041748047,81.37787628173828,-3.844722032546997,-50.646156311035156,82.59803771972656,8.10993766784668,-31.287397384643555,81.95831298828125,-2.573342800140381,-36.24172592163086,76.39798736572266,,
1780510021.4522123,22057.439303289,-7.630077838897705,-47.43925476074219,83.35213470458984,-6.542860507965088,-53.11829376220703,79.96835327148438,9.358229637145996,-28.281248092651367,80.43669128417969,-1.4660110473632812,-40.21435546875,79.57622528076172,,
1780510021.4720962,22057.459632834,-8.23178768157959,-45.66830062866211,84.93663024902344,-7.03471040725708,-52.67448043823242,77.8702621459961,9.604873657226562,-28.150924682617188,78.40767669677734,-0.3445320427417755,-42.754146575927734,81.0431900024414,,
1780510021.4922228,22057.479279564,-7.351599216461182,-43.42476272583008,85.7581558227539,-6.863263130187988,-51.16556930541992,77.02290344238281,8.752732276916504,-27.989858627319336,77.00846862792969,0.6097015142440796,-44.15272903442383,81.96129608154297,,
1780510021.512163,22057.498815182,-6.694100379943848,-41.770111083984375,86.17063903808594,-6.493000030517578,-50.57609939575195,76.77014923095703,8.135337829589844,-27.181507110595703,76.07832336425781,0.19595301151275635,-43.9042854309082,82.35123443603516,,
1780510021.5321717,22057.519075673,-7.304602146148682,-40.97285079956055,86.18450927734375,-5.841690540313721,-50.406673431396484,77.14356994628906,9.15391731262207,-27.74905776977539,75.48226928710938,-1.6073293685913086,-42.1417121887207,81.93394470214844,,
1780510021.552199,22057.538696488,-8.185539245605469,-40.85098648071289,85.94737243652344,-4.6340742111206055,-49.2396240234375,78.22000122070312,10.265487670898438,-29.74408531188965,75.3179702758789,-3.4522340297698975,-39.379024505615234,81.45671844482422,,
1780510021.5721087,22057.559082365,-9.412976264953613,-41.29169464111328,85.54754638671875,-3.255380392074585,-48.0003776550293,79.9939193725586,10.007219314575195,-31.862323760986328,75.27010345458984,-5.690521717071533,-36.0711784362793,80.8116455078125,,
1780510021.592246,22057.579317586,-10.76768970489502,-42.29240798950195,85.16661834716797,-1.386885166168213,-46.75113296508789,82.58390045166016,8.593347549438477,-33.533023834228516,76.14434051513672,-8.193108558654785,-32.71096420288086,79.4643783569336,,
1780510021.6121933,22057.598783082,-11.537490844726562,-43.97743225097656,84.01942443847656,0.4254078269004822,-44.66719055175781,85.94579315185547,7.125131607055664,-34.80298614501953,78.53376770019531,-10.900616645812988,-29.646507263183594,76.7349853515625,,
1780510021.6321118,22057.618828083,-10.244532585144043,-45.72479248046875,82.97647094726562,1.4676834344863892,-42.56034851074219,87.81341552734375,5.686065673828125,-36.32814025878906,81.17083740234375,-11.654176712036133,-27.054283142089844,74.34059143066406,,
1780510021.652041,22057.638612156,-8.1002779006958,-46.68438720703125,82.24564361572266,2.199221134185791,-41.82258987426758,87.67581176757812,5.145816326141357,-38.13056945800781,82.99832153320312,-10.106766700744629,-25.827560424804688,73.0962142944336,,
1780510021.6721492,22057.658863409,-6.341463088989258,-47.36444091796875,81.38760375976562,2.6530184745788574,-42.21022415161133,87.01683044433594,5.750508785247803,-38.643497467041016,83.6369857788086,-8.687241554260254,-26.38414192199707,72.37665557861328,,
1780510021.6921203,22057.679222004,-5.309589385986328,-48.16389846801758,80.64186096191406,2.187152147293091,-43.34857940673828,86.23615264892578,6.8100996017456055,-37.59232711791992,83.461181640625,-7.722316265106201,-28.226455688476562,71.4285659790039,,
1780510021.7124896,22057.700096855,-5.079097747802734,-48.60832977294922,80.50911712646484,0.5125945210456848,-45.51005935668945,85.29685974121094,7.438482284545898,-35.44554901123047,82.881591796875,-6.396176815032959,-30.82533836364746,71.78361511230469,,
1780510021.7324777,22057.719299333,-5.636680603027344,-48.66728591918945,81.13709259033203,-2.425161123275757,-48.80704116821289,83.95850372314453,7.757926940917969,-32.43317794799805,82.07899475097656,-4.477911472320557,-34.08395004272461,74.16483306884766,,
1780510021.7524266,22057.739358903,-6.72067403793335,-48.60438537597656,83.05715942382812,-5.930963516235352,-52.17146682739258,81.48120880126953,8.82690143585205,-28.868227005004883,80.8478012084961,-2.4952871799468994,-38.13945388793945,77.83013916015625,,
1780510021.7723548,22057.759101587,-8.059749603271484,-47.155452728271484,84.7198486328125,-7.655808925628662,-53.69702911376953,78.67132568359375,9.417840957641602,-27.24284553527832,79.30876922607422,-1.5068776607513428,-40.91489791870117,80.55475616455078,,
1780510021.792395,22057.779307985,-7.69066047668457,-45.08686065673828,85.91307830810547,-7.924835205078125,-52.583194732666016,77.25049591064453,9.216910362243652,-27.26511001586914,77.56970977783203,-0.2598160207271576,-42.59565734863281,81.73318481445312,,
1780510021.81287,22057.799720508,-6.690857887268066,-42.89064407348633,86.34721374511719,-7.777083873748779,-51.272003173828125,76.55879211425781,8.390850067138672,-26.659252166748047,76.77278900146484,0.3649331033229828,-42.98869705200195,82.7082748413086,,
1780510021.8328738,22057.819778869,-6.7595133781433105,-41.63896560668945,86.52100372314453,-7.190219402313232,-51.084991455078125,76.3899154663086,8.370579719543457,-26.470989227294922,76.30970764160156,-0.7315161228179932,-41.97594451904297,82.70150756835938,,
1780510021.8523762,22057.838994508,-7.524696350097656,-41.18901824951172,86.55760192871094,-6.250829696655273,-50.500022888183594,76.9757308959961,9.509283065795898,-27.82979393005371,75.832275390625,-2.4494664669036865,-39.790401458740234,82.19905853271484,,
1780510021.872284,22057.858775765,-8.374601364135742,-41.23917007446289,86.25901794433594,-5.168402194976807,-49.31431198120117,78.27664184570312,10.173355102539062,-29.943862915039062,75.56505584716797,-4.301571846008301,-36.7856559753418,81.65097045898438,,
1780510021.8923326,22057.87866565,-9.57425308227539,-41.991695404052734,85.95035552978516,-3.7444040775299072,-48.14289093017578,80.49161529541016,9.641708374023438,-32.03403854370117,75.54546356201172,-6.589478969573975,-33.5923957824707,80.70771789550781,,
1780510021.9123116,22057.899034598,-10.727519989013672,-43.37439727783203,85.44232177734375,-1.8605486154556274,-46.751792907714844,83.43214416503906,8.097588539123535,-33.65583801269531,77.01493072509766,-9.009201049804688,-30.628101348876953,78.89765930175781,,
1780510021.9328866,22057.919680603,-10.79561710357666,-45.36848068237305,84.11323547363281,-0.22617723047733307,-44.55326843261719,86.78711700439453,6.793438911437988,-35.077972412109375,79.66352081298828,-11.398255348205566,-27.711824417114258,75.76390075683594,,
1780510021.952536,22057.939673165,-9.051908493041992,-46.95881652832031,83.26676177978516,0.7144707441329956,-42.72494888305664,88.11930847167969,5.351115703582764,-36.83266830444336,82.05929565429688,-11.188583374023438,-25.41392707824707,73.61515045166016,,
1780510021.972323,22057.959101582,-6.972174644470215,-47.49388122558594,82.71805572509766,1.758255958557129,-42.316551208496094,87.60456085205078,5.15347957611084,-38.69123458862305,83.48651885986328,-9.489264488220215,-24.824914932250977,72.83289337158203,,
1780510021.9923012,22057.981506668,-5.576146602630615,-48.0500373840332,81.8713150024414,1.9419410228729248,-42.77546310424805,86.98494720458984,5.9720234870910645,-38.63077163696289,83.73554229736328,-8.307979583740234,-25.843019485473633,71.89800262451172,,
1780510022.0122476,22057.999047944,-4.997225284576416,-48.73789978027344,81.06517028808594,1.2123552560806274,-43.80217361450195,86.36351776123047,6.767702579498291,-36.967628479003906,83.58676147460938,-7.551090717315674,-27.96830177307129,70.92628479003906,,
1780510022.0323024,22058.019200263,-5.016587734222412,-49.0121955871582,80.958740234375,-0.4958135783672333,-45.86238479614258,85.50511932373047,7.197839260101318,-34.75978088378906,82.99238586425781,-6.207284450531006,-30.54918098449707,71.70144653320312,,
1780510022.0527234,22058.039619228,-5.442558765411377,-49.12174987792969,81.6283950805664,-3.2107670307159424,-48.94197463989258,84.05692291259766,7.673109531402588,-31.895763397216797,82.18929290771484,-4.151593208312988,-33.97798156738281,74.22643280029297,,
1780510022.0731575,22058.060315648,-6.601276397705078,-48.94963836669922,83.36497497558594,-6.323603630065918,-52.173583984375,81.71771240234375,9.152429580688477,-28.577709197998047,80.7060546875,-2.4070866107940674,-38.21572494506836,77.65574645996094,,
1780510022.0927944,22058.079203262,-7.947842121124268,-47.250396728515625,85.07737731933594,-7.856468677520752,-53.78227615356445,79.00884246826172,9.996237754821777,-27.04036521911621,78.76651763916016,-1.5048993825912476,-41.12059783935547,80.14840698242188,,
1780510022.1142733,22058.100755634,-8.464033126831055,-46.37944793701172,85.81547546386719,-7.871429443359375,-53.24765396118164,78.08119201660156,8.543105125427246,-27.470016479492188,77.04859924316406,-0.4332548975944519,-44.0063362121582,81.45315551757812,,
1780510022.1329365,22058.119711837,-6.897790431976318,-43.408512115478516,86.5997543334961,-7.997303009033203,-51.41396713256836,77.25050354003906,8.287614822387695,-26.771806716918945,75.7732162475586,0.34630680084228516,-44.10050964355469,82.2493667602539,,
1780510022.1527696,22058.139523797,-6.851515769958496,-41.75168228149414,86.7089614868164,-7.369180679321289,-51.20320129394531,76.7978744506836,8.261460304260254,-26.693605422973633,75.2273178100586,-0.6970640420913696,-43.155513763427734,82.32423400878906,,
1780510022.1727493,22058.159353123,-7.356964111328125,-41.14425277709961,86.77039337158203,-6.5537028312683105,-50.09616470336914,77.73387908935547,9.728445053100586,-28.03059959411621,74.88633728027344,-2.246906280517578,-40.46391296386719,81.85997009277344,,
1780510022.1931825,22058.179882512,-8.54592514038086,-40.85185241699219,86.50627899169922,-4.793480396270752,-48.779052734375,79.05596923828125,10.071026802062988,-30.57794952392578,74.74246215820312,-4.502118110656738,-37.20473861694336,81.34585571289062,,
1780510022.2128716,22058.19934635,-10.148321151733398,-41.43980407714844,85.8971176147461,-2.8572020530700684,-47.206138610839844,81.55726623535156,9.015738487243652,-33.13115692138672,75.13568115234375,-7.059399127960205,-33.57372283935547,80.33253479003906,,
1780510022.232572,22058.219311977,-11.561100959777832,-42.91957092285156,84.97500610351562,-0.2666844129562378,-45.08213424682617,85.140869140625,7.195964813232422,-34.94752502441406,77.45905303955078,-9.926980018615723,-30.147035598754883,77.8040771484375,,
1780510022.2526324,22058.239938759,-10.982096672058105,-44.73030090332031,83.73522186279297,1.5229737758636475,-42.31970977783203,87.83875274658203,5.387996196746826,-36.857269287109375,80.50840759277344,-11.672489166259766,-27.468652725219727,74.75638580322266,,
1780510022.2722714,22058.259468493,-8.975066184997559,-45.810184478759766,82.83042907714844,2.632380962371826,-40.907100677490234,88.07328796386719,4.160858631134033,-38.73252487182617,82.73983001708984,-10.475186347961426,-25.923542022705078,73.2292251586914,,
1780510022.2922773,22058.278927544,-7.021393299102783,-46.29683303833008,81.80644989013672,3.5173988342285156,-40.92431640625,87.27406311035156,4.519883632659912,-39.892574310302734,83.80741882324219,-8.585235595703125,-26.18731689453125,72.65850067138672,,
1780510022.312219,22058.298621635,-5.653531551361084,-47.107765197753906,80.6318588256836,3.646885633468628,-41.780975341796875,86.50819396972656,5.675818920135498,-39.31814193725586,83.84748077392578,-7.3814167976379395,-27.81181526184082,71.692626953125,,
1780510022.3323562,22058.318743671,-5.217658042907715,-47.677757263183594,79.67893981933594,2.7397537231445312,-43.53913879394531,85.6981430053711,6.6096367835998535,-37.550140380859375,83.50514221191406,-6.33158016204834,-30.439453125,71.14488220214844,,
1780510022.3527834,22058.339971601,-5.69240140914917,-47.500797271728516,79.61293029785156,0.7277939915657043,-46.44371795654297,84.71666717529297,7.041232109069824,-34.98953628540039,82.86717987060547,-4.869162559509277,-33.69489288330078,72.63944244384766,,
1780510022.3723357,22058.358651079,-6.333137512207031,-47.61239242553711,80.9706039428711,-2.7800846099853516,-50.03310012817383,82.78313446044922,7.4759697914123535,-31.615001678466797,81.84654998779297,-2.5060367584228516,-37.787803649902344,75.92042541503906,,
1780510022.3922896,22058.378708184,-7.667994499206543,-47.03644561767578,83.07072448730469,-5.7646050453186035,-52.795223236083984,80.19160461425781,8.679641723632812,-28.411222457885742,80.48664093017578,-1.399119257926941,-41.693946838378906,79.2783432006836,,
1780510022.4123206,22058.398954357,-8.298818588256836,-45.0770149230957,84.62052917480469,-6.545948505401611,-52.522945404052734,77.80331420898438,8.692413330078125,-28.352630615234375,78.6741714477539,-0.3114982545375824,-44.10451889038086,81.17806243896484,,
1780510022.432446,22058.418976466,-7.359215259552002,-42.796470642089844,85.48373413085938,-6.414535045623779,-50.78278350830078,76.7186279296875,7.858762741088867,-28.483312606811523,77.38338470458984,0.8562617301940918,-45.28718948364258,82.24817657470703,,
1780510022.4522662,22058.439292796,-6.476038932800293,-40.673614501953125,85.82475280761719,-6.030583381652832,-49.771095275878906,76.25566864013672,7.0945563316345215,-27.781444549560547,76.80069732666016,0.8183683156967163,-45.03166580200195,82.82279968261719,,
1780510022.4729302,22058.459956791,-7.081384181976318,-39.64191436767578,85.9388427734375,-5.1777119636535645,-49.79914474487305,76.31160736083984,7.871201992034912,-28.15645980834961,76.32876586914062,-0.9555488228797913,-43.2350959777832,82.37571716308594,,
1780510022.4922569,22058.478677374,-8.09369945526123,-39.38542938232422,85.62811279296875,-4.051854610443115,-48.6862678527832,77.35420989990234,9.195307731628418,-30.235401153564453,76.1397933959961,-2.8550047874450684,-40.360652923583984,81.88069915771484,,
1780510022.5122347,22058.498599801,-9.19465160369873,-39.59877014160156,85.14817810058594,-2.614055871963501,-47.29913330078125,78.99344635009766,9.262210845947266,-32.536598205566406,76.1813735961914,-4.966527462005615,-36.98289489746094,81.30036163330078,,
1780510022.5323226,22058.518646143,-10.850074768066406,-40.653961181640625,84.59835815429688,-0.5844070911407471,-46.19575881958008,81.52409362792969,8.017182350158691,-34.414833068847656,76.83019256591797,-7.51709508895874,-33.46290588378906,79.90161895751953,,
1780510022.5523255,22058.538755395,-11.599876403808594,-42.46957778930664,83.53937530517578,1.469581961631775,-44.35322952270508,84.79878997802734,6.889497756958008,-35.8752326965332,79.04512023925781,-10.10098934173584,-30.10052490234375,77.09699249267578,,
1780510022.572312,22058.559086559,-10.381855964660645,-44.33363723754883,82.44527435302734,2.4674980640411377,-42.527896881103516,86.87895965576172,5.658816814422607,-37.59370040893555,81.53189086914062,-10.775450706481934,-27.37928009033203,74.62483978271484,,
1780510022.5922751,22058.578836963,-8.474441528320312,-45.438358306884766,81.65974426269531,3.1066927909851074,-41.96626663208008,86.89533233642578,5.120919227600098,-39.042720794677734,83.10404968261719,-9.620074272155762,-26.16289520263672,73.37926483154297,,
1780510022.6122735,22058.598681895,-6.689625263214111,-46.32802963256836,80.88378143310547,3.3060381412506104,-42.548919677734375,86.2627182006836,5.636735439300537,-39.325843811035156,83.7710952758789,-8.399517059326172,-26.77659797668457,72.39537811279297,,
1780510022.632826,22058.619224638,-5.661632537841797,-47.19948196411133,80.04043579101562,2.587733268737793,-43.90268325805664,85.693359375,6.592628002166748,-38.030784606933594,83.66792297363281,-7.3621978759765625,-28.479248046875,71.58582305908203,,
1780510022.6523185,22058.638778676,-5.375894546508789,-47.59025573730469,79.9747314453125,0.8303125500679016,-46.16225814819336,84.89588928222656,7.321484565734863,-35.60830307006836,83.18319702148438,-6.138988494873047,-31.165145874023438,72.12867736816406,,
1780510022.672314,22058.658641046,-5.846096992492676,-47.79927062988281,80.93475341796875,-2.369225263595581,-49.48109817504883,83.42312622070312,7.679017543792725,-32.44144058227539,82.37554168701172,-3.963874578475952,-34.83108901977539,74.85574340820312,,
1780510022.6923225,22058.678728553,-7.150821208953857,-47.844970703125,82.90644836425781,-5.774968147277832,-52.68666076660156,81.07316589355469,9.089594841003418,-28.77987289428711,81.0622329711914,-2.2921454906463623,-38.91141128540039,78.51266479492188,,
1780510022.712334,22058.698781051,-8.371009826660156,-46.49149703979492,84.6690902709961,-7.153871536254883,-53.509342193603516,78.513427734375,9.5873384475708,-27.586355209350586,79.34862518310547,-1.3499040603637695,-41.726593017578125,80.73676300048828,,
1780510022.7323525,22058.718879536,-7.928145408630371,-44.50419235229492,85.79318237304688,-7.371281147003174,-52.08607482910156,77.16683959960938,9.01639461517334,-27.633323669433594,77.58245849609375,-0.1429540514945984,-43.48122787475586,81.7720947265625,,
1780510022.752289,22058.739033977,-6.965449810028076,-42.5285758972168,86.23963165283203,-7.39778470993042,-51.0997428894043,76.70462799072266,8.160017013549805,-26.69607925415039,76.5677490234375,0.15149086713790894,-43.782596588134766,82.52202606201172,,
1780510022.7722836,22058.758754519,-7.060196876525879,-41.64944076538086,86.50653076171875,-7.054241180419922,-51.00434112548828,76.71888732910156,8.535151481628418,-26.472002029418945,75.9878921508789,-1.1337268352508545,-42.46244430541992,82.4018783569336,,
1780510022.7923021,22058.780157957,-7.801806449890137,-41.335140228271484,86.49014282226562,-6.1976542472839355,-50.21682357788086,77.49856567382812,9.82310676574707,-27.88902473449707,75.62213897705078,-2.7890281677246094,-40.0806770324707,81.94023132324219,,
1780510022.8123436,22058.798563114,-8.608543395996094,-41.44520568847656,86.16693878173828,-5.175937175750732,-48.95683288574219,78.85424041748047,10.395435333251953,-29.973453521728516,75.50054168701172,-4.5942277908325195,-36.87274932861328,81.43275451660156,,
1780510022.8323364,22058.818618168,-9.77361011505127,-42.33372497558594,85.93080139160156,-3.743297576904297,-47.9473876953125,81.05342102050781,9.602746963500977,-31.875680923461914,75.70233154296875,-6.920224666595459,-33.48420333862305,80.46672058105469,,
1780510022.8528807,22058.839528099,-11.00385570526123,-43.83579635620117,85.32340240478516,-1.885839581489563,-46.50151443481445,84.07398223876953,8.146023750305176,-33.38481521606445,77.20053100585938,-9.525025367736816,-30.41303825378418,78.40937042236328,,
1780510022.8723168,22058.858652528,-10.630208015441895,-45.87813186645508,84.21660614013672,-0.614010214805603,-44.461910247802734,87.18226623535156,6.901049613952637,-34.80183029174805,79.8492660522461,-11.515545845031738,-27.448152542114258,75.4368667602539,,
1780510022.8922546,22058.879076574,-8.792631149291992,-47.340370178222656,83.2682876586914,0.39963361620903015,-42.83173751831055,88.27115631103516,5.428739547729492,-36.636253356933594,82.19032287597656,-11.031862258911133,-25.268434524536133,73.46127319335938,,
1780510022.9122841,22058.899500045,-6.809719085693359,-47.76973342895508,82.63392639160156,1.350262999534607,-42.54288864135742,87.79216003417969,5.225185871124268,-38.26006317138672,83.52361297607422,-9.49553108215332,-24.945085525512695,72.6610107421875,,
1780510022.9323606,22058.91924737,-5.511733055114746,-48.3443717956543,81.70829010009766,1.5702495574951172,-42.971187591552734,87.1201400756836,5.968815803527832,-38.15939712524414,83.7512435913086,-8.301088333129883,-26.10817527770996,71.75205993652344,,
1780510022.9523094,22058.939307898,-4.921179294586182,-48.95232009887695,80.99846649169922,0.8082976937294006,-44.10228729248047,86.40731811523438,6.69966459274292,-36.52922439575195,83.5381088256836,-7.421572685241699,-28.312000274658203,71.0031509399414,,
1780510022.9729671,22058.95984108,-5.077348232269287,-49.2527961730957,80.95833587646484,-0.8142346143722534,-46.193119049072266,85.47928619384766,7.242729187011719,-34.430908203125,82.87300109863281,-5.905267238616943,-31.075895309448242,71.77955627441406,,
1780510022.9922674,22058.980269234,-5.578770637512207,-49.383392333984375,81.83184814453125,-3.598194122314453,-49.24090576171875,83.97334289550781,7.764475345611572,-31.46590805053711,81.86798858642578,-3.8305253982543945,-34.728240966796875,74.49108123779297,,
1780510023.0122802,22058.998945251,-6.744513511657715,-48.9382438659668,83.53617095947266,-6.710113048553467,-52.339134216308594,81.4281997680664,9.131556510925293,-28.150362014770508,80.34693145751953,-2.037534475326538,-38.81974411010742,78.04580688476562,,
1780510023.0329075,22059.020392938,-7.856717109680176,-47.204227447509766,85.16519927978516,-8.036883354187012,-53.64677429199219,78.83605194091797,9.808101654052734,-26.92609214782715,78.47554016113281,-1.092418909072876,-41.418540954589844,80.29286193847656,,
1780510023.0523365,22059.038699963,-7.264342308044434,-44.91845703125,86.22553253173828,-8.173909187316895,-52.47703552246094,77.60305786132812,9.53971004486084,-26.969547271728516,76.84081268310547,0.1427411288022995,-42.94643783569336,81.42236328125,,
1780510023.0722847,22059.058787694,-6.279843807220459,-42.64332580566406,86.529052734375,-7.865627765655518,-51.16603469848633,76.93203735351562,8.55467700958252,-26.593482971191406,75.96861267089844,0.7050012350082397,-43.402069091796875,82.43441009521484,,
1780510023.093135,22059.079634766,-6.522164344787598,-41.292205810546875,86.61444854736328,-7.098155975341797,-50.945716857910156,76.80709075927734,8.695926666259766,-26.87290382385254,75.44119262695312,-0.4784495234489441,-42.222755432128906,82.293212890625,,
1780510023.1128013,22059.099604433,-7.295917510986328,-40.769535064697266,86.58983612060547,-5.865121364593506,-50.02653503417969,77.63381958007812,9.691604614257812,-28.77960777282715,74.84720611572266,-2.1188948154449463,-39.88695526123047,81.7994384765625,,
1780510023.1329136,22059.119778332,-8.505911827087402,-40.9002685546875,86.16292572021484,-4.27022647857666,-48.328147888183594,79.43350982666016,10.006847381591797,-31.51372718811035,74.82157897949219,-4.284375190734863,-36.52631378173828,81.18639373779297,,
1780510023.152938,22059.140119428,-10.221050262451172,-41.82753372192383,85.56005859375,-2.005178689956665,-46.68074035644531,82.3397445678711,8.710502624511719,-33.87344741821289,75.46876525878906,-7.012019157409668,-32.86537551879883,79.87129974365234,,
1780510023.172777,22059.160128019,-11.594354629516602,-43.598472595214844,84.17179107666016,0.545474112033844,-44.228759765625,86.09204864501953,7.093828201293945,-35.66090393066406,78.06990051269531,-9.96426773071289,-29.484111785888672,77.01048278808594,,
1780510023.1927786,22059.179467206,-10.511075019836426,-45.29100036621094,83.09994506835938,2.022921085357666,-41.681575775146484,88.10822296142578,5.142745494842529,-37.36756134033203,80.99345397949219,-11.069756507873535,-26.880748748779297,74.37259674072266,,
1780510023.213114,22059.199857942,-8.501579284667969,-46.058326721191406,82.1963882446289,3.046776294708252,-40.518062591552734,87.80848693847656,4.247363090515137,-39.31959915161133,83.0506591796875,-9.289546966552734,-25.69290542602539,73.32553100585938,,
1780510023.2327657,22059.219409638,-6.748873710632324,-46.69612503051758,81.14157104492188,3.5962021350860596,-40.911460876464844,87.06184387207031,4.959683418273926,-40.04391098022461,83.72462463378906,-7.583013534545898,-26.210067749023438,72.53340148925781,,
1780510023.2523086,22059.239351538,-5.589065074920654,-47.56270217895508,80.01221466064453,3.3854055404663086,-41.970279693603516,86.31108856201172,6.135307312011719,-39.19915008544922,83.63612365722656,-6.482218265533447,-28.051677703857422,71.46778869628906,,
1780510023.2723444,22059.259699915,-5.432723045349121,-47.94270706176758,79.24871063232422,2.2041850090026855,-43.9659309387207,85.57466888427734,6.898463249206543,-37.26123046875,83.31940460205078,-5.434037685394287,-30.74721908569336,71.4093017578125,,
1780510023.2923594,22059.278769796,-6.0128583908081055,-47.715736389160156,79.33151245117188,-0.08715513348579407,-47.12775802612305,84.47579193115234,7.217555046081543,-34.58253479003906,82.62779998779297,-3.7260098457336426,-33.99875259399414,73.2405014038086,,
1780510023.3123238,22059.298761277,-6.5820136070251465,-47.88243865966797,80.93746185302734,-3.828317642211914,-50.50893783569336,82.29877471923828,7.868937969207764,-31.094161987304688,81.50494384765625,-1.4530565738677979,-38.365196228027344,76.62345886230469,,
1780510023.3324778,22059.319699257,-7.828267574310303,-46.82357406616211,83.03040313720703,-6.324320316314697,-52.41114044189453,79.7734375,8.923588752746582,-28.628828048706055,80.05667877197266,-0.5611048340797424,-42.165977478027344,79.72708892822266,,
1780510023.3523068,22059.3391342,-7.8994903564453125,-44.768646240234375,84.55050659179688,-6.712993621826172,-51.5486946105957,77.90239715576172,9.010754585266113,-28.699861526489258,78.0077896118164,0.5504028797149658,-44.3614501953125,81.05071258544922,,
1780510023.3723502,22059.358800977,-6.718660354614258,-42.305301666259766,85.31537628173828,-6.587887763977051,-49.92030334472656,77.0321273803711,8.234421730041504,-28.516996383666992,76.83827209472656,1.4903594255447388,-45.32548141479492,81.94792938232422,,
1780510023.3921893,22059.378651044,-6.088314533233643,-40.587764739990234,85.65945434570312,-6.141313076019287,-49.181495666503906,76.85990905761719,7.8306498527526855,-28.03199005126953,76.20950317382812,1.0455354452133179,-44.74830627441406,82.2267074584961,,
1780510023.412234,22059.3988936,-6.767454147338867,-39.58596420288086,85.61316680908203,-5.203299045562744,-48.75922393798828,77.19209289550781,8.696196556091309,-28.956430435180664,75.97280883789062,-0.7446786761283875,-42.811073303222656,81.87723541259766,,
1780510023.4321728,22059.419577842,-7.828641414642334,-39.43880081176758,85.2374267578125,-4.016958713531494,-47.47846221923828,78.34925842285156,9.68132209777832,-31.246856689453125,75.77066802978516,-2.6866183280944824,-39.71268081665039,81.40252685546875,,
1780510023.4522011,22059.438876536,-9.48794174194336,-40.09626388549805,84.72117614746094,-2.252357006072998,-46.01726531982422,80.40523529052734,9.27463150024414,-33.733917236328125,76.01190948486328,-5.066791534423828,-36.017276763916016,80.63761138916016,,
1780510023.4722512,22059.460398929,-11.280674934387207,-41.662254333496094,83.93492889404297,0.1699122190475464,-44.467857360839844,83.71389770507812,7.746493339538574,-35.49335861206055,77.45825958251953,-7.754787445068359,-32.196495056152344,78.74644470214844,,
1780510023.4922233,22059.479216978,-11.512067794799805,-43.67693328857422,82.68801879882812,2.005716323852539,-42.24887466430664,86.80353546142578,6.3216471672058105,-36.79135513305664,80.01754760742188,-10.186208724975586,-28.913585662841797,75.91680908203125,,
1780510023.5123053,22059.499120418,-9.817939758300781,-45.19429016113281,81.89801025390625,2.744748592376709,-40.813880920410156,87.58378601074219,4.961542129516602,-38.33207702636719,82.33563232421875,-9.84300708770752,-26.4829158782959,73.9784927368164,,
1780510023.532286,22059.51942478,-7.867994785308838,-45.882362365722656,81.17376708984375,3.0826010704040527,-41.05282974243164,87.12552642822266,4.88813591003418,-39.45335006713867,83.57788848876953,-8.21667766571045,-25.75103187561035,73.27604675292969,,
1780510023.5521667,22059.539540969,-6.249338150024414,-46.77407455444336,80.20528411865234,2.8802740573883057,-42.17426681518555,86.50501251220703,5.763224124908447,-39.130741119384766,83.85232543945312,-7.054183483123779,-26.71099090576172,72.28611755371094,,
1780510023.5721896,22059.559432316,-5.442741870880127,-47.5926399230957,79.34674072265625,1.695131778717041,-43.95472717285156,85.74223327636719,6.5690741539001465,-37.46763610839844,83.72014617919922,-5.764794826507568,-28.71778106689453,71.66105651855469,,
1780510023.592307,22059.578995776,-5.621311187744141,-47.768165588378906,79.4779052734375,-0.6730067133903503,-46.850650787353516,84.78009033203125,7.004944324493408,-34.95549392700195,83.1321029663086,-4.1045989990234375,-31.676654815673828,72.97467041015625,,
1780510023.6121778,22059.598625425,-6.118866920471191,-48.13201141357422,80.87532043457031,-4.151142120361328,-50.28091049194336,83.04949188232422,7.703978538513184,-31.671123504638672,82.14424133300781,-1.9550155401229858,-35.702056884765625,76.22615051269531,,
1780510023.6321917,22059.619017329,-7.2793049812316895,-47.72794723510742,82.96988677978516,-7.0220255851745605,-52.584693908691406,80.47248077392578,9.307321548461914,-28.470317840576172,80.39757537841797,-0.8688094615936279,-39.723365783691406,79.27201080322266,,
1780510023.652259,22059.638964049,-7.898375988006592,-45.8886604309082,84.56781768798828,-7.597751140594482,-52.13786697387695,78.37879180908203,9.580791473388672,-28.152099609375,78.37152099609375,0.17272549867630005,-42.57553482055664,80.79866790771484,,
1780510023.6722004,22059.658772908,-6.772559642791748,-43.70726776123047,85.59542846679688,-7.635194301605225,-50.51521682739258,77.63758087158203,9.075687408447266,-27.770416259765625,76.9181137084961,1.2817368507385254,-43.83430480957031,81.57893371582031,,
1780510023.6922812,22059.67953019,-5.8824052810668945,-41.72420883178711,85.92665100097656,-7.506868839263916,-49.70714569091797,77.33500671386719,8.380708694458008,-27.168394088745117,76.09033203125,1.071713924407959,-43.90302276611328,82.09272766113281,,
1780510023.7122142,22059.699093935,-6.52043342590332,-40.997867584228516,86.12541961669922,-6.801572799682617,-49.537628173828125,77.67182159423828,9.298566818237305,-27.77153968811035,75.70030975341797,-0.6608489751815796,-42.13787078857422,81.60579681396484,,
1780510023.732234,22059.719209634,-7.339383125305176,-40.955020904541016,85.96267700195312,-5.6717658042907715,-48.174400329589844,78.91830444335938,10.316298484802246,-30.0223331451416,75.36186218261719,-2.2961127758026123,-39.396728515625,81.22242736816406,,
1780510023.7522225,22059.739398856,-8.732260704040527,-41.491268157958984,85.57255554199219,-4.18503475189209,-46.904991149902344,80.7728042602539,10.23900318145752,-32.303165435791016,75.27435302734375,-4.650382041931152,-35.963348388671875,80.55574798583984,,
1780510023.772286,22059.759279825,-10.38699722290039,-42.79963302612305,85.07009887695312,-2.363966464996338,-45.6469612121582,83.5616226196289,8.815712928771973,-33.8935432434082,76.16509246826172,-7.22578239440918,-32.34470748901367,79.2218246459961,,
1780510023.7921712,22059.778955435,-11.390424728393555,-45.04444122314453,83.8320541381836,-0.39414119720458984,-43.470149993896484,87.20242309570312,7.350127220153809,-35.17726516723633,78.67035675048828,-9.843913078308105,-28.91537857055664,76.52481842041016,,
1780510023.812237,22059.800739537,-9.96364974975586,-46.85919952392578,82.81546020507812,0.693719744682312,-41.452762603759766,88.78797912597656,5.515408992767334,-36.78794479370117,81.44768524169922,-10.263150215148926,-26.061384201049805,74.16285705566406,,
1780510023.8321817,22059.818799499,-7.929870128631592,-47.53651809692383,82.09788513183594,1.5040217638015747,-41.054779052734375,88.316650390625,4.878900527954102,-38.70066833496094,83.18183898925781,-8.564881324768066,-24.767606735229492,73.2822265625,,
1780510023.852186,22059.838775073,-6.388938903808594,-48.130523681640625,81.2090072631836,1.9644712209701538,-41.60059356689453,87.57406616210938,5.575351238250732,-39.18901062011719,83.65524291992188,-7.160246849060059,-25.27353286743164,72.46868133544922,,
1780510023.872199,22059.859023348,-5.369234561920166,-48.98878479003906,80.207763671875,1.3506919145584106,-42.57503890991211,86.80835723876953,6.424661636352539,-38.12022399902344,83.58023071289062,-6.016252517700195,-27.003507614135742,71.33052062988281,,
1780510023.8922634,22059.879020029,-5.209042072296143,-49.20184326171875,79.76670837402344,-0.049658890813589096,-44.60844802856445,86.02171325683594,6.809282302856445,-36.09965896606445,83.23165130615234,-4.833150386810303,-29.624141693115234,71.60968780517578,,
1780510023.9122493,22059.89879547,-5.669193744659424,-49.146793365478516,80.01566314697266,-2.1767566204071045,-47.54318618774414,84.81452941894531,7.230708122253418,-33.55681610107422,82.42535400390625,-2.989858388900757,-32.79159164428711,73.56153106689453,,
1780510023.9322686,22059.918481186,-6.219511032104492,-49.13066482543945,81.4632797241211,-5.458870887756348,-50.555702209472656,82.6416015625,8.393777847290039,-30.363513946533203,81.03630828857422,-0.9987017512321472,-37.348838806152344,76.7451400756836,,
1780510023.9522557,22059.939245008,-7.315656661987305,-47.54121398925781,83.49169158935547,-7.416330337524414,-52.309043884277344,80.00289154052734,9.635201454162598,-28.16063690185547,79.2120132446289,-0.0987507700920105,-41.154396057128906,79.51361083984375,,
1780510023.972242,22059.959225315,-7.24035120010376,-45.2119255065918,84.88570404052734,-7.6612935066223145,-51.50990676879883,78.37350463867188,9.813058853149414,-28.09446144104004,77.24378967285156,1.0637919902801514,-43.418701171875,80.69551849365234,,
1780510023.992131,22059.979271247,-5.967029094696045,-42.7125244140625,85.57720947265625,-7.367279529571533,-49.887489318847656,77.68977355957031,9.112223625183105,-28.01890754699707,76.05628967285156,1.963423252105713,-44.45654296875,81.55035400390625,,
1780510024.0123174,22059.999121496,-5.448540210723877,-40.79861068725586,85.74466705322266,-6.924061298370361,-49.159950256347656,77.45790100097656,8.772985458374023,-28.0296688079834,75.36215209960938,1.4176247119903564,-44.03990936279297,81.82799530029297,,
1780510024.0321918,22060.018592894,-6.310759544372559,-39.935813903808594,85.75001525878906,-5.7550554275512695,-48.58623123168945,77.92807006835938,9.380986213684082,-29.39326286315918,74.99195861816406,-0.33725136518478394,-42.152854919433594,81.3940200805664,,
1780510024.0522125,22060.038834799,-7.651118278503418,-39.75340270996094,85.42432403564453,-4.242513179779053,-47.01117706298828,79.43936157226562,9.922500610351562,-31.97570037841797,74.78168487548828,-2.5167224407196045,-38.990318298339844,80.96416473388672,,
1780510024.0721197,22060.058657134,-9.685612678527832,-40.53844451904297,84.82405090332031,-1.994148850440979,-45.15812301635742,82.03247833251953,9.077249526977539,-34.62054443359375,75.19441223144531,-5.231584072113037,-35.05314254760742,80.0868148803711,,
1780510024.092299,22060.079319679,-11.956114768981934,-42.509151458740234,83.34455871582031,0.8850299715995789,-42.96696090698242,85.9566650390625,7.265647888183594,-36.414581298828125,77.47401428222656,-8.122903823852539,-30.955503463745117,77.66302490234375,,
1780510024.1123683,22060.099635621,-11.515096664428711,-44.407169342041016,82.22866821289062,2.4945485591888428,-40.420166015625,88.29459381103516,5.4798994064331055,-37.762229919433594,80.4962158203125,-9.83385181427002,-27.894729614257812,75.07693481445312,,
1780510024.132276,22060.119063921,-9.70375919342041,-45.199668884277344,81.32333374023438,3.295255184173584,-39.36166000366211,87.97187805175781,4.039738178253174,-39.4422492980957,82.9198226928711,-8.389900207519531,-26.01923179626465,73.88201141357422,,
1780510024.1522458,22060.138661663,-7.832839488983154,-45.71888732910156,80.27971649169922,3.694582939147949,-40.071083068847656,87.23217010498047,4.481134414672852,-40.259159088134766,83.7919921875,-6.657526969909668,-25.79473114013672,73.35283660888672,,
1780510024.172267,22060.159063912,-6.3747429847717285,-46.672420501708984,78.9674301147461,3.5084939002990723,-41.39773941040039,86.43531036376953,5.645609378814697,-39.633304595947266,83.86441802978516,-5.375791072845459,-27.144235610961914,72.24293518066406,,
1780510024.192215,22060.179015248,-5.834534168243408,-47.27141189575195,78.05294799804688,2.210855007171631,-43.64328384399414,85.601318359375,6.496927738189697,-37.952796936035156,83.64593505859375,-4.0620551109313965,-29.588951110839844,71.88103485107422,,
1780510024.2122867,22060.199146862,-6.237958908081055,-47.24359130859375,78.29985809326172,-0.3325641453266144,-46.97618103027344,84.44866943359375,6.879436016082764,-35.40022277832031,83.04000854492188,-2.2220828533172607,-32.99757385253906,73.66681671142578,,
1780510024.2322786,22060.218644082,-6.720434665679932,-47.33082962036133,79.9325942993164,-4.119564533233643,-50.304725646972656,82.41759490966797,7.909616947174072,-32.02249526977539,81.97293090820312,-0.261345773935318,-37.63022994995117,77.17473602294922,,
1780510024.2522154,22060.238728638,-7.740318775177002,-46.46335983276367,82.13077545166016,-6.412287712097168,-51.65087890625,79.98621368408203,9.229778289794922,-29.515853881835938,80.16896057128906,0.5340228080749512,-41.772281646728516,79.8274154663086,,
1780510024.2721636,22060.259333206,-7.574795722961426,-44.346195220947266,83.77208709716797,-6.636571884155273,-50.321197509765625,78.14950561523438,9.199180603027344,-29.52327537536621,78.16551208496094,1.6980690956115723,-44.399227142333984,80.97135162353516,,
1780510024.2922556,22060.279520064,-6.203715801239014,-41.903770446777344,84.71251678466797,-6.442570209503174,-48.58849334716797,77.59044647216797,8.490785598754883,-29.205787658691406,76.9797592163086,2.5714752674102783,-45.543190002441406,81.58728790283203,,
1780510024.3122451,22060.29946335,-5.429931640625,-40.102210998535156,85.08232116699219,-6.336313247680664,-47.928611755371094,77.51107788085938,8.186640739440918,-28.615478515625,76.37985229492188,1.8804140090942383,-45.006195068359375,81.77183532714844,,
1780510024.3323646,22060.3194106,-6.22348165512085,-39.48941421508789,85.14395904541016,-5.3353753089904785,-47.28397750854492,78.15888214111328,9.242769241333008,-30.003080368041992,76.00235748291016,0.09718356281518936,-43.136436462402344,81.26229095458984,,
1780510024.3522062,22060.338837628,-7.458026885986328,-39.61665344238281,84.78865051269531,-3.8582944869995117,-45.91129684448242,79.44808197021484,9.890045166015625,-32.425750732421875,75.79346466064453,-1.8647323846817017,-39.95616912841797,80.85722351074219,,
1780510024.3722892,22060.358724431,-9.397440910339355,-40.37127685546875,84.22175598144531,-1.9815723896026611,-44.55093765258789,81.68472290039062,9.269343376159668,-34.60293197631836,75.94341278076172,-4.474042892456055,-35.997596740722656,80.0763931274414,,
1780510024.392314,22060.37884653,-11.511601448059082,-42.21051788330078,83.19596862792969,0.4250737428665161,-43.00180435180664,85.15858459472656,7.636591911315918,-35.98099899291992,77.77571105957031,-7.219854831695557,-31.88043975830078,78.15238952636719,,
1780510024.4122353,22060.398747242,-11.361513137817383,-44.47149658203125,82.03247833251953,1.9475337266921997,-40.80900192260742,87.80107116699219,6.133052825927734,-37.274070739746094,80.4477767944336,-9.060107231140137,-28.161453247070312,75.5151138305664,,
1780510024.4322412,22060.419129158,-9.836183547973633,-45.61306381225586,81.09522247314453,2.540012836456299,-39.78759002685547,88.06158447265625,4.820016384124756,-38.77100372314453,82.67662811279297,-8.202147483825684,-25.939289093017578,74.03617858886719,,
1780510024.4522138,22060.4393174,-7.810171127319336,-46.3251953125,80.54163360595703,2.6527416706085205,-40.69832992553711,87.36615753173828,5.042235851287842,-39.72920227050781,83.64837646484375,-6.748580455780029,-25.30577850341797,73.29655456542969,,
1780510024.4721925,22060.459718894,-6.244197845458984,-47.302005767822266,79.62068176269531,2.3482680320739746,-42.04270553588867,86.59915924072266,5.9757208824157715,-39.23456573486328,83.78462219238281,-5.633349418640137,-26.31447982788086,72.27991485595703,,
1780510024.4922328,22060.479112861,-5.64691162109375,-47.98872375488281,78.91706085205078,0.8537140488624573,-44.06857681274414,85.88018798828125,6.7340617179870605,-37.366512298583984,83.54431915283203,-4.397130489349365,-28.453197479248047,71.84519958496094,,
1780510024.5122988,22060.500155245,-5.845129489898682,-48.17947769165039,79.19147491455078,-1.527887225151062,-47.04017639160156,84.78665161132812,7.138604164123535,-34.79104232788086,82.97307586669922,-2.6388070583343506,-31.520612716674805,73.48362731933594,,
1780510024.5322666,22060.519065118,-6.242325782775879,-48.304595947265625,80.77013397216797,-4.975955486297607,-50.352359771728516,82.83078002929688,8.151933670043945,-31.472667694091797,81.75508117675781,-0.7714411616325378,-35.966888427734375,76.82396697998047,,
1780510024.5522861,22060.538865485,-7.214087009429932,-47.575164794921875,82.80188751220703,-7.230489253997803,-51.954559326171875,80.36962127685547,9.887834548950195,-28.758325576782227,79.80696868896484,0.19138109683990479,-40.10221481323242,79.48371124267578,,
1780510024.5722363,22060.55864573,-7.395547866821289,-45.286258697509766,84.43659973144531,-7.239679336547852,-51.007476806640625,78.43876647949219,10.093117713928223,-28.63681983947754,77.90773010253906,1.3610005378723145,-42.96893310546875,80.6296157836914,,
1780510024.5922468,22060.57870409,-6.093064308166504,-42.84452438354492,85.2397689819336,-7.171069622039795,-49.41905975341797,77.95247650146484,9.316024780273438,-28.28534698486328,76.56260681152344,2.2752442359924316,-44.40543746948242,81.3597412109375,,
1780510024.6122,22060.598865543,-5.387382507324219,-41.09181213378906,85.64234924316406,-6.922095775604248,-48.80143356323242,77.76446533203125,8.950790405273438,-27.777997970581055,75.75077819824219,1.7063027620315552,-44.11457824707031,81.61671447753906,,
1780510024.6322546,22060.620378556,-6.2049994468688965,-40.43006896972656,85.64936828613281,-6.163523197174072,-48.310760498046875,78.3414306640625,9.73295783996582,-29.03080940246582,75.34687042236328,-0.13832157850265503,-42.35304260253906,81.1985855102539,,
1780510024.6522472,22060.638878177,-7.395894527435303,-40.561256408691406,85.38925170898438,-4.878029823303223,-46.9346809387207,79.72686004638672,10.473454475402832,-31.366098403930664,75.0916519165039,-2.1461360454559326,-39.22107696533203,80.77182006835938,,
1780510024.6723032,22060.658850156,-9.236468315124512,-41.44640350341797,84.96426391601562,-3.0271787643432617,-45.45709991455078,82.0455322265625,9.839059829711914,-33.70048141479492,75.26367950439453,-4.751695156097412,-35.40158462524414,79.9946517944336,,
1780510024.6922317,22060.678639376,-11.271221160888672,-43.243568420410156,84.02491760253906,-0.669276773929596,-43.76881790161133,85.63880157470703,8.078206062316895,-35.19896697998047,77.06388092041016,-7.6257243156433105,-31.452978134155273,78.00826263427734,,
1780510024.712165,22060.698992831,-11.204211235046387,-45.48272705078125,82.7709732055664,0.8929857015609741,-41.40409469604492,88.52828979492188,6.483793258666992,-36.35102844238281,79.90662384033203,-9.681163787841797,-27.849409103393555,75.35122680664062,,
1780510024.7322812,22060.719318207,-9.550168991088867,-46.524009704589844,81.92447662353516,1.6229689121246338,-40.17564392089844,88.84381103515625,4.794665813446045,-37.860557556152344,82.37150573730469,-8.994791030883789,-25.662309646606445,73.8274154663086,,
1780510024.7523513,22060.739146403,-7.5479888916015625,-47.032108306884766,81.11442565917969,2.1430423259735107,-40.63380432128906,88.10525512695312,4.798865795135498,-39.15660858154297,83.54804992675781,-7.179962158203125,-25.101408004760742,73.2735824584961,,
1780510024.7722135,22060.758820177,-6.045227527618408,-47.817466735839844,79.97303009033203,2.1272623538970947,-41.67872619628906,87.25662231445312,5.771020412445068,-38.88825988769531,83.6983413696289,-5.907170295715332,-26.120807647705078,72.28262329101562,,
1780510024.7922628,22060.778681367,-5.400332927703857,-48.4189567565918,79.02777862548828,1.1147359609603882,-43.379966735839844,86.41500854492188,6.524863243103027,-37.36748504638672,83.53406524658203,-4.700395107269287,-28.428800582885742,71.69209289550781,,
1780510024.8121688,22060.798997545,-5.642824172973633,-48.431339263916016,79.12631225585938,-0.9147690534591675,-46.28114700317383,85.35008239746094,7.018856525421143,-35.033729553222656,82.97718811035156,-3.190248727798462,-31.419227600097656,72.98995971679688,,
1780510024.83221,22060.819041487,-6.108428001403809,-48.55952835083008,80.32951354980469,-4.099429130554199,-49.57154083251953,83.52011108398438,7.772533416748047,-31.992191314697266,81.88712310791016,-1.0530558824539185,-35.559749603271484,76.00895690917969,,
1780510024.8522303,22060.838923709,-6.966214656829834,-47.85755920410156,82.35545349121094,-6.748396396636963,-51.63722229003906,81.01053619384766,9.588334083557129,-29.044052124023438,80.13483428955078,0.11749675869941711,-40.1195182800293,78.94283294677734,,
1780510024.8721702,22060.858847175,-7.5140275955200195,-45.62757110595703,84.0788345336914,-7.324419021606445,-51.456172943115234,78.72071838378906,9.864739418029785,-28.50046157836914,78.11524200439453,1.1500446796417236,-43.05516052246094,80.52336883544922,,
1780510024.892172,22060.87889217,-6.377992630004883,-43.09626007080078,85.0936050415039,-7.191257953643799,-49.86149215698242,77.94021606445312,9.225404739379883,-28.36328125,76.76370239257812,2.2257192134857178,-44.61313247680664,81.34950256347656,,
1780510024.9121988,22060.899121782,-5.34482479095459,-41.20927429199219,85.52499389648438,-7.031300067901611,-48.876522064208984,77.69035339355469,8.687009811401367,-27.859155654907227,75.82344818115234,2.133012533187866,-44.56033706665039,81.8026351928711,,
1780510024.9321847,22060.919226386,-5.9430251121521,-40.2630729675293,85.5984878540039,-5.903677940368652,-48.51243591308594,77.95722198486328,9.321121215820312,-28.912757873535156,75.33489227294922,0.5233747959136963,-43.21963882446289,81.36739349365234,,
1780510024.952231,22060.938679524,-7.088997840881348,-39.98607635498047,85.27259063720703,-4.467145919799805,-47.27851867675781,79.15709686279297,10.093429565429688,-31.19675636291504,75.09869384765625,-1.4249390363693237,-40.498016357421875,80.92816925048828,,
1780510024.972248,22060.959080514,-8.802383422851562,-40.55836868286133,84.89769744873047,-2.563347816467285,-45.77707290649414,81.27275085449219,9.767093658447266,-33.5286979675293,75.21696472167969,-3.962279796600342,-36.6859016418457,80.30227661132812,,
1780510024.9922118,22060.978685034,-11.040570259094238,-42.10457992553711,83.88201904296875,-0.10661701112985611,-44.076446533203125,84.71868896484375,8.154435157775879,-35.321834564208984,76.54596710205078,-6.74308967590332,-32.6674690246582,78.62098693847656,,
1780510025.0121415,22060.998251946,-11.748359680175781,-44.25462341308594,82.37451934814453,1.8841207027435303,-41.49691390991211,87.85237884521484,6.682055473327637,-36.613895416259766,79.3309097290039,-9.217085838317871,-29.190004348754883,75.95685577392578,,
1780510025.032419,22061.019427495,-10.298800468444824,-45.5174674987793,81.4667739868164,2.7265191078186035,-39.87083053588867,88.44860076904297,4.998310089111328,-38.12020492553711,81.92399597167969,-8.975566864013672,-26.76949691772461,74.22914123535156,,
1780510025.0523334,22061.039354544,-8.364541053771973,-46.055416107177734,80.61092376708984,3.1032750606536865,-40.13660430908203,87.74266052246094,4.790691375732422,-39.50966262817383,83.36927032470703,-7.243438720703125,-25.77433967590332,73.57366943359375,,
1780510025.0723631,22061.058673349,-6.651637554168701,-46.984962463378906,79.60015869140625,3.053633689880371,-41.218387603759766,86.95939636230469,5.780227184295654,-39.414730072021484,83.62700653076172,-5.925362586975098,-26.45437240600586,72.56289672851562,,
1780510025.0923412,22061.079087932,-5.85042667388916,-47.83806228637695,78.62501525878906,1.9258962869644165,-43.036582946777344,86.1641845703125,6.681106090545654,-37.936641693115234,83.49281311035156,-4.766082763671875,-28.441770553588867,71.75086212158203,,
1780510025.1122887,22061.098726111,-5.903863430023193,-47.95769119262695,78.6488265991211,-0.4041914939880371,-46.09402084350586,85.12154388427734,7.0629682540893555,-35.47330856323242,83.05850982666016,-3.1382808685302734,-31.370981216430664,73.02461242675781,,
1780510025.1322727,22061.118988694,-6.206907272338867,-48.14676284790039,79.91664123535156,-3.7211015224456787,-49.555625915527344,83.3786849975586,7.8579583168029785,-32.31587219238281,82.11831665039062,-1.032633900642395,-35.48251724243164,76.1826400756836,,
1780510025.1522658,22061.138925751,-7.116159915924072,-47.69939041137695,82.04158782958984,-6.553566932678223,-51.651912689208984,80.93310546875,9.582672119140625,-29.25663948059082,80.27812194824219,0.1270776391029358,-40.04060745239258,79.2370376586914,,
1780510025.1722689,22061.159727279,-7.72318696975708,-45.71636962890625,83.75674438476562,-7.025639057159424,-51.22988510131836,78.71395111083984,9.970006942749023,-28.844383239746094,78.1382064819336,1.1524628400802612,-43.08717346191406,80.63379669189453,,
1780510025.1922138,22061.179700974,-6.506372451782227,-43.227386474609375,84.91211700439453,-6.806092739105225,-49.53239822387695,77.8678207397461,9.29371166229248,-28.621294021606445,76.67762756347656,2.2945141792297363,-44.71226119995117,81.33271789550781,,
1780510025.212274,22061.198850653,-5.497171878814697,-41.13849639892578,85.37176513671875,-6.5611371994018555,-48.57728958129883,77.67594909667969,8.554733276367188,-28.098424911499023,75.9577865600586,2.074981927871704,-44.80387878417969,81.7625961303711,,
1780510025.2323518,22061.218825168,-6.020758152008057,-40.196510314941406,85.44554901123047,-5.916801452636719,-48.171199798583984,78.09163665771484,9.26045036315918,-28.924882888793945,75.5797119140625,0.30086439847946167,-43.13452911376953,81.36302947998047,,
1780510025.2522027,22061.23906273,-7.165928840637207,-40.139251708984375,85.19355010986328,-4.632368564605713,-46.96013259887695,79.20939636230469,10.211146354675293,-31.35447120666504,75.27888488769531,-1.6307851076126099,-40.181705474853516,80.90613555908203,,
1780510025.2723181,22061.259388828,-8.881712913513184,-40.714813232421875,84.7573013305664,-2.8311197757720947,-45.37215042114258,81.1910629272461,9.875980377197266,-33.79801559448242,75.46617889404297,-4.139423370361328,-36.40495681762695,80.27061462402344,,
1780510025.2922444,22061.279306599,-11.147636413574219,-42.290313720703125,83.87372589111328,-0.36836928129196167,-43.86502456665039,84.6660385131836,8.217822074890137,-35.44435501098633,76.7799301147461,-7.0531110763549805,-32.3004264831543,78.52085876464844,,
1780510025.3123248,22061.299075301,-11.562445640563965,-44.486507415771484,82.68806457519531,1.4460407495498657,-41.48063659667969,87.78565216064453,6.579931259155273,-36.556514739990234,79.52642822265625,-9.496999740600586,-28.712993621826172,75.8492431640625,,
1780510025.3323271,22061.318889488,-10.071304321289062,-45.826847076416016,81.74494171142578,2.215740203857422,-40.006874084472656,88.4523696899414,4.871075630187988,-38.091182708740234,82.10674285888672,-9.139589309692383,-26.227928161621094,74.07383728027344,,
1780510025.352113,22061.339099482,-8.060087203979492,-46.38909149169922,81.00730895996094,2.5885751247406006,-40.37769317626953,87.8150863647461,4.672389507293701,-39.39839553833008,83.48332977294922,-7.429366588592529,-25.353769302368164,73.40567779541016,,
1780510025.3722663,22061.359090222,-6.328145980834961,-47.253353118896484,80.01972961425781,2.5548598766326904,-41.47991180419922,87.0183334350586,5.631474018096924,-39.2899284362793,83.72759246826172,-6.094884395599365,-26.099655151367188,72.429931640625,,
1780510025.3922665,22061.379281483,-5.540109634399414,-48.05165481567383,79.0235824584961,1.559777021408081,-43.188079833984375,86.22786712646484,6.544649124145508,-37.80147933959961,83.57469940185547,-4.939801216125488,-28.149192810058594,71.63330841064453,,
1780510025.4124775,22061.399071451,-5.635672092437744,-48.12422180175781,79.07322692871094,-0.49074363708496094,-46.058441162109375,85.1894302368164,6.956690788269043,-35.4932975769043,83.08417510986328,-3.4524123668670654,-31.1337947845459,72.74138641357422,,
1780510025.4323938,22061.42117684,-6.0405964851379395,-48.3447151184082,80.15803527832031,-3.6184067726135254,-49.4421272277832,83.52741241455078,7.59952449798584,-32.366207122802734,82.07167053222656,-1.3306424617767334,-35.117164611816406,75.68683624267578,,
1780510025.4531133,22061.441175416,-6.958114147186279,-47.7369499206543,82.29194641113281,-6.640357971191406,-51.8088493347168,80.9417495727539,9.369254112243652,-29.17129135131836,80.35211944580078,-0.12619222700595856,-39.66751480102539,78.82125854492188,,
1780510025.4735749,22061.46074313,-7.652858257293701,-45.7298469543457,84.00914001464844,-7.253421783447266,-51.625675201416016,78.64450073242188,9.73019027709961,-28.598472595214844,78.4184341430664,0.8910401463508606,-42.75679397583008,80.54393768310547,,
1780510025.4925473,22061.47943673,-6.492956638336182,-42.896976470947266,85.05908966064453,-7.024156093597412,-49.76578903198242,77.67245483398438,9.015971183776855,-28.59190559387207,77.10419464111328,2.161569356918335,-44.62406921386719,81.45907592773438,,
1780510025.512228,22061.499272399,-5.240983963012695,-40.7608757019043,85.46562957763672,-6.927030563354492,-48.61710739135742,77.41624450683594,8.282620429992676,-27.945640563964844,76.22960662841797,2.320829153060913,-44.89948654174805,82.009033203125,,
1780510025.5320983,22061.519068827,-5.8562331199646,-39.900272369384766,85.64947509765625,-6.019667148590088,-48.4099006652832,77.75139617919922,8.971019744873047,-28.792272567749023,75.58981323242188,0.631072461605072,-43.53961181640625,81.46118927001953,,
1780510025.5521748,22061.538282866,-7.04508638381958,-39.69658660888672,85.37976837158203,-4.544758319854736,-47.24507141113281,78.8006362915039,9.817728042602539,-31.189725875854492,75.335205078125,-1.3851828575134277,-40.91748046875,81.03620147705078,,
1780510025.5721412,22061.558572936,-8.826996803283691,-40.16464614868164,84.85240173339844,-2.6723217964172363,-45.67304992675781,80.92440032958984,9.583998680114746,-33.6304931640625,75.3956069946289,-3.944208860397339,-37.132198333740234,80.43024444580078,,
1780510025.5923688,22061.578978302,-11.195453643798828,-41.67192077636719,83.82740783691406,0.008126537315547466,-43.89642333984375,84.44004821777344,7.94445276260376,-35.549949645996094,76.85543060302734,-6.796963691711426,-32.80792236328125,78.65177917480469,,
1780510025.612341,22061.599112073,-11.797985076904297,-43.72617721557617,82.64142608642578,2.063241720199585,-41.37329864501953,87.64691925048828,6.2429728507995605,-36.85090637207031,79.60613250732422,-9.464353561401367,-29.359405517578125,75.94827270507812,,
1780510025.632222,22061.619409076,-10.299798965454102,-45.07244110107422,81.67655944824219,2.9173295497894287,-39.75224304199219,88.23270416259766,4.660364627838135,-38.43684005737305,82.13587188720703,-9.01875114440918,-26.710969924926758,74.21029663085938,,
1780510025.6523275,22061.639470276,-8.340246200561523,-45.695926666259766,80.95843505859375,3.248857259750366,-40.08221435546875,87.59999084472656,4.528628349304199,-39.63728713989258,83.48194885253906,-7.450383186340332,-25.894529342651367,73.41410064697266,,
1780510025.6723032,22061.65920288,-6.523378849029541,-46.798423767089844,80.08979797363281,3.183208703994751,-41.17521286010742,86.797119140625,5.599358558654785,-39.58308410644531,83.69815063476562,-6.152259826660156,-26.61701774597168,72.35889434814453,,
1780510025.6923008,22061.678768611,-5.570934295654297,-47.69309997558594,79.17652893066406,2.047765016555786,-43.02230453491211,85.98710632324219,6.535641193389893,-38.117889404296875,83.55859375,-5.09294319152832,-28.54710578918457,71.54659271240234,,
1780510025.7122788,22061.69907273,-5.717879772186279,-47.80592727661133,79.05855560302734,-0.16623111069202423,-45.970550537109375,85.08114624023438,6.952782154083252,-35.65486145019531,83.05496215820312,-3.609126567840576,-31.415950775146484,72.7055892944336,,
1780510025.7322357,22061.719165037,-6.065882682800293,-47.97365951538086,80.25712585449219,-3.4040677547454834,-49.485008239746094,83.36386108398438,7.554609298706055,-32.405677795410156,82.10897064208984,-1.546008825302124,-35.32884216308594,75.73634338378906,,
1780510025.7522159,22061.739472824,-7.008405685424805,-47.73207092285156,82.33766174316406,-6.402889728546143,-51.9678840637207,80.86024475097656,9.222208976745605,-29.146724700927734,80.45231628417969,-0.32158204913139343,-39.707679748535156,78.87139129638672,,
1780510025.7722504,22061.758863133,-7.816104888916016,-45.83454895019531,84.06415557861328,-7.073786735534668,-51.78920364379883,78.61994934082031,9.737757682800293,-28.610849380493164,78.38296508789062,0.6726571321487427,-42.76426315307617,80.55043029785156,,
1780510025.792217,22061.77839987,-6.758276462554932,-43.432987213134766,85.22064971923828,-6.877890586853027,-50.149959564208984,77.64641571044922,9.199600219726562,-28.347898483276367,76.91036224365234,1.8645217418670654,-44.362098693847656,81.3717269897461,,
1780510025.812297,22061.798884407,-5.717525959014893,-41.334747314453125,85.56900024414062,-6.741262435913086,-49.264404296875,77.3443374633789,8.438213348388672,-27.706867218017578,76.03191375732422,1.7542273998260498,-44.60163116455078,81.89411163330078,,
1780510025.8321142,22061.818853254,-6.164218902587891,-40.27509689331055,85.70547485351562,-6.062265396118164,-48.995140075683594,77.61041259765625,9.043126106262207,-28.227102279663086,75.64682006835938,0.10916829854249954,-43.1680908203125,81.58616638183594,,
1780510025.8522809,22061.839379581,-7.262683391571045,-40.113983154296875,85.50191497802734,-4.773258686065674,-47.895286560058594,78.65216827392578,10.024277687072754,-30.50650978088379,75.40875244140625,-1.8050957918167114,-40.51630783081055,81.11968994140625,,
1780510025.8722568,22061.860129587,-8.73060417175293,-40.57451629638672,85.09434509277344,-3.155066728591919,-46.45077133178711,80.57357788085938,9.988070487976074,-32.8524284362793,75.31945037841797,-4.122791767120361,-36.97908020019531,80.53716278076172,,
1780510025.8923197,22061.878975281,-10.707435607910156,-41.827415466308594,84.50169372558594,-0.9777446985244751,-45.12070083618164,83.38162994384766,8.565217971801758,-34.553199768066406,76.1727523803711,-6.97217321395874,-33.19771957397461,79.1361312866211,,
1780510025.9123585,22061.898702418,-11.72476863861084,-43.92082977294922,83.25552368164062,1.0230834484100342,-42.92768478393555,86.9336929321289,7.063045978546143,-35.74668502807617,78.77286529541016,-9.728609085083008,-29.640031814575195,76.48515319824219,,
1780510025.9323637,22061.919013681,-10.356399536132812,-45.56134796142578,82.31316375732422,1.9799377918243408,-41.062347412109375,88.33302307128906,5.321383953094482,-37.29296875,81.45916748046875,-10.098318099975586,-26.868804931640625,74.3277816772461,,
1780510025.9522424,22061.939650365,-8.428356170654297,-46.21320724487305,81.4283218383789,2.672461748123169,-40.7206916809082,87.8675765991211,4.757910251617432,-38.943504333496094,83.19041442871094,-8.51204776763916,-25.69812774658203,73.50733184814453,,
1780510025.9722064,22061.958867958,-6.598762512207031,-46.99464416503906,80.53137969970703,2.841980218887329,-41.516265869140625,87.10845184326172,5.518267631530762,-39.27325439453125,83.64282989501953,-7.105774402618408,-26.139968872070312,72.63468170166016,,
1780510025.9922757,22061.978861876,-5.554109573364258,-47.83467483520508,79.5136947631836,2.1917266845703125,-42.97438049316406,86.28589630126953,6.484939098358154,-38.09562301635742,83.54320526123047,-6.015284538269043,-28.018192291259766,71.72100830078125,,
1780510026.0122936,22061.998921334,-5.486272811889648,-48.10493087768555,79.19259643554688,0.4658241868019104,-45.439125061035156,85.38752746582031,7.0612359046936035,-35.897186279296875,83.15898132324219,-4.660097122192383,-30.844303131103516,72.31108093261719,,
1780510026.0322487,22062.0192856,-5.97412109375,-48.2967414855957,79.99014282226562,-2.4152262210845947,-48.78687286376953,83.92422485351562,7.471938610076904,-32.96990203857422,82.30965423583984,-2.5103390216827393,-34.451622009277344,74.78279876708984,,
1780510026.0523105,22062.03942635,-6.774467468261719,-48.14873123168945,81.941162109375,-5.8678507804870605,-51.66683578491211,81.47291564941406,8.838460922241211,-29.589387893676758,80.84855651855469,-0.8421185612678528,-39.03330993652344,78.26346588134766,,
1780510026.0724685,22062.059896356,-7.858211040496826,-46.44683837890625,83.77550506591797,-7.231573104858398,-52.448951721191406,79.04805755615234,9.52397346496582,-28.254671096801758,78.9374008178711,0.004281568340957165,-42.17744827270508,80.44007873535156,,
1780510026.092506,22062.0795037,-7.189037799835205,-43.957645416259766,85.06137084960938,-7.2467241287231445,-50.90475845336914,77.67086029052734,9.086081504821777,-28.29022216796875,77.34095001220703,1.2386693954467773,-44.1258544921875,81.4148178100586,,
1780510026.1123674,22062.09881201,-5.989551544189453,-41.886756896972656,85.58409118652344,-7.145483016967773,-49.68986129760742,77.23457336425781,8.310807228088379,-27.691965103149414,76.45394134521484,1.6026588678359985,-44.517242431640625,82.10030364990234,,
1780510026.132242,22062.118754864,-6.0505051612854,-40.65752410888672,85.82941436767578,-6.473103046417236,-49.30051803588867,77.3547134399414,8.648035049438477,-27.975297927856445,75.76454162597656,0.4540742337703705,-43.46989059448242,81.8823013305664,,
1780510026.1521616,22062.138759152,-6.938366413116455,-40.12130355834961,85.65270233154297,-5.360212802886963,-48.41523742675781,78.11045837402344,9.698363304138184,-29.74008560180664,75.43486785888672,-1.339404821395874,-41.166011810302734,81.43511199951172,,
1780510026.1723561,22062.158787789,-8.213875770568848,-40.24004364013672,85.32186889648438,-3.87190580368042,-47.03574752807617,79.6856460571289,9.966780662536621,-32.0262451171875,75.27506256103516,-3.50903582572937,-37.90989303588867,80.95010375976562,,
1780510026.192386,22062.179223254,-10.082494735717773,-41.278411865234375,84.84449005126953,-1.838239073753357,-45.645774841308594,82.1723403930664,8.922514915466309,-34.0866584777832,75.90505981445312,-6.238241195678711,-34.1342658996582,79.88213348388672,,
1780510026.212254,22062.199482621,-11.597373008728027,-43.20456314086914,83.67959594726562,0.44647783041000366,-43.681610107421875,85.73358154296875,7.273352146148682,-35.65852355957031,78.179443359375,-8.937541007995605,-30.522430419921875,77.42166137695312,,
1780510026.232364,22062.218928997,-10.81593132019043,-45.23419189453125,82.53549194335938,1.7111347913742065,-41.52743911743164,88.03661346435547,5.778649806976318,-37.10660171508789,80.83153533935547,-10.174284934997559,-27.303733825683594,74.80973815917969,,
1780510026.2523284,22062.239051587,-8.935220718383789,-46.132469177246094,81.73338317871094,2.499335289001465,-40.656864166259766,87.90973663330078,4.691605091094971,-38.812015533447266,82.90228271484375,-8.950647354125977,-25.63304328918457,73.61185455322266,,
1780510026.2724326,22062.259659584,-7.147060871124268,-46.685428619384766,80.86698150634766,2.9093971252441406,-41.26827621459961,87.20932006835938,5.089478492736816,-39.516422271728516,83.70599365234375,-7.497271537780762,-25.798961639404297,72.85974884033203,,
1780510026.292341,22062.279083657,-5.802177906036377,-47.54206085205078,79.83776092529297,2.6248085498809814,-42.422637939453125,86.44197082519531,6.075200080871582,-38.75041198730469,83.74881744384766,-6.427617073059082,-27.296323776245117,71.86034393310547,,
1780510026.3121774,22062.299288696,-5.427892208099365,-47.8742790222168,79.1949462890625,1.150509238243103,-44.55050277709961,85.63360595703125,6.656587600708008,-36.72587203979492,83.52299499511719,-5.200240612030029,-29.815303802490234,71.86654663085938,,
1780510026.3321059,22062.32144532,-5.857248306274414,-47.916194915771484,79.5085678100586,-1.3217768669128418,-47.66111755371094,84.49220275878906,7.104823589324951,-34.00703430175781,82.81571197509766,-3.320742607116699,-33.09423828125,73.78966522216797,,
1780510026.3521156,22062.33865849,-6.4474005699157715,-48.15129852294922,81.28011322021484,-4.814412593841553,-50.883567810058594,82.41638946533203,8.304618835449219,-30.616235733032227,81.60755157470703,-1.4267065525054932,-37.49982833862305,77.24002075195312,,
1780510026.3720205,22062.360847378,-7.753601551055908,-47.02151870727539,83.32476806640625,-6.918596267700195,-52.55662155151367,79.74217987060547,9.505200386047363,-28.38692855834961,79.8335189819336,-0.594610869884491,-41.2712516784668,79.90028381347656,,
1780510026.3921766,22062.378604462,-7.7611236572265625,-44.96854782104492,84.84233093261719,-7.207835674285889,-51.626251220703125,77.9971694946289,9.610004425048828,-28.26654624938965,77.76719665527344,0.5581490993499756,-43.49315643310547,80.98809051513672,,
1780510026.4124396,22062.398774755,-6.585877418518066,-42.70835494995117,85.56869506835938,-7.179581642150879,-50.25359344482422,77.44468688964844,8.886397361755371,-27.743083953857422,76.628662109375,1.294456958770752,-44.40534210205078,81.76375579833984,,
1780510026.4323199,22062.418755353,-6.111586093902588,-41.19813537597656,85.89622497558594,-6.8310227394104,-49.58298873901367,77.28997039794922,8.59314250946045,-27.313392639160156,75.94091796875,0.612220287322998,-43.835670471191406,82.03363037109375,,
1780510026.4522927,22062.438735077,-6.932990550994873,-40.519283294677734,85.90186309814453,-6.005800724029541,-49.16249465942383,77.75997924804688,9.51254940032959,-28.50838851928711,75.62122344970703,-1.2593594789505005,-41.915748596191406,81.55992889404297,,
1780510026.472331,22062.458819508,-7.943759441375732,-40.62521743774414,85.64288330078125,-4.8933796882629395,-47.76077651977539,79.05579376220703,10.28854751586914,-30.787683486938477,75.57933807373047,-3.1264500617980957,-38.75507736206055,81.14887237548828,,
1780510026.4923513,22062.479220368,-9.500909805297852,-41.43764114379883,85.28353118896484,-3.310763359069824,-46.46533966064453,81.2567367553711,9.751182556152344,-33.0098876953125,75.66870880126953,-5.676810264587402,-35.05036926269531,80.35363006591797,,
1780510026.5122304,22062.499246346,-11.08667278289795,-43.01156997680664,84.65021514892578,-1.257830262184143,-45.03840255737305,84.42884826660156,8.14434814453125,-34.43436813354492,77.12680053710938,-8.296985626220703,-31.415752410888672,78.49311828613281,,
1780510026.5323372,22062.51931766,-11.122416496276855,-45.181400299072266,83.59381866455078,0.29317232966423035,-42.9664421081543,87.49991607666016,6.734573841094971,-35.64722442626953,79.80413818359375,-10.60093879699707,-28.134849548339844,75.65595245361328,,
1780510026.552402,22062.539030774,-9.466469764709473,-46.617496490478516,82.7192153930664,1.0890265703201294,-41.595970153808594,88.41450500488281,5.099838733673096,-37.206573486328125,82.18999481201172,-10.336701393127441,-25.850250244140625,73.6856918334961,,
1780510026.5722945,22062.558744471,-7.469928741455078,-47.26273727416992,81.92658996582031,1.7830191850662231,-41.604183197021484,87.84722137451172,4.911280155181885,-38.82579040527344,83.51905059814453,-8.5180082321167,-24.955074310302734,73.04720306396484,,
1780510026.5923185,22062.579079145,-5.926275730133057,-47.750831604003906,80.90052795410156,2.007214069366455,-42.408905029296875,87.07861328125,5.6028571128845215,-38.80817413330078,83.85863494873047,-7.330035209655762,-26.013866424560547,72.24614715576172,,
1780510026.6122549,22062.599204902,-5.194554805755615,-48.3638916015625,79.9486312866211,1.171118140220642,-43.78697204589844,86.28592681884766,6.289875507354736,-37.30682373046875,83.6959457397461,-6.237401962280273,-28.102153778076172,71.44669342041016,,
1780510026.6323013,22062.61899821,-5.240677833557129,-48.46416473388672,79.94096374511719,-0.6118348836898804,-46.20845413208008,85.2947769165039,6.726878643035889,-35.03669738769531,83.21522521972656,-4.819401741027832,-30.99956703186035,72.3265609741211,,
1780510026.6522682,22062.639194854,-5.853611946105957,-48.602325439453125,80.87918090820312,-3.520002841949463,-49.41669845581055,83.82524108886719,7.3066511154174805,-32.136966705322266,82.24578094482422,-2.6420235633850098,-34.69796371459961,75.12206268310547,,
1780510026.6722355,22062.658777596,-6.85707950592041,-48.21531295776367,82.81204986572266,-6.547815799713135,-52.08340072631836,81.26189422607422,9.000345230102539,-28.862857818603516,80.63639831542969,-1.222994089126587,-39.06880569458008,78.40794372558594,,
1780510026.6924736,22062.678784798,-7.812863826751709,-46.33656692504883,84.52377319335938,-7.693894863128662,-52.798011779785156,78.74346160888672,9.61687183380127,-27.799165725708008,78.71476745605469,-0.33260396122932434,-42.02680587768555,80.3678207397461,,
1780510026.7124686,22062.699681089,-7.049968719482422,-44.012474060058594,85.63151550292969,-7.816446304321289,-51.40201187133789,77.70950317382812,9.281909942626953,-27.69501495361328,77.09583282470703,0.871030867099762,-43.6761360168457,81.34786224365234,,
1780510026.7324078,22062.719094997,-6.083704948425293,-41.8580436706543,86.06307220458984,-7.422471523284912,-50.239646911621094,77.18355560302734,8.50839614868164,-27.20707893371582,76.16618347167969,1.1740931272506714,-44.12621307373047,82.08967590332031,,
1780510026.7524338,22062.73930938,-6.329979419708252,-40.82688903808594,86.1731185913086,-6.738129615783691,-49.85506820678711,77.35165405273438,8.858426094055176,-27.607479095458984,75.52220916748047,-0.09587931632995605,-42.995975494384766,81.8677749633789,,
1780510026.7725103,22062.760056308,-7.173552989959717,-40.35306167602539,86.07635498046875,-5.660015106201172,-48.94951629638672,78.10350036621094,9.808664321899414,-29.33032989501953,75.21174621582031,-1.903200626373291,-40.55467224121094,81.48037719726562,,
1780510026.792364,22062.779184119,-8.480863571166992,-40.61562728881836,85.75922393798828,-4.175984859466553,-47.48332977294922,79.77798461914062,10.028630256652832,-31.75884246826172,75.11141967773438,-4.192197799682617,-37.2369499206543,80.92415618896484,,
1780510026.8123937,22062.798933337,-10.330789566040039,-41.692970275878906,85.18540954589844,-2.145204782485962,-46.05770492553711,82.46908569335938,8.837685585021973,-33.87831497192383,75.70555877685547,-6.8864946365356445,-33.44440460205078,79.73660278320312,,
1780510026.8323734,22062.819043342,-11.634846687316895,-43.66954040527344,84.01081848144531,0.15604634582996368,-43.956241607666016,86.09869384765625,7.210005760192871,-35.3068733215332,78.08303833007812,-9.684526443481445,-29.807453155517578,77.0710220336914,,
1780510026.8524976,22062.839163428,-10.54073715209961,-45.549373626708984,83.00210571289062,1.429919958114624,-41.75935745239258,88.23091125488281,5.447289943695068,-36.967533111572266,80.9645004272461,-10.718981742858887,-26.914888381958008,74.50631713867188,,
1780510026.8723698,22062.859335855,-8.645119667053223,-46.3804931640625,82.10254669189453,2.3702070713043213,-40.85881423950195,88.05282592773438,4.488481521606445,-38.78955078125,82.9613265991211,-9.316245079040527,-25.561172485351562,73.39099884033203,,
1780510026.892362,22062.879506727,-6.847116470336914,-46.944522857666016,81.0981674194336,2.9573421478271484,-41.26517868041992,87.30388641357422,4.993483066558838,-39.531158447265625,83.73617553710938,-7.668449878692627,-25.84208869934082,72.66101837158203,,
1780510026.91242,22062.899059855,-5.604762077331543,-47.67620849609375,80.01280975341797,2.7078917026519775,-42.32917785644531,86.51732635498047,5.956241130828857,-38.72835159301758,83.7747802734375,-6.615418910980225,-27.51871109008789,71.7188491821289,,
1780510026.932387,22062.919079468,-5.272100925445557,-48.02918243408203,79.41474914550781,1.4789323806762695,-44.287845611572266,85.64256286621094,6.634171009063721,-36.857906341552734,83.469970703125,-5.44561767578125,-30.208148956298828,71.62055969238281,,
1780510026.952412,22062.939044718,-5.806968688964844,-47.92715072631836,79.57170104980469,-0.8404920101165771,-47.39680862426758,84.60753631591797,7.025598049163818,-34.1452522277832,82.74341583251953,-3.6651222705841064,-33.427574157714844,73.45892333984375,,
1780510026.9723508,22062.958865216,-6.509445667266846,-48.066524505615234,81.2476577758789,-4.281321048736572,-50.65012741088867,82.52375030517578,8.097901344299316,-30.7425479888916,81.56462097167969,-1.723465085029602,-37.869937896728516,76.74449157714844,,
1780510026.9923933,22062.979401646,-7.702599048614502,-47.12742614746094,83.30198669433594,-6.705015182495117,-52.64051818847656,79.94889831542969,9.30751895904541,-28.192777633666992,79.88009643554688,-0.7951384782791138,-41.50166320800781,79.70496368408203,,
1780510027.0123663,22062.999425816,-7.891826152801514,-45.050315856933594,84.77999114990234,-7.077181816101074,-51.8677864074707,78.033203125,9.376910209655762,-28.22748565673828,77.8299560546875,0.3409317135810852,-43.79927444458008,80.99593353271484,,
1780510027.0322897,22063.018798043,-6.7279558181762695,-42.66313171386719,85.55659484863281,-6.913867950439453,-50.321659088134766,77.24374389648438,8.567985534667969,-27.907554626464844,76.70557403564453,1.2538613080978394,-44.80705642700195,81.87062072753906,,
1780510027.0523036,22063.039306598,-6.113846302032471,-40.921260833740234,85.86476135253906,-6.588578701019287,-49.63801574707031,77.04470825195312,8.042631149291992,-27.372644424438477,75.97219848632812,0.7881316542625427,-44.377864837646484,82.21206665039062,,
1780510027.0723903,22063.059326935,-6.901432514190674,-40.08057403564453,85.89662170410156,-5.739355087280273,-49.33950424194336,77.29622650146484,8.987646102905273,-28.398563385009766,75.70352172851562,-1.0713939666748047,-42.41000747680664,81.77820587158203,,
1780510027.092373,22063.079855818,-7.895817279815674,-40.04147720336914,85.59290313720703,-4.6035475730896,-47.99827194213867,78.55290985107422,9.878235816955566,-30.684057235717773,75.58243560791016,-2.929678440093994,-39.32175827026367,81.35604858398438,,
1780510027.1125038,22063.098925762,-9.329184532165527,-40.648189544677734,85.23699951171875,-3.050130605697632,-46.569576263427734,80.53010559082031,9.529102325439453,-32.99538040161133,75.6619873046875,-5.356568336486816,-35.592681884765625,80.68218994140625,,
1780510027.1323564,22063.118781011,-11.177396774291992,-42.22206497192383,84.51040649414062,-0.6533160209655762,-45.15275192260742,83.73015594482422,8.048635482788086,-34.7332649230957,77.16344451904297,-8.181662559509277,-31.76180076599121,78.73670959472656,,
1780510027.1522858,22063.138955313,-11.31885051727295,-44.28025817871094,83.48238372802734,1.0970431566238403,-42.9052619934082,86.9311752319336,6.545588493347168,-36.01580047607422,79.70803833007812,-10.670619010925293,-28.57963752746582,75.83961486816406,,
1780510027.1723235,22063.158536908,-9.599605560302734,-45.897274017333984,82.64507293701172,1.9016002416610718,-41.389991760253906,87.93061828613281,5.069455623626709,-37.70413589477539,82.08125305175781,-10.388175010681152,-26.238330841064453,73.7403793334961,,
1780510027.1925097,22063.181299041,-7.5103631019592285,-46.60674285888672,81.86749267578125,2.4717345237731934,-41.41292190551758,87.47897338867188,4.840253829956055,-39.17522048950195,83.44430541992188,-8.653313636779785,-25.467437744140625,73.0113754272461,,
1780510027.212476,22063.19982151,-6.031692028045654,-47.27436447143555,80.82041931152344,2.6705873012542725,-42.22796630859375,86.79306030273438,5.632180213928223,-39.08824157714844,83.78862762451172,-7.51224422454834,-26.480222702026367,72.18013000488281,,
1780510027.2323835,22063.219124854,-5.235989093780518,-47.91162872314453,79.83454895019531,1.814889669418335,-43.65538024902344,86.00790405273438,6.355340957641602,-37.577247619628906,83.73661804199219,-6.397594928741455,-28.597871780395508,71.36402893066406,,
1780510027.2523355,22063.239026498,-5.2718000411987305,-47.991790771484375,79.8538589477539,0.10095563530921936,-46.13666534423828,85.1005859375,6.893538951873779,-35.308494567871094,83.16990661621094,-5.072014808654785,-31.50304412841797,72.30696868896484,,
1780510027.2723954,22063.259120191,-5.860119819641113,-48.20559310913086,80.8104476928711,-2.9409658908843994,-49.40486145019531,83.6120376586914,7.475037574768066,-32.26409149169922,82.1801986694336,-2.8928067684173584,-35.116886138916016,75.05712127685547,,
1780510027.292392,22063.279022207,-6.954283714294434,-47.9387092590332,82.84890747070312,-6.176431179046631,-52.29317092895508,81.12772369384766,9.092493057250977,-28.81806755065918,80.67625427246094,-1.4492342472076416,-39.3028678894043,78.42903900146484,,
1780510027.312397,22063.299873661,-8.006301879882812,-46.118743896484375,84.54252624511719,-7.440491199493408,-53.04441833496094,78.55916595458984,9.536375045776367,-27.70937156677246,78.83087921142578,-0.609112024307251,-42.15884780883789,80.51578521728516,,
1780510027.3324256,22063.319748071,-7.401385307312012,-43.969573974609375,85.70479583740234,-7.457854747772217,-51.58975601196289,77.4288330078125,9.140045166015625,-27.69527244567871,77.1486587524414,0.574343204498291,-43.84994888305664,81.47309112548828,,
1780510027.3528101,22063.339632702,-6.380375862121582,-41.95464324951172,86.09043884277344,-7.213533401489258,-50.436866760253906,76.96939849853516,8.399600982666016,-27.061437606811523,76.2303466796875,0.864646315574646,-44.12150573730469,82.21954345703125,,
1780510027.373089,22063.359555574,-6.578298091888428,-40.86684036254883,86.2021255493164,-6.693186283111572,-50.06560134887695,77.20155334472656,8.756780624389648,-27.374778747558594,75.5799560546875,-0.4529663026332855,-42.93928909301758,82.02125549316406,,
1780510027.3930047,22063.379531435,-7.456193923950195,-40.48447036743164,86.12677764892578,-5.635367393493652,-49.245643615722656,77.95602416992188,9.785675048828125,-29.08090591430664,75.26750183105469,-2.2736966609954834,-40.46078109741211,81.5641860961914,,
1780510027.4130728,22063.399493511,-8.707886695861816,-40.77070999145508,85.80830383300781,-4.279128074645996,-47.85734176635742,79.59400939941406,9.989439964294434,-31.393075942993164,75.2015380859375,-4.530701637268066,-37.08666229248047,81.00140380859375,,
1780510027.4330747,22063.419872061,-10.321722030639648,-41.790931701660156,85.37632751464844,-2.36967396736145,-46.472068786621094,82.3044662475586,8.902451515197754,-33.42494583129883,75.7148666381836,-7.136499404907227,-33.32913589477539,79.84918975830078,,
1780510027.4524562,22063.439141653,-11.421415328979492,-43.79413604736328,84.27985382080078,-0.1419968605041504,-44.4660758972168,85.95667266845703,7.476162910461426,-34.97877502441406,78.1454849243164,-9.886926651000977,-29.612525939941406,77.16349029541016,,
1780510027.4730875,22063.460132921,-10.3197603225708,-45.78207015991211,83.25875091552734,1.1646616458892822,-42.15680694580078,88.1388931274414,5.7398457527160645,-36.64243698120117,80.89481353759766,-10.998541831970215,-26.769500732421875,74.49459838867188,,
1780510027.4929698,22063.479359203,-8.409566879272461,-46.66181564331055,82.45093536376953,2.0968945026397705,-41.21607971191406,88.08684539794922,4.678079128265381,-38.47103500366211,82.88207244873047,-9.72069263458252,-25.5064697265625,73.274658203125,,
1780510027.5130222,22063.499842133,-6.66005802154541,-47.191078186035156,81.45484161376953,2.761303663253784,-41.46664810180664,87.37257385253906,5.057225704193115,-39.36197280883789,83.7295913696289,-8.025188446044922,-25.805675506591797,72.62040710449219,,
1780510027.5331156,22063.519939059,-5.459973335266113,-47.83888626098633,80.44880676269531,2.524547576904297,-42.46683883666992,86.63176727294922,5.973923683166504,-38.594078063964844,83.76589965820312,-7.056253910064697,-27.464927673339844,71.60478210449219,,
1780510027.5529773,22063.539925315,-5.2008490562438965,-48.25495910644531,79.72246551513672,1.495277762413025,-44.207176208496094,85.88031768798828,6.769310474395752,-36.78701400756836,83.37239837646484,-5.954086780548096,-29.974905014038086,71.45303344726562,,
1780510027.5726204,22063.559296719,-5.644765377044678,-48.130043029785156,79.98429107666016,-0.73482346534729,-47.13181686401367,84.759765625,7.170845031738281,-34.12833023071289,82.67041778564453,-4.3553690910339355,-33.112911224365234,73.13243103027344,,
1780510027.5923781,22063.578776954,-6.228616237640381,-48.479679107666016,81.3899154663086,-4.224966526031494,-50.43733596801758,82.80731964111328,7.9533538818359375,-30.77040672302246,81.47607421875,-2.0290489196777344,-37.21677017211914,76.31664276123047,,
1780510027.6129742,22063.59944142,-7.506108283996582,-47.390804290771484,83.48426055908203,-6.788559436798096,-52.779056549072266,80.06168365478516,9.181563377380371,-28.0133056640625,79.89834594726562,-1.0573657751083374,-41.08323669433594,79.44087982177734,,
1780510027.632926,22063.619643191,-7.910002708435059,-45.438575744628906,84.91421508789062,-7.399410247802734,-52.405643463134766,78.16159057617188,9.312223434448242,-27.988008499145508,77.8653793334961,0.018862100318074226,-43.43936538696289,80.86695098876953,,
1780510027.6525052,22063.639151238,-6.727136611938477,-42.859981536865234,85.75196838378906,-7.1291937828063965,-50.65449142456055,77.2076644897461,8.515181541442871,-27.851707458496094,76.6800765991211,1.2013492584228516,-44.59050369262695,81.91055297851562,,
1780510027.672328,22063.659388845,-5.9643940925598145,-41.02980422973633,85.99063873291016,-6.8020806312561035,-49.75469207763672,76.92149353027344,7.796078681945801,-27.360544204711914,76.00807189941406,1.0365209579467773,-44.3326301574707,82.4036636352539,,
1780510027.6923668,22063.67875566,-6.645648002624512,-40.19108581542969,86.11933898925781,-5.896854400634766,-49.576194763183594,77.15475463867188,8.675793647766113,-28.205320358276367,75.62113952636719,-0.743233859539032,-42.353458404541016,81.89910125732422,,
1780510027.712464,22063.69888402,-7.665019512176514,-39.95756530761719,85.81806182861328,-4.72697639465332,-48.238800048828125,78.33833312988281,9.573512077331543,-30.625473022460938,75.49451446533203,-2.6261284351348877,-39.381832122802734,81.4803466796875,,
1780510027.7323549,22063.718967533,-9.062108039855957,-40.495147705078125,85.4183578491211,-3.108121156692505,-46.81233596801758,80.32634735107422,9.382454872131348,-32.97306823730469,75.62718200683594,-5.066668510437012,-35.633975982666016,80.75507354736328,,
1780510027.7523222,22063.739462023,-10.92332935333252,-41.837432861328125,84.68980407714844,-0.7290221452713013,-45.37375259399414,83.44480895996094,7.899272441864014,-34.784454345703125,76.92316436767578,-7.840397834777832,-31.979141235351562,78.99252319335938,,
1780510027.772699,22063.759181022,-11.353813171386719,-44.01451110839844,83.50096893310547,1.3054252862930298,-43.0038948059082,86.77909088134766,6.58576774597168,-36.228275299072266,79.51858520507812,-10.44442367553711,-28.69991683959961,75.9645767211914,,
1780510027.792278,22063.779054222,-9.676854133605957,-45.6904411315918,82.69062805175781,2.213146924972534,-41.259674072265625,87.8699722290039,5.001334190368652,-38.017967224121094,81.95362854003906,-10.298675537109375,-26.34694480895996,73.8193588256836,,
1780510027.8123374,22063.799132852,-7.82609224319458,-46.32880783081055,81.78562927246094,2.934140920639038,-41.06100082397461,87.41828918457031,4.677466869354248,-39.537986755371094,83.39970397949219,-8.645054817199707,-25.668306350708008,73.12776947021484,,
1780510027.8323026,22063.819486537,-6.255002498626709,-47.04009246826172,80.67486572265625,3.2198190689086914,-41.76125717163086,86.74443054199219,5.447137832641602,-39.52326202392578,83.79359436035156,-7.443610191345215,-26.660917282104492,72.22874450683594,,
1780510027.852332,22063.839344667,-5.32507848739624,-47.75019454956055,79.56754302978516,2.525686264038086,-43.08035659790039,85.95429229736328,6.249303340911865,-38.15166091918945,83.72590637207031,-6.184417724609375,-28.716392517089844,71.31980895996094,,
1780510027.872392,22063.858939524,-5.4418721199035645,-47.73991012573242,79.33795166015625,0.9410793781280518,-45.56053161621094,85.15441131591797,6.800730228424072,-35.884883880615234,83.26111602783203,-5.0026702880859375,-31.735136032104492,72.1029052734375,,
1780510027.8923688,22063.87898706,-5.944235324859619,-47.82096862792969,80.16910552978516,-1.9664485454559326,-48.91394805908203,83.7494888305664,7.286628723144531,-32.88567352294922,82.31748962402344,-2.8633196353912354,-35.25391387939453,74.67228698730469,,
1780510027.9123888,22063.898884683,-6.97785758972168,-47.73202133178711,82.19715118408203,-5.437741756439209,-51.894309997558594,81.29279327392578,8.654000282287598,-29.43161964416504,80.97484588623047,-1.3093675374984741,-39.685035705566406,78.13710021972656,,
1780510027.932441,22063.918995717,-8.15092658996582,-46.101173400878906,84.10755920410156,-6.975677967071533,-52.81742477416992,78.73987579345703,9.294668197631836,-28.1164493560791,79.0570297241211,-0.5453581809997559,-42.600189208984375,80.37999725341797,,
1780510027.9523816,22063.939393543,-7.520561695098877,-43.94102478027344,85.35655975341797,-6.911637783050537,-51.254390716552734,77.4361572265625,9.090611457824707,-28.183082580566406,77.33816528320312,0.7718937397003174,-44.24101638793945,81.41413879394531,,
1780510027.9724078,22063.959225453,-6.352694034576416,-41.76163101196289,85.75650024414062,-6.745704650878906,-49.96694564819336,76.96508026123047,8.20702075958252,-27.585975646972656,76.39278411865234,1.193949818611145,-44.66971206665039,82.1905746459961,,
1780510027.992295,22063.979926396,-6.396823406219482,-40.49050521850586,85.90006256103516,-6.253218650817871,-49.67991638183594,77.0086441040039,8.422301292419434,-27.65975570678711,75.81621551513672,0.002222906332463026,-43.507659912109375,82.03704833984375,,
1780510028.0124068,22064.000235366,-7.261293411254883,-40.20812225341797,85.82881164550781,-5.224791049957275,-48.883182525634766,77.76504516601562,9.481014251708984,-29.411592483520508,75.5346450805664,-1.7970266342163086,-41.01228332519531,81.56770324707031,,
1780510028.0324306,22064.019262617,-8.5042142868042,-40.4815788269043,85.47779846191406,-3.871168613433838,-47.38214111328125,79.4472885131836,9.789558410644531,-31.86683464050293,75.42939758300781,-4.003063678741455,-37.57623291015625,81.01519775390625,,
1780510028.0524027,22064.039567837,-10.155208587646484,-41.367431640625,85.04075622558594,-1.9955042600631714,-45.93985366821289,82.16200256347656,8.694368362426758,-33.88472366333008,75.9781723022461,-6.65111780166626,-33.7357177734375,79.95375061035156,,
1780510028.072371,22064.059037452,-11.471037864685059,-43.30508804321289,83.92112731933594,0.3362045884132385,-44.152992248535156,85.68460083007812,7.297495365142822,-35.38745880126953,78.34879302978516,-9.50300121307373,-30.065196990966797,77.21915435791016,,
1780510028.092918,22064.079368384,-10.38345718383789,-45.36284255981445,82.92456817626953,1.4897534847259521,-41.97697830200195,87.88143920898438,5.698476791381836,-36.972251892089844,81.01348114013672,-10.44559097290039,-27.018638610839844,74.60739135742188,,
1780510028.1129072,22064.10126149,-8.548005104064941,-46.33730697631836,82.0882797241211,2.367568016052246,-41.065731048583984,87.85519409179688,4.762355327606201,-38.68487548828125,82.92667388916016,-9.267252922058105,-25.652544021606445,73.4156723022461,,
1780510028.1322837,22064.11908299,-6.766839981079102,-46.97582244873047,81.23487091064453,2.802400588989258,-41.540061950683594,87.16277313232422,5.250817775726318,-39.4384651184082,83.6719970703125,-7.77176570892334,-25.929244995117188,72.5705337524414,,
1780510028.1523988,22064.139234592,-5.62179708480835,-47.732452392578125,80.18885040283203,2.633843421936035,-42.542503356933594,86.48291778564453,6.178936004638672,-38.603721618652344,83.6885986328125,-6.820035457611084,-27.578433990478516,71.68255615234375,,
1780510028.1724644,22064.159431794,-5.318342208862305,-48.213314056396484,79.651611328125,1.2108399868011475,-44.477115631103516,85.69458770751953,6.842789649963379,-36.675575256347656,83.32678985595703,-5.635698318481445,-29.955549240112305,71.56751251220703,,
1780510028.1925054,22064.179534389,-5.761082649230957,-48.25956344604492,79.86933898925781,-1.0161348581314087,-47.43111038208008,84.6917724609375,7.238921165466309,-34.023887634277344,82.6484146118164,-3.9239606857299805,-33.02360153198242,73.18977355957031,,
1780510028.212405,22064.199171659,-6.369014263153076,-48.46963119506836,81.431640625,-4.482015609741211,-50.63573455810547,82.69733428955078,8.049936294555664,-30.646686553955078,81.47679138183594,-1.837637186050415,-37.28947830200195,76.4349594116211,,
1780510028.232666,22064.219537974,-7.559509754180908,-47.52114486694336,83.49867248535156,-6.9594550132751465,-52.77476119995117,80.09413146972656,9.27242374420166,-27.975942611694336,79.82774353027344,-0.9125224351882935,-40.9720458984375,79.45589447021484,,
1780510028.2524467,22064.239208937,-7.776860237121582,-45.38334655761719,84.90473937988281,-7.467135906219482,-52.06853103637695,78.1692123413086,9.530919075012207,-27.980037689208984,77.78966522216797,0.2565544843673706,-43.28717041015625,80.81547546386719,,
1780510028.2723556,22064.259444194,-6.634897708892822,-42.91781234741211,85.69315338134766,-7.29786491394043,-50.549781799316406,77.3633804321289,8.765999794006348,-27.75702667236328,76.63742065429688,1.2390000820159912,-44.353580474853516,81.7457275390625,,
1780510028.2929373,22064.279841074,-5.9232635498046875,-41.17837905883789,86.03524780273438,-6.999561309814453,-49.78239440917969,77.12417602539062,8.120237350463867,-27.31847381591797,75.82047271728516,0.9570969343185425,-44.006370544433594,82.1573486328125,,
1780510028.313132,22064.300341828,-6.5464372634887695,-40.71565246582031,85.96469116210938,-6.208706378936768,-49.87234878540039,77.35530853271484,8.376550674438477,-28.118263244628906,75.63317108154297,-0.48611801862716675,-43.034461975097656,81.84175872802734,,
1780510028.3325346,22064.319339211,-7.479828834533691,-40.27988052368164,85.80536651611328,-5.092221736907959,-48.38654708862305,78.3941879272461,9.665935516357422,-30.350547790527344,75.6185073852539,-2.259664297103882,-39.94828796386719,81.34723663330078,,
1780510028.3524477,22064.33898097,-8.803068161010742,-40.69077682495117,85.49750518798828,-3.590257406234741,-46.93653106689453,80.27693939208984,9.606146812438965,-32.606021881103516,75.53208923339844,-4.598610877990723,-36.1678466796875,80.71791076660156,,
1780510028.3722377,22064.358457731,-10.760308265686035,-42.1729736328125,84.64401245117188,-1.336296558380127,-45.5181770324707,83.42084503173828,8.350529670715332,-34.48348617553711,76.6606674194336,-7.301901817321777,-32.07179260253906,79.03237915039062,,
1780510028.3922548,22064.378693681,-11.297043800354004,-44.296165466308594,83.62030029296875,0.716996967792511,-43.28773880004883,86.7838134765625,6.937533855438232,-35.79118347167969,79.13269805908203,-10.06872844696045,-28.901626586914062,76.17379760742188,,
1780510028.4123216,22064.399023681,-9.748154640197754,-45.98875427246094,82.73966979980469,1.7363958358764648,-41.45751953125,88.08224487304688,5.240542411804199,-37.50620651245117,81.68698120117188,-10.20583438873291,-26.488685607910156,73.99195098876953,,
1780510028.4323392,22064.419098081,-7.851797580718994,-46.704627990722656,81.83470916748047,2.463575601577759,-41.140865325927734,87.75989532470703,4.706820011138916,-39.13008499145508,83.25059509277344,-8.616283416748047,-25.548492431640625,73.193603515625,,
1780510028.452314,22064.439285519,-6.3650665283203125,-47.34218978881836,80.63927459716797,2.922736883163452,-41.630123138427734,87.07642364501953,5.394235134124756,-39.36096954345703,83.73517608642578,-7.257180213928223,-26.31262969970703,72.40467071533203,,
1780510028.4722211,22064.459460397,-5.4256110191345215,-47.897430419921875,79.4769287109375,2.4250478744506836,-42.898963928222656,86.26132202148438,6.15118408203125,-38.16133499145508,83.73304748535156,-6.095418930053711,-28.380441665649414,71.51438903808594,,
1780510028.492397,22064.47917075,-5.375561237335205,-48.020015716552734,79.15167999267578,1.0375744104385376,-45.16261291503906,85.43569946289062,6.803460597991943,-36.0610237121582,83.27637481689453,-4.816679954528809,-31.229747772216797,72.00765991210938,,
1780510028.5123992,22064.499316576,-5.9228410720825195,-48.06089782714844,79.8208999633789,-1.6548449993133545,-48.411808013916016,84.06549835205078,7.235939979553223,-33.238380432128906,82.3723373413086,-2.7608118057250977,-34.77387237548828,74.28804016113281,,
1780510028.532298,22064.518700459,-6.786411285400391,-47.895572662353516,81.80896759033203,-5.185452461242676,-51.40202713012695,81.652587890625,8.600842475891113,-29.797258377075195,80.95355224609375,-1.055769443511963,-39.441349029541016,77.75084686279297,,
1780510028.553104,22064.539888443,-8.00440788269043,-46.18843078613281,83.74698638916016,-6.898815155029297,-52.56413650512695,79.07630920410156,9.381171226501465,-28.26255989074707,79.0497055053711,-0.28095492720603943,-42.63063430786133,80.15182495117188,,
1780510028.572915,22064.560233036,-7.486462593078613,-43.984561920166016,85.0671615600586,-6.882589817047119,-51.13297653198242,77.66116333007812,9.222285270690918,-28.378618240356445,77.40078735351562,1.0246564149856567,-44.371482849121094,81.20289611816406,,
1780510028.5929165,22064.579927293,-6.201262474060059,-41.63278579711914,85.553466796875,-6.6011552810668945,-49.735328674316406,77.14838409423828,8.274531364440918,-27.880563735961914,76.37557983398438,1.5754793882369995,-45.01428985595703,81.99293518066406,,
1780510028.612487,22064.600165469,-6.054014682769775,-40.240177154541016,85.72293090820312,-6.1519269943237305,-49.26903533935547,77.16426849365234,8.389335632324219,-28.00015640258789,75.81504821777344,0.5995468497276306,-43.98903274536133,81.96226501464844,,
1780510028.6323853,22064.619573141,-6.935489654541016,-39.813907623291016,85.63848114013672,-5.0572919845581055,-48.538780212402344,77.81471252441406,9.306639671325684,-29.677261352539062,75.52833557128906,-1.2046632766723633,-41.622398376464844,81.518798828125,,
1780510028.6522703,22064.639272809,-8.108728408813477,-39.86655044555664,85.23258209228516,-3.7428321838378906,-47.032752990722656,79.37765502929688,9.690811157226562,-32.12789535522461,75.35174560546875,-3.274031400680542,-38.289581298828125,81.08219146728516,,
1780510028.672232,22064.65875462,-9.929484367370605,-40.857967376708984,84.7445297241211,-1.766019344329834,-45.5168571472168,81.84076690673828,8.84770393371582,-34.280025482177734,75.9949951171875,-5.937823295593262,-34.34912872314453,80.01453399658203,,
1780510028.6923976,22064.679254112,-11.552800178527832,-42.89429473876953,83.51638793945312,0.7701336145401001,-43.570823669433594,85.5232162475586,7.291935443878174,-35.850494384765625,78.2388916015625,-8.749432563781738,-30.538484573364258,77.41588592529297,,
1780510028.7125082,22064.699154568,-10.618980407714844,-44.97730255126953,82.62673950195312,2.048881769180298,-41.437171936035156,87.79962921142578,5.803828239440918,-37.424739837646484,80.87234497070312,-10.049306869506836,-27.427173614501953,74.86373138427734,,
1780510028.7325137,22064.719514124,-8.842146873474121,-45.98784637451172,81.72813415527344,2.722369432449341,-40.57148361206055,87.67420959472656,4.815803050994873,-39.080135345458984,82.85360717773438,-8.828034400939941,-25.882678985595703,73.50511169433594,,
1780510028.7524953,22064.739332379,-7.13130521774292,-46.72947311401367,80.84312438964844,3.0751278400421143,-41.16679763793945,87.08464050292969,5.289987564086914,-39.7142448425293,83.59097290039062,-7.352270126342773,-25.943632125854492,72.7430191040039,,
1780510028.7729902,22064.759494518,-5.831912994384766,-47.63835525512695,79.85034942626953,2.8109328746795654,-42.251373291015625,86.34935760498047,6.1824188232421875,-38.975528717041016,83.64986419677734,-6.284661769866943,-27.39698028564453,71.77559661865234,,
1780510028.793124,22064.779708923,-5.436460971832275,-48.04331588745117,79.16482543945312,1.366929292678833,-44.29418182373047,85.60602569580078,6.748427867889404,-37.041046142578125,83.36603546142578,-5.079256534576416,-29.792078018188477,71.71358489990234,,
1780510028.8131456,22064.799761708,-5.815457344055176,-48.09150695800781,79.41175842285156,-1.03016996383667,-47.35542297363281,84.55602264404297,7.095377445220947,-34.387054443359375,82.71595001220703,-3.316558599472046,-32.86130905151367,73.2725830078125,,
1780510028.8329449,22064.820982516,-6.354036331176758,-48.212440490722656,80.98209381103516,-4.550873279571533,-50.66524124145508,82.71350860595703,7.884340286254883,-31.03339385986328,81.61233520507812,-1.3298677206039429,-37.04505157470703,76.71768188476562,,
1780510028.852455,22064.839946236,-7.469715118408203,-47.324668884277344,83.11022186279297,-6.934802532196045,-52.34598922729492,80.08360290527344,9.207615852355957,-28.482919692993164,79.87648010253906,-0.3861900866031647,-40.966888427734375,79.58150482177734,,
1780510028.8731031,22064.860817753,-7.5936079025268555,-45.17006301879883,84.59839630126953,-7.353581428527832,-51.42164993286133,78.13606262207031,9.404936790466309,-28.502408981323242,77.79383087158203,0.8168081045150757,-43.42920684814453,80.79884338378906,,
1780510028.8927295,22064.87996301,-6.312814235687256,-42.672767639160156,85.46919250488281,-7.1451311111450195,-49.78476333618164,77.46798706054688,8.673351287841797,-28.230899810791016,76.71888732910156,1.833039402961731,-44.533782958984375,81.63494110107422,,
1780510028.9129863,22064.899424959,-5.501065731048584,-40.78783416748047,85.8104248046875,-6.787883281707764,-48.97859573364258,77.29432678222656,8.111708641052246,-27.81220245361328,75.98129272460938,1.4804576635360718,-44.23492431640625,81.99765014648438,,
1780510028.9329336,22064.921401293,-6.260132789611816,-39.88611602783203,85.82642364501953,-6.0365471839904785,-48.63941192626953,77.64115142822266,8.903289794921875,-28.85075569152832,75.69891357421875,-0.37152397632598877,-42.278316497802734,81.54623413085938,,
1780510028.9529345,22064.939904242,-7.4183349609375,-39.918277740478516,85.55770111083984,-4.818559169769287,-47.182674407958984,79.02201080322266,9.780627250671387,-31.454103469848633,75.46908569335938,-2.3334569931030273,-39.08591079711914,81.08248901367188,,
1780510028.9731176,22064.959700115,-9.237324714660645,-40.7909049987793,85.05899047851562,-2.8674354553222656,-45.546844482421875,81.40809631347656,9.297584533691406,-34.061805725097656,75.75798034667969,-4.929192066192627,-35.10261535644531,80.19377136230469,,
1780510028.9927316,22064.979370485,-11.19251537322998,-42.54934310913086,84.13984680175781,-0.41505491733551025,-43.84695816040039,85.01634216308594,7.664840221405029,-35.675968170166016,77.6229476928711,-7.827641010284424,-31.051616668701172,78.0981674194336,,
1780510029.0124884,22064.999028162,-11.026215553283691,-44.87006378173828,83.08078002929688,1.2565323114395142,-41.559513092041016,87.88847351074219,6.006560802459717,-37.055912017822266,80.38536071777344,-9.911066055297852,-27.6178035736084,75.17312622070312,,
1780510029.032937,22065.019847175,-9.306852340698242,-46.086753845214844,82.31775665283203,2.158874034881592,-40.154457092285156,88.21612548828125,4.441162109375,-38.707496643066406,82.66685485839844,-9.103703498840332,-25.655630111694336,73.5772933959961,,
1780510029.0524468,22065.039575855,-7.501506328582764,-46.495033264160156,81.32351684570312,2.7242214679718018,-40.622623443603516,87.61956787109375,4.4257893562316895,-39.78550720214844,83.74016571044922,-7.427000045776367,-25.35540199279785,73.07813262939453,,
1780510029.0724354,22065.058834597,-6.004976749420166,-47.271385192871094,80.11836242675781,2.874889373779297,-41.57371139526367,86.84447479248047,5.376930236816406,-39.49652099609375,83.89160919189453,-6.200927257537842,-26.53213882446289,72.11617279052734,,
1780510029.092416,22065.078734538,-5.353625297546387,-47.8487434387207,79.00874328613281,1.9660232067108154,-43.19017028808594,86.04020690917969,6.065733432769775,-37.95766067504883,83.77347564697266,-4.961134433746338,-28.86639976501465,71.42554473876953,,
1780510029.1124513,22065.099369296,-5.717117786407471,-47.811744689941406,78.856689453125,0.009307733736932278,-46.0331916809082,85.1699447631836,6.525759696960449,-35.647193908691406,83.2286376953125,-3.4631879329681396,-31.89684295654297,72.49471282958984,,
1780510029.1325004,22065.119150483,-6.198164939880371,-47.86281204223633,80.07540130615234,-3.052323579788208,-49.3834114074707,83.49996948242188,7.201054573059082,-32.528541564941406,82.20026397705078,-1.4047658443450928,-35.91834259033203,75.30422973632812,,
1780510029.152463,22065.139382424,-7.105000972747803,-47.617496490478516,82.14581298828125,-5.929652214050293,-51.71767807006836,81.1494140625,8.94359016418457,-29.31682777404785,80.59709930419922,-0.22204507887363434,-40.4595832824707,78.57504272460938,,
1780510029.1724555,22065.159638199,-7.834630012512207,-45.53915786743164,83.94802856445312,-6.832241058349609,-51.70288848876953,78.74327850341797,9.473641395568848,-28.616554260253906,78.50012969970703,0.6967189908027649,-43.391807556152344,80.40000915527344,,
1780510029.1924162,22065.179519793,-6.827996253967285,-43.168148040771484,85.09801483154297,-6.592067241668701,-50.10976791381836,77.72191619873047,9.061758995056152,-28.60302734375,76.91938781738281,1.8856700658798218,-44.98038101196289,81.20356750488281,,
1780510029.21248,22065.199482049,-5.651092529296875,-40.915199279785156,85.47405242919922,-6.299442768096924,-48.98995590209961,77.38324737548828,8.2787446975708,-28.17092514038086,76.031005859375,2.0680091381073,-45.23942565917969,81.79241943359375,,
1780510029.232535,22065.219038512,-5.9679036140441895,-39.723758697509766,85.52977752685547,-5.649610996246338,-48.67679214477539,77.59613037109375,8.674042701721191,-28.736614227294922,75.5555419921875,0.5802610516548157,-43.84254837036133,81.52490997314453,,
1780510029.2526731,22065.239232705,-6.98259162902832,-39.399471282958984,85.2833251953125,-4.414285659790039,-47.52344512939453,78.5149917602539,9.453906059265137,-31.0498046875,75.34127044677734,-1.2511975765228271,-41.26447296142578,81.1440200805664,,
1780510029.2724464,22065.2590572,-8.713187217712402,-39.792205810546875,84.75418853759766,-2.562854290008545,-45.85823440551758,80.4460678100586,9.40457820892334,-33.6898193359375,75.42444610595703,-3.6532342433929443,-37.494407653808594,80.53607940673828,,
1780510029.292524,22065.279669746,-10.974102020263672,-41.1092643737793,83.83940124511719,-0.004678786266595125,-44.173213958740234,83.72457885742188,7.943617343902588,-35.65012741088867,76.66004943847656,-6.475910663604736,-33.205379486083984,78.94973754882812,,
1780510029.312474,22065.299246223,-11.671874046325684,-43.34201431274414,82.63357543945312,2.149371862411499,-41.76899337768555,87.08088684082031,6.490262985229492,-37.10588073730469,79.45692443847656,-9.084981918334961,-29.481252670288086,76.18827819824219,,
1780510029.3325007,22065.318544164,-10.298828125,-44.83940505981445,81.6963882446289,3.2028753757476807,-39.94902420043945,87.92906188964844,4.872025012969971,-38.686553955078125,81.93295288085938,-9.01799201965332,-26.954301834106445,74.34381866455078,,
1780510029.3524697,22065.339117084,-8.56901741027832,-45.493408203125,80.72748565673828,3.698695659637451,-39.9705810546875,87.34725952148438,4.583942890167236,-40.047706604003906,83.37956237792969,-7.4411940574646,-26.064922332763672,73.54105377197266,,
1780510029.3724227,22065.358975018,-6.798001766204834,-46.517215728759766,79.76709747314453,3.7020230293273926,-40.992469787597656,86.60338592529297,5.4599480628967285,-40.01094436645508,83.67570495605469,-6.17732048034668,-26.78968048095703,72.47928619384766,,
1780510029.3925266,22065.379297824,-5.810067653656006,-47.360626220703125,78.61299896240234,2.842243194580078,-42.62056350708008,85.81658172607422,6.338979244232178,-38.75250244140625,83.6611328125,-4.9472761154174805,-28.766813278198242,71.66110229492188,,
1780510029.4124718,22065.399124709,-5.854700088500977,-47.46858215332031,78.37791442871094,0.8781304955482483,-45.445865631103516,84.99496459960938,6.8810529708862305,-36.4263801574707,83.17967224121094,-3.541019916534424,-31.635860443115234,72.52330780029297,,
1780510029.4324338,22065.41936971,-6.250826835632324,-47.500308990478516,79.4249496459961,-2.3219668865203857,-49.01828384399414,83.47992706298828,7.242696762084961,-33.28105926513672,82.40387725830078,-1.4261934757232666,-35.51436996459961,75.38683319091797,,
1780510029.452419,22065.439348213,-7.143057823181152,-47.330711364746094,81.52815246582031,-5.635504722595215,-51.59278106689453,81.19579315185547,8.874044418334961,-29.963048934936523,80.85709381103516,-0.22915807366371155,-40.01688766479492,78.59839630126953,,
1780510029.4724045,22065.458976894,-7.9056596755981445,-45.73720169067383,83.4195785522461,-6.744932651519775,-51.644657135009766,78.87815856933594,9.499918937683105,-29.028623580932617,78.65437316894531,0.7139018177986145,-43.05890655517578,80.43887329101562,,
1780510029.4924107,22065.478932529,-6.975292205810547,-43.36745071411133,84.68549346923828,-6.575371265411377,-49.87733840942383,77.67317962646484,9.047768592834473,-28.986072540283203,77.2350845336914,1.9860919713974,-44.734188079833984,81.30341339111328,,
1780510029.5124123,22065.498952231,-5.700376033782959,-41.1633186340332,85.23249053955078,-6.3901238441467285,-48.738121032714844,77.40162658691406,8.20142650604248,-28.25075340270996,76.46631622314453,2.1226611137390137,-45.007564544677734,81.82179260253906,,
1780510029.5325706,22065.51889198,-5.8842973709106445,-39.853458404541016,85.40381622314453,-5.943260192871094,-48.51472854614258,77.53169250488281,8.597396850585938,-28.564420700073242,75.97473907470703,0.634323000907898,-43.68758010864258,81.57096099853516,,
1780510029.5524385,22065.538874807,-6.944428443908691,-39.7109375,85.23974609375,-4.801140785217285,-47.45096969604492,78.50479888916016,9.666961669921875,-30.77546501159668,75.7827377319336,-1.214853286743164,-41.052589416503906,81.08715057373047,,
1780510029.5724704,22065.5591106,-8.349513053894043,-40.15232849121094,84.77792358398438,-3.431016683578491,-45.93136978149414,80.27923583984375,9.7829008102417,-33.11903762817383,75.72350311279297,-3.3982203006744385,-37.39406204223633,80.60255432128906,,
1780510029.5924242,22065.579392023,-10.275062561035156,-41.42494201660156,84.25403594970703,-1.4104602336883545,-44.59214401245117,83.14521026611328,8.626660346984863,-34.83015060424805,76.47295379638672,-6.051254749298096,-33.50516891479492,79.34608459472656,,
1780510029.612454,22065.599350817,-11.431229591369629,-43.74191665649414,83.11494445800781,0.8111869692802429,-42.57325744628906,86.63030242919922,7.126771926879883,-36.14685821533203,79.03338623046875,-8.815717697143555,-29.755544662475586,76.61527252197266,,
1780510029.632512,22065.619733975,-10.287622451782227,-45.725284576416016,82.1317138671875,1.8249937295913696,-40.7010498046875,88.2462158203125,5.536162853240967,-37.63951110839844,81.49593353271484,-9.313340187072754,-26.762557983398438,74.3849105834961,,
1780510029.652522,22065.639792067,-8.450593948364258,-46.47425079345703,81.39322662353516,2.321298599243164,-40.51837158203125,87.86488342285156,4.895534038543701,-39.11066436767578,83.1697006225586,-7.904163837432861,-25.41204833984375,73.40673065185547,,
1780510029.6724806,22065.658973717,-6.705910682678223,-47.13359832763672,80.48827362060547,2.490687847137451,-41.41445541381836,87.15380859375,5.359364986419678,-39.363136291503906,83.68472290039062,-6.621284484863281,-25.835886001586914,72.63335418701172,,
1780510029.6924543,22065.679405028,-5.681186199188232,-47.887516021728516,79.32189178466797,1.9093350172042847,-42.78672790527344,86.43856811523438,6.117641925811768,-38.19461441040039,83.71271514892578,-5.475079536437988,-27.53037452697754,71.74406433105469,,
1780510029.7125437,22065.699313474,-5.556327819824219,-48.14552307128906,78.87158203125,0.3185283839702606,-45.115638732910156,85.62915802001953,6.659054279327393,-36.17658996582031,83.36897277832031,-4.133963584899902,-30.14297866821289,72.2020263671875,,
1780510029.7325368,22065.719405357,-5.997738361358643,-48.22721862792969,79.60550689697266,-2.2847814559936523,-48.338783264160156,84.37364959716797,7.162020206451416,-33.44579315185547,82.53799438476562,-2.177616834640503,-33.49783706665039,74.2595443725586,,
1780510029.752463,22065.73927948,-6.50306510925293,-48.29725646972656,81.51517486572266,-5.830528259277344,-51.180084228515625,82.15162658691406,8.7511625289917,-30.119258880615234,80.89371490478516,-0.5304235219955444,-38.14884948730469,77.47019958496094,,
1780510029.7725058,22065.759364661,-7.627178192138672,-46.73222732543945,83.57604217529297,-7.221862316131592,-52.1685905456543,79.63713073730469,9.939400672912598,-28.295021057128906,78.99626922607422,0.270795613527298,-41.654666900634766,79.86930847167969,,
1780510029.792446,22065.779502889,-7.178525447845459,-44.283546447753906,84.90141296386719,-7.137467861175537,-50.72636795043945,78.15594482421875,9.805720329284668,-28.33590316772461,77.26641845703125,1.5279786586761475,-43.91105270385742,80.83301544189453,,
1780510029.8124235,22065.799448818,-5.818295001983643,-42.06320571899414,85.50851440429688,-7.047593593597412,-49.47265625,77.77328491210938,9.021514892578125,-27.83246612548828,75.99758911132812,2.1026358604431152,-44.69895935058594,81.41850280761719,,
1780510029.8324053,22065.819399994,-5.6122283935546875,-40.61766815185547,85.7763442993164,-6.604516506195068,-49.0356559753418,77.74192810058594,8.981269836425781,-27.944076538085938,75.4009780883789,1.1481894254684448,-43.875858306884766,81.46509552001953,,
1780510029.8523133,22065.839241551,-6.520230770111084,-40.14710998535156,85.62907409667969,-5.658052444458008,-48.21235656738281,78.5358657836914,9.769355773925781,-29.7749080657959,75.05052185058594,-0.6896520853042603,-41.695533752441406,81.04717254638672,,
1780510029.872441,22065.858939005,-7.884018898010254,-40.374717712402344,85.31880950927734,-4.1257500648498535,-46.59188461303711,80.22056579589844,10.085095405578613,-32.282047271728516,74.9902572631836,-2.8672401905059814,-38.21187973022461,80.60694122314453,,
1780510029.892501,22065.879279569,-9.96861457824707,-41.460540771484375,84.69915771484375,-2.0741443634033203,-44.978965759277344,83.01661682128906,8.94035530090332,-34.500328063964844,75.65156555175781,-5.632845878601074,-34.1331787109375,79.51075744628906,,
1780510029.9124382,22065.899071523,-11.673644065856934,-43.7041015625,83.2949447631836,0.36455973982810974,-42.8311653137207,86.71145629882812,7.296226501464844,-35.88651657104492,78.03692626953125,-8.391132354736328,-30.162328720092773,76.91792297363281,,
1780510029.9331465,22065.919443536,-10.706531524658203,-45.729339599609375,82.39515686035156,1.6156284809112549,-40.572853088378906,88.71807861328125,5.477107048034668,-37.30978012084961,80.88166809082031,-9.45839786529541,-27.033201217651367,74.55066680908203,,
1780510029.9530876,22065.939628121,-8.8544282913208,-46.4353141784668,81.55012512207031,2.362126111984253,-39.944923400878906,88.2394790649414,4.396090984344482,-39.12015914916992,82.96070098876953,-7.96852970123291,-25.507118225097656,73.52117156982422,,
1780510029.972772,22065.959677459,-7.246860504150391,-47.00584411621094,80.49162292480469,2.8935322761535645,-40.63410568237305,87.52610778808594,4.9765520095825195,-39.824893951416016,83.58634185791016,-6.383925914764404,-25.55071258544922,72.93021392822266,,
1780510029.9929597,22065.979516523,-6.026805877685547,-47.77443313598633,79.28489685058594,2.7050933837890625,-41.768577575683594,86.73210906982422,5.898550033569336,-39.095027923583984,83.62257385253906,-5.405317783355713,-27.176973342895508,71.8665771484375,,
1780510030.0124483,22065.998934863,-5.739055156707764,-48.176666259765625,78.42352294921875,1.4020205736160278,-43.74868392944336,85.92255401611328,6.445461273193359,-37.333553314208984,83.44683837890625,-4.086318492889404,-29.758432388305664,71.67764282226562,,
1780510030.0324492,22066.020186447,-6.130301475524902,-48.08610153198242,78.58098602294922,-0.8053112030029297,-46.860801696777344,84.84026336669922,6.84818696975708,-34.82717514038086,82.79887390136719,-2.2795755863189697,-32.895755767822266,73.23479461669922,,
1780510030.0529244,22066.040193834,-6.5644965171813965,-47.980804443359375,80.13286590576172,-4.218733310699463,-49.9903564453125,82.87210083007812,7.744063377380371,-31.676538467407227,81.64140319824219,-0.30303192138671875,-37.56427001953125,76.57644653320312,,
1780510030.0724661,22066.058966365,-7.491703987121582,-46.909027099609375,82.37956237792969,-6.638895511627197,-51.67630386352539,80.29560089111328,9.233969688415527,-29.08355140686035,79.71319580078125,0.4990917444229126,-41.74446105957031,79.28998565673828,,
1780510030.09245,22066.079116249,-7.488192558288574,-44.48575210571289,84.03280639648438,-6.7957587242126465,-50.60586929321289,78.28665161132812,9.313261985778809,-29.21412467956543,77.74050903320312,1.6990289688110352,-44.421878814697266,80.59527587890625,,
1780510030.1123967,22066.09864346,-5.975767135620117,-41.81718444824219,84.92509460449219,-6.4830427169799805,-48.784423828125,77.73721313476562,8.559803009033203,-28.933408737182617,76.65049743652344,2.769610643386841,-45.590789794921875,81.4084701538086,,
1780510030.132472,22066.118909816,-5.178553581237793,-39.848289489746094,85.27672576904297,-6.097563743591309,-48.08539962768555,77.45333862304688,8.065174102783203,-28.579898834228516,75.97581481933594,2.295948028564453,-45.20389175415039,81.67857360839844,,
1780510030.1529398,22066.139438904,-6.073010444641113,-38.95794677734375,85.19425201416016,-5.134974002838135,-47.63790512084961,77.8235855102539,8.826366424560547,-30.013042449951172,75.83293914794922,0.3385496437549591,-43.31673049926758,81.2388687133789,,
1780510030.1729977,22066.159851383,-7.442630767822266,-38.887699127197266,84.83978271484375,-3.6707212924957275,-46.190486907958984,79.19356536865234,9.503636360168457,-32.56190490722656,75.67330932617188,-1.7377089262008667,-40.06010818481445,80.86874389648438,,
1780510030.1924732,22066.179978112,-9.473289489746094,-39.746337890625,84.18851470947266,-1.5449193716049194,-44.49676513671875,81.52127075195312,8.900118827819824,-35.14717102050781,76.14277648925781,-4.306189060211182,-35.96651840209961,80.00077819824219,,
1780510030.2124622,22066.199425632,-11.686458587646484,-41.77239990234375,82.98429870605469,1.235239028930664,-42.70664978027344,85.39791870117188,7.270511150360107,-36.68672561645508,78.13858032226562,-7.210501670837402,-31.67805290222168,77.67874145507812,,
1780510030.2324388,22066.219722184,-11.219858169555664,-43.87028503417969,82.17268371582031,2.776761770248413,-40.46208572387695,87.72567749023438,5.6495561599731445,-37.94858169555664,80.72526550292969,-9.068122863769531,-28.518293380737305,75.1285629272461,,
1780510030.2524574,22066.239654101,-9.64639949798584,-44.871246337890625,81.16897583007812,3.3725125789642334,-39.62577438354492,87.62785339355469,4.551393985748291,-39.25592041015625,82.79889678955078,-7.939950466156006,-26.553226470947266,73.7624282836914,,
1780510030.2731755,22066.260127349,-7.717842102050781,-45.60322570800781,80.23352813720703,3.5205421447753906,-40.5025634765625,87.09870147705078,4.854945182800293,-39.80600357055664,83.61890411376953,-6.529321193695068,-26.324159622192383,73.05716705322266,,
1780510030.292534,22066.279077823,-6.344690322875977,-46.58481216430664,78.91736602783203,3.3367812633514404,-41.82442855834961,86.3374252319336,5.802498817443848,-39.26181411743164,83.78624725341797,-5.335319519042969,-27.564992904663086,72.20525360107422,,
1780510030.312528,22066.299189172,-5.762530326843262,-47.0432014465332,78.094970703125,1.9794503450393677,-44.191619873046875,85.50627136230469,6.540553569793701,-37.42641830444336,83.54236602783203,-4.139843463897705,-30.043731689453125,72.12079620361328,,
1780510030.3324914,22066.319470622,-6.227673053741455,-47.15485763549805,78.4010009765625,-0.6176066398620605,-47.52351760864258,84.39981842041016,7.020936489105225,-34.6850471496582,82.9560546875,-2.2741434574127197,-33.427215576171875,73.86669921875,,
1780510030.3524456,22066.33961101,-6.720597267150879,-47.28954315185547,80.56651306152344,-4.515134334564209,-50.67753219604492,82.26215362548828,8.284575462341309,-31.238353729248047,81.66453552246094,-0.4664657413959503,-38.162010192871094,77.4827880859375,,
1780510030.3724546,22066.359149296,-7.95073127746582,-46.44707107543945,82.66239929199219,-6.5951714515686035,-51.973758697509766,79.88996124267578,9.691553115844727,-29.00867462158203,79.65848541259766,0.2780075967311859,-41.97641372680664,79.91505432128906,,
1780510030.3924184,22066.378868707,-7.616753578186035,-44.25951385498047,84.27281188964844,-6.535420894622803,-50.57761764526367,78.15277862548828,9.619154930114746,-29.002918243408203,77.64806365966797,1.5614557266235352,-44.44309616088867,80.84375762939453,,
1780510030.4123855,22066.398827693,-6.322529315948486,-41.996891021728516,85.06005096435547,-6.200102806091309,-49.05525588989258,77.64835357666016,8.67101764678955,-28.457035064697266,76.67520141601562,2.3044989109039307,-45.433292388916016,81.53694152832031,,
1780510030.4323866,22066.420202057,-5.716378688812256,-40.452266693115234,85.39506530761719,-6.084657192230225,-48.58766174316406,77.70585632324219,8.40382194519043,-28.04584312438965,75.83123779296875,1.4814344644546509,-44.79835510253906,81.60545349121094,,
1780510030.452927,22066.440409083,-6.513480186462402,-39.88567352294922,85.35620880126953,-5.28750467300415,-47.966678619384766,78.3504409790039,9.513313293457031,-29.620073318481445,75.5145263671875,-0.28754252195358276,-42.63126754760742,81.10633087158203,,
1780510030.4729147,22066.460123176,-7.7758307456970215,-40.075096130371094,84.98942565917969,-3.8563714027404785,-46.49891662597656,79.7660903930664,10.02380657196045,-32.103153228759766,75.49394989013672,-2.3544743061065674,-39.35890579223633,80.63485717773438,,
1780510030.4927406,22066.479661932,-9.576743125915527,-40.921180725097656,84.47494506835938,-2.16447377204895,-45.094940185546875,82.08519744873047,9.283963203430176,-34.17459487915039,75.94198608398438,-4.966914653778076,-35.329166412353516,79.82710266113281,,
1780510030.5128367,22066.499602675,-11.407747268676758,-42.93041229248047,83.42669677734375,0.24491217732429504,-43.519187927246094,85.5950927734375,7.719662666320801,-35.603641510009766,77.95182800292969,-7.682126998901367,-31.26795768737793,77.56757354736328,,
1780510030.5326762,22066.519237655,-10.838128089904785,-45.18063735961914,82.44163513183594,1.510167121887207,-41.43939208984375,88.06948852539062,6.277755260467529,-36.83610534667969,80.48412322998047,-9.288064956665039,-27.886369705200195,75.00264739990234,,
1780510030.5520835,22066.539024775,-9.100090026855469,-46.24253463745117,81.59014892578125,2.206507444381714,-40.426944732666016,88.10411071777344,5.038971424102783,-38.451507568359375,82.66001892089844,-8.387496948242188,-26.070280075073242,73.61810302734375,,
1780510030.5722558,22066.559374006,-7.308138370513916,-46.858253479003906,80.82555389404297,2.4782068729400635,-41.154903411865234,87.51624298095703,5.279590129852295,-39.23844909667969,83.46888732910156,-6.974419593811035,-25.755884170532227,72.95044708251953,,
1780510030.592503,22066.579501687,-5.942763805389404,-47.80339813232422,79.80610656738281,2.241635322570801,-42.244239807128906,86.75064849853516,6.169719696044922,-38.63888168334961,83.55232238769531,-5.934521675109863,-26.958599090576172,71.97010803222656,,
1780510030.6124344,22066.59910706,-5.588223457336426,-48.41155242919922,79.0117416381836,0.895124077796936,-44.057376861572266,86.0464859008789,6.757429122924805,-36.824951171875,83.359619140625,-4.655450820922852,-29.31865119934082,71.70213317871094,,
1780510030.632528,22066.619329419,-5.83144474029541,-48.49203872680664,79.3147964477539,-1.32772958278656,-46.992210388183594,84.99272918701172,7.145266056060791,-34.25700378417969,82.72294616699219,-2.989126682281494,-32.445804595947266,73.28610229492188,,
1780510030.6524227,22066.640543997,-6.253016471862793,-48.596893310546875,80.85423278808594,-4.774837493896484,-50.25815200805664,83.08403015136719,8.038980484008789,-31.045621871948242,81.53934478759766,-1.0249199867248535,-36.73246765136719,76.6042251586914,,
1780510030.672442,22066.659633366,-7.248643398284912,-47.76429748535156,82.9646987915039,-7.0771803855896,-52.02779006958008,80.57295989990234,9.676196098327637,-28.389455795288086,79.60125732421875,-0.05311454087495804,-40.75784683227539,79.3216552734375,,
1780510030.6924522,22066.679311099,-7.465707302093506,-45.40018844604492,84.52687072753906,-7.445965766906738,-51.392765045166016,78.53754425048828,9.993062019348145,-28.226350784301758,77.57929992675781,1.0643843412399292,-43.3037109375,80.52571105957031,,
1780510030.712472,22066.698971173,-6.203996658325195,-42.89936447143555,85.41120910644531,-7.2508544921875,-49.8111457824707,77.92585754394531,9.192745208740234,-28.011457443237305,76.31218719482422,2.088609457015991,-44.58540725708008,81.37611389160156,,
1780510030.7322788,22066.718763666,-5.35935115814209,-41.149662017822266,85.77218627929688,-6.953169822692871,-49.01874923706055,77.69464874267578,8.773713111877441,-27.621463775634766,75.5768814086914,1.7785817384719849,-44.119232177734375,81.73703002929688,,
1780510030.7522295,22066.738900634,-6.122461318969727,-40.12845230102539,85.7644271850586,-6.038422107696533,-48.638126373291016,78.0266342163086,9.349385261535645,-28.81134605407715,75.34955596923828,-0.040698643773794174,-42.38865280151367,81.32905578613281,,
1780510030.7721612,22066.759605737,-7.249671936035156,-40.10128402709961,85.50910186767578,-4.780341625213623,-47.26405334472656,79.306640625,10.086968421936035,-31.244789123535156,75.23282623291016,-1.979361891746521,-39.279212951660156,80.91263580322266,,
1780510030.7922723,22066.779278156,-9.01391315460205,-40.90256118774414,85.11454772949219,-2.816632032394409,-45.58097457885742,81.5700454711914,9.566234588623047,-33.87746047973633,75.5171890258789,-4.4902472496032715,-35.328887939453125,80.11260986328125,,
1780510030.8121653,22066.799208524,-11.050668716430664,-42.59359359741211,84.18038940429688,-0.441780149936676,-43.91825485229492,85.24565887451172,7.870517253875732,-35.539451599121094,77.24756622314453,-7.355707168579102,-31.475669860839844,78.12953186035156,,
1780510030.8320606,22066.818613816,-11.130719184875488,-44.86894607543945,82.97762298583984,1.3362122774124146,-41.52230453491211,88.18446350097656,6.297637939453125,-36.74909591674805,79.93556213378906,-9.611139297485352,-28.208168029785156,75.28529357910156,,
1780510030.8520796,22066.838675974,-9.458298683166504,-46.09596633911133,82.08975219726562,2.1857893466949463,-40.128883361816406,88.526123046875,4.716548919677734,-38.256107330322266,82.33206939697266,-8.946881294250488,-26.058963775634766,73.68465423583984,,
1780510030.8725028,22066.85914761,-7.596896648406982,-46.53926467895508,81.11770629882812,2.640230178833008,-40.61126708984375,87.86054229736328,4.658507347106934,-39.45025634765625,83.51234436035156,-7.227728366851807,-25.618398666381836,73.14669799804688,,
1780510030.8924272,22066.879241955,-6.138208866119385,-47.33290100097656,79.85460662841797,2.778520107269287,-41.58784866333008,87.02027893066406,5.611997127532959,-39.1766242980957,83.68315124511719,-5.957129001617432,-26.722448348999023,72.22361755371094,,
1780510030.9122944,22066.899395102,-5.578921794891357,-47.865623474121094,78.6647720336914,1.9610962867736816,-43.28352355957031,86.215576171875,6.368557453155518,-37.6926155090332,83.6265869140625,-4.689361095428467,-29.116743087768555,71.66493225097656,,
1780510030.9322438,22066.919887756,-5.804250717163086,-47.72554397583008,78.63883209228516,-0.014671139419078827,-46.23405456542969,85.18376159667969,6.839642524719238,-35.318363189697266,83.03351593017578,-3.177502393722534,-32.31790542602539,73.00979614257812,,
1780510030.9522972,22066.939409616,-6.349554538726807,-47.83781433105469,79.93033599853516,-3.359813690185547,-49.54262161254883,83.44053649902344,7.544899940490723,-32.20148468017578,82.03740692138672,-1.0325570106506348,-36.64310073852539,76.0017318725586,,
1780510030.9723182,22066.958763535,-7.253815650939941,-47.2791862487793,82.20304870605469,-6.162184238433838,-51.631595611572266,80.91161346435547,9.354058265686035,-29.181974411010742,80.2662124633789,0.03410494700074196,-41.06258010864258,78.9803466796875,,
1780510030.9923193,22066.978881117,-7.849460124969482,-45.16436767578125,83.90776062011719,-6.787477016448975,-51.315269470214844,78.69386291503906,9.691943168640137,-28.84091567993164,78.09162139892578,1.0167853832244873,-43.91403579711914,80.48741149902344,,
1780510031.0120192,22066.99873548,-6.595976829528809,-42.599517822265625,84.98484802246094,-6.548141002655029,-49.577980041503906,77.88391876220703,9.011466026306152,-28.728443145751953,76.62256622314453,2.21109676361084,-45.453922271728516,81.30748748779297,,
1780510031.0325587,22067.019522332,-5.58722448348999,-40.81952667236328,85.48888397216797,-6.21731424331665,-48.76164245605469,77.60154724121094,8.392641067504883,-28.042034149169922,75.76233673095703,2.0880725383758545,-45.237548828125,81.65653991699219,,
1780510031.0523436,22067.038900839,-6.084852695465088,-39.656368255615234,85.4405288696289,-5.4729323387146,-48.327022552490234,77.89591979980469,8.916613578796387,-29.01581382751465,75.53009796142578,0.3737714886665344,-43.735504150390625,81.36565399169922,,
1780510031.07248,22067.05864826,-7.197861671447754,-39.54736328125,85.15259552001953,-4.199233055114746,-47.05266189575195,79.05595397949219,9.757830619812012,-31.452007293701172,75.31073760986328,-1.504599690437317,-40.760719299316406,80.9496841430664,,
1780510031.0923715,22067.078791732,-8.86555004119873,-40.018314361572266,84.74285888671875,-2.4876010417938232,-45.4423942565918,80.96114349365234,9.388239860534668,-33.848716735839844,75.4891357421875,-3.9578819274902344,-36.88859176635742,80.32964324951172,,
1780510031.112417,22067.099787386,-11.220000267028809,-41.67755126953125,83.69761657714844,0.1722840517759323,-43.810279846191406,84.43302917480469,7.941249370574951,-35.71269989013672,77.07685089111328,-6.849972724914551,-32.56696701049805,78.45516967773438,,
1780510031.132445,22067.119387773,-11.520734786987305,-43.95235824584961,82.60597229003906,2.0121910572052,-41.38517379760742,87.573974609375,6.408265590667725,-37.001285552978516,79.70543670654297,-9.259931564331055,-29.01607322692871,75.74823760986328,,
1780510031.1524627,22067.139247786,-9.995902061462402,-45.288238525390625,81.7044448852539,2.826493978500366,-39.97562026977539,88.0738754272461,4.847605228424072,-38.52785873413086,82.13333892822266,-8.847455024719238,-26.647968292236328,74.01737976074219,,
1780510031.1723983,22067.158960167,-8.167031288146973,-46.03672409057617,80.89480590820312,3.167417049407959,-40.3327522277832,87.48664855957031,4.798375606536865,-39.744102478027344,83.38310241699219,-7.287782192230225,-25.90618896484375,73.2501449584961,,
1780510031.1924949,22067.178854609,-6.451541900634766,-47.03182601928711,79.93617248535156,3.119065761566162,-41.38264846801758,86.73591613769531,5.687282085418701,-39.57991409301758,83.63101196289062,-6.071816921234131,-26.727420806884766,72.25979614257812,,
1780510031.2124186,22067.198738993,-5.705063343048096,-47.776885986328125,78.91561889648438,2.0472967624664307,-43.13239288330078,85.99637603759766,6.47019100189209,-38.056190490722656,83.56104278564453,-4.937999725341797,-28.808835983276367,71.5083999633789,,
1780510031.2324677,22067.218808541,-5.714098930358887,-47.82429504394531,78.9563980102539,-0.12078464031219482,-46.04443359375,85.03556823730469,6.891932010650635,-35.63736343383789,83.00484466552734,-3.438220500946045,-31.68227767944336,72.71293640136719,,
1780510031.252428,22067.23910969,-6.106255531311035,-48.0238037109375,80.15034484863281,-3.3133649826049805,-49.37681198120117,83.41275024414062,7.561131954193115,-32.42790985107422,82.11900329589844,-1.3400110006332397,-35.68080520629883,75.63645935058594,,
1780510031.2724905,22067.259181365,-7.026112079620361,-47.60123825073242,82.2977066040039,-6.395954132080078,-51.7511100769043,80.94691467285156,9.272092819213867,-29.17842674255371,80.32612609863281,-0.1722882091999054,-40.04019546508789,78.69404602050781,,
1780510031.2926257,22067.279338991,-7.741701602935791,-45.70463562011719,84.05607604980469,-7.141749382019043,-51.624847412109375,78.71803283691406,9.817944526672363,-28.60358238220215,78.27362060546875,0.8266746401786804,-42.897239685058594,80.3760757446289,,
1780510031.312518,22067.298825406,-6.669615745544434,-43.31758499145508,85.20635223388672,-7.052985191345215,-50.06143569946289,77.80730438232422,9.214305877685547,-28.334068298339844,76.77334594726562,1.9334861040115356,-44.46995162963867,81.20382690429688,,
1780510031.332485,22067.31903426,-5.591135025024414,-41.243431091308594,85.63245391845703,-6.876808166503906,-49.09789276123047,77.47313690185547,8.494433403015137,-27.796085357666016,75.95782470703125,1.924022912979126,-44.63193130493164,81.73778533935547,,
1780510031.35304,22067.339677264,-6.06973934173584,-40.31983947753906,85.81214904785156,-6.211418628692627,-48.871986389160156,77.74990844726562,9.0676908493042,-28.3449649810791,75.62496185302734,0.20765461027622223,-43.019447326660156,81.37128448486328,,
1780510031.3725054,22067.359203397,-7.049442291259766,-40.11921691894531,85.6283187866211,-5.106871604919434,-47.63106155395508,78.85122680664062,9.977229118347168,-30.599105834960938,75.4378890991211,-1.6292773485183716,-40.255855560302734,81.00775909423828,,
1780510031.3930407,22067.380386429,-8.551203727722168,-40.722068786621094,85.26976776123047,-3.5753958225250244,-46.047786712646484,80.81537628173828,9.96284008026123,-33.03066635131836,75.45958709716797,-3.94730544090271,-36.462684631347656,80.35196685791016,,
1780510031.412986,22067.400062751,-10.652091026306152,-42.22764587402344,84.5121078491211,-1.34375,-44.67552185058594,84.0304183959961,8.51036262512207,-34.772544860839844,76.5984115600586,-6.829231262207031,-32.39210891723633,78.73302459716797,,
1780510031.4331198,22067.420140648,-11.414565086364746,-44.5211296081543,83.29110717773438,0.5864738821983337,-42.43018341064453,87.50983428955078,6.837362289428711,-35.9566535949707,79.20407104492188,-9.429523468017578,-28.91374969482422,75.905517578125,,
1780510031.4530172,22067.440307765,-9.951489448547363,-46.1957893371582,82.45330810546875,1.585584282875061,-40.60569381713867,88.6073989868164,5.023216724395752,-37.478214263916016,81.79600524902344,-9.503630638122559,-26.351978302001953,73.86185455322266,,
1780510031.4724889,22067.459544755,-8.14537525177002,-46.70950698852539,81.49095153808594,2.1965010166168213,-40.49339294433594,88.11698913574219,4.453762531280518,-38.918766021728516,83.36692810058594,-7.880970001220703,-25.398344039916992,73.14936065673828,,
1780510031.492991,22067.481425126,-6.480313777923584,-47.260223388671875,80.35458374023438,2.5106942653656006,-41.36848449707031,87.40433502197266,5.1637139320373535,-39.05298614501953,83.7283935546875,-6.580554962158203,-26.12148666381836,72.3992691040039,,
1780510031.512602,22067.499655743,-5.634846210479736,-48.037899017333984,79.14400482177734,1.9397706985473633,-42.706581115722656,86.5641860961914,6.079219818115234,-37.844242095947266,83.6680908203125,-5.372763633728027,-28.13860321044922,71.45044708251953,,
1780510031.532856,22067.519493776,-5.57591438293457,-48.124691009521484,78.86483764648438,0.20567086338996887,-45.20372009277344,85.60101318359375,6.616179943084717,-35.67109680175781,83.22663879394531,-3.903132200241089,-31.18129539489746,72.21846008300781,,
1780510031.5530705,22067.540668465,-6.182115077972412,-48.19185256958008,79.787109375,-2.641292095184326,-48.668052673339844,84.17220306396484,7.2754645347595215,-32.715091705322266,82.25332641601562,-1.8604302406311035,-34.926612854003906,74.6556167602539,,
1780510031.5730298,22067.559731233,-6.908532619476318,-47.90237808227539,81.84567260742188,-5.892969131469727,-51.366615295410156,81.713623046875,9.007203102111816,-29.49439811706543,80.68067932128906,-0.48150134086608887,-39.746097564697266,78.04810333251953,,
1780510031.5929108,22067.579910042,-7.919283390045166,-46.18006896972656,83.82355499267578,-7.109833717346191,-51.98951721191406,79.20209503173828,9.66146469116211,-28.40499496459961,78.51542663574219,0.40090805292129517,-42.98304748535156,80.0853042602539,,
1780510031.612512,22067.59876769,-7.076493263244629,-43.792259216308594,85.14761352539062,-7.018845558166504,-50.37173843383789,77.9339370727539,9.297882080078125,-28.571409225463867,76.81845092773438,1.7918736934661865,-44.80464172363281,80.99376678466797,,
1780510031.632579,22067.619346248,-5.745186805725098,-41.35953903198242,85.63390350341797,-6.77506160736084,-49.201786041259766,77.54987335205078,8.24334716796875,-28.13191032409668,75.83024597167969,2.1312122344970703,-45.39201736450195,81.69129943847656,,
1780510031.652448,22067.639033617,-5.783755302429199,-39.85299301147461,85.81153869628906,-6.090313911437988,-48.734214782714844,77.5250244140625,8.298995971679688,-28.651216506958008,75.43309020996094,0.9368121027946472,-44.268402099609375,81.64161682128906,,
1780510031.6724837,22067.659297386,-6.811323642730713,-39.23503875732422,85.61339569091797,-4.782110691070557,-47.6728515625,78.45681762695312,9.161504745483398,-30.91472053527832,75.20124053955078,-0.9562604427337646,-41.70722961425781,81.16844177246094,,
1780510031.6924684,22067.679680153,-8.490330696105957,-39.467994689941406,85.12752532958984,-2.94191312789917,-45.78734588623047,80.47067260742188,9.229780197143555,-33.65424728393555,75.27001190185547,-3.3627398014068604,-37.81557846069336,80.58023071289062,,
1780510031.7124565,22067.699420247,-11.026789665222168,-40.788238525390625,84.05668640136719,-0.025028908625245094,-43.95273971557617,83.94165802001953,7.7580671310424805,-35.84242630004883,76.7115707397461,-6.377163887023926,-33.29703903198242,78.85939025878906,,
1780510031.7325711,22067.719298735,-11.876806259155273,-43.09535598754883,82.69703674316406,2.2663180828094482,-41.43331527709961,87.35932159423828,6.274672508239746,-37.38618087768555,79.50721740722656,-9.076798439025879,-29.56460189819336,76.00748443603516,,
1780510031.752509,22067.739044818,-10.523276329040527,-44.646663665771484,81.88623046875,3.343310594558716,-39.58462142944336,88.05804443359375,4.525943279266357,-38.872222900390625,81.97265625,-9.048832893371582,-27.26554298400879,74.05435180664062,,
1780510031.773087,22067.759611593,-8.733439445495605,-45.40913009643555,80.87779235839844,3.8060286045074463,-39.76667404174805,87.46724700927734,4.399191379547119,-40.1412353515625,83.29000854492188,-7.243582248687744,-26.03268051147461,73.46510314941406,,
1780510031.7932172,22067.77975376,-7.007878303527832,-46.50587844848633,79.77476501464844,3.8911449909210205,-40.720489501953125,86.7001724243164,5.376277446746826,-40.05295181274414,83.59001922607422,-6.064443111419678,-26.902786254882812,72.28459167480469,,
1780510031.812463,22067.799912557,-6.106014251708984,-47.362083435058594,78.446044921875,3.02695894241333,-42.43479919433594,85.91130065917969,6.2699875831604,-38.726322174072266,83.53612518310547,-4.845764636993408,-28.984617233276367,71.40738677978516,,
1780510031.8324578,22067.819722024,-6.069051265716553,-47.401023864746094,78.24419403076172,1.0940591096878052,-45.319671630859375,85.04484558105469,6.813278675079346,-36.38310241699219,83.05887603759766,-3.569075107574463,-31.93645477294922,72.40876770019531,,
1780510031.8524504,22067.839228285,-6.499512672424316,-47.368343353271484,79.21988677978516,-2.1891086101531982,-49.031490325927734,83.4128646850586,7.227282524108887,-33.166717529296875,82.19488525390625,-1.3162903785705566,-35.867645263671875,75.16544342041016,,
1780510031.8724039,22067.858992456,-7.353037357330322,-47.02242660522461,81.43148040771484,-5.5359649658203125,-51.507694244384766,81.0802993774414,8.904719352722168,-29.94881820678711,80.7453842163086,-0.06326153129339218,-40.5573616027832,78.49185180664062,,
1780510031.8924239,22067.879878665,-8.142104148864746,-45.53196334838867,83.38681030273438,-6.59600305557251,-51.55987548828125,78.81024169921875,9.273155212402344,-29.257217407226562,78.61557006835938,0.7599831819534302,-43.61358642578125,80.38136291503906,,
1780510031.9124036,22067.900077748,-7.150260925292969,-43.245277404785156,84.7562026977539,-6.42592191696167,-49.6950569152832,77.6080093383789,8.71483325958252,-29.484405517578125,77.09101867675781,2.0558855533599854,-45.24528884887695,81.25419616699219,,
1780510031.932479,22067.920100332,-5.864665508270264,-40.70873260498047,85.266845703125,-6.214013576507568,-48.56117248535156,77.1877670288086,7.638919353485107,-29.021326065063477,76.43253326416016,2.1505281925201416,-45.60940933227539,81.85143280029297,,
1780510031.952462,22067.940332748,-6.095113754272461,-39.31687545776367,85.49195098876953,-5.610048294067383,-48.37338638305664,77.35245513916016,7.872530460357666,-29.355005264282227,75.89778137207031,0.5734270215034485,-44.24684524536133,81.5372314453125,,
1780510031.972426,22067.959055419,-7.208636283874512,-38.776527404785156,85.24186706542969,-4.273744583129883,-47.1511344909668,78.2850341796875,9.017410278320312,-31.70037078857422,75.88319396972656,-1.4069596529006958,-41.53687286376953,81.0860366821289,,
1780510031.9925125,22067.979118488,-8.827966690063477,-39.0879020690918,84.71247100830078,-2.52793550491333,-45.25627899169922,80.35491943359375,8.963303565979004,-34.28430938720703,76.05099487304688,-3.7170462608337402,-37.68848419189453,80.500244140625,,
1780510032.0124903,22067.999536283,-11.199450492858887,-40.663002014160156,83.61946105957031,0.12217415869235992,-43.683406829833984,83.75390625,7.58262825012207,-36.16935348510742,77.42867279052734,-6.45238733291626,-33.14219284057617,78.6488265991211,,
1780510032.032465,22068.019874613,-11.737021446228027,-43.0286865234375,82.63824462890625,2.1985743045806885,-41.52302932739258,86.95559692382812,6.16058874130249,-37.3316764831543,79.97689819335938,-9.194929122924805,-29.530488967895508,75.7637710571289,,
1780510032.0530252,22068.040267746,-10.2543306350708,-44.712276458740234,81.78372955322266,3.033641815185547,-40.03093719482422,87.78370666503906,4.689896106719971,-38.66792297363281,82.27101135253906,-8.941482543945312,-26.972801208496094,73.92996978759766,,
1780510032.0724595,22068.059139167,-8.211740493774414,-45.52447509765625,81.07855987548828,3.3513023853302,-40.48706817626953,87.27044677734375,4.664151668548584,-39.70619583129883,83.39277648925781,-7.401528358459473,-25.976016998291016,73.27196502685547,,
1780510032.0931149,22068.080415601,-6.620767593383789,-46.429752349853516,79.7918930053711,3.299884557723999,-41.619956970214844,86.59965515136719,5.3782525062561035,-39.425533294677734,83.73230743408203,-6.301243782043457,-26.955381393432617,72.30400848388672,,
1780510032.113189,22068.100092079,-5.859526634216309,-47.236595153808594,78.70826721191406,2.300734043121338,-43.39994430541992,85.84553527832031,6.200616836547852,-37.834266662597656,83.67245483398438,-5.140139102935791,-29.108253479003906,71.55634307861328,,
1780510032.1330965,22068.119657257,-5.904448509216309,-47.330726623535156,78.71050262451172,0.023781972005963326,-46.4516716003418,84.83405303955078,6.695474147796631,-35.374027252197266,83.0884780883789,-3.496526002883911,-32.12321090698242,72.77324676513672,,
1780510032.1531298,22068.140362208,-6.396984100341797,-47.48648452758789,80.15825653076172,-3.3601152896881104,-50.012596130371094,83.18201446533203,7.522837162017822,-32.081764221191406,82.14240264892578,-1.4826658964157104,-36.346046447753906,75.9703140258789,,
1780510032.1725428,22068.159238388,-7.488890171051025,-47.0761604309082,82.44669342041016,-6.298130512237549,-52.14412307739258,80.62986755371094,9.174260139465332,-29.007312774658203,80.44523620605469,-0.43911775946617126,-40.780609130859375,79.01017761230469,,
1780510032.192451,22068.179391411,-8.148256301879883,-45.48653793334961,84.25288391113281,-6.956213474273682,-51.80385971069336,78.3860092163086,9.345566749572754,-28.701032638549805,78.253173828125,0.5737612843513489,-43.54926300048828,80.56858825683594,,
1780510032.2124677,22068.199251496,-7.024893283843994,-43.36738586425781,85.42276000976562,-6.680899620056152,-50.10797882080078,77.4979019165039,8.569734573364258,-28.72663116455078,76.76029205322266,1.7856734991073608,-44.95076370239258,81.44025421142578,,
1780510032.2324557,22068.219354459,-5.937920570373535,-41.01483917236328,85.78089904785156,-6.3727803230285645,-49.25432586669922,77.17311096191406,7.636720180511475,-28.2236385345459,76.04716491699219,1.6345421075820923,-45.04676055908203,81.94580841064453,,
1780510032.2524629,22068.239415021,-6.3746209144592285,-39.86178207397461,85.90192413330078,-5.646450042724609,-48.921566009521484,77.55158233642578,8.383587837219238,-28.920257568359375,75.67303466796875,-0.0883043110370636,-43.2747917175293,81.48187255859375,,
1780510032.2724268,22068.258753493,-7.4653778076171875,-39.461246490478516,85.56366729736328,-4.32045841217041,-47.61813735961914,78.69586181640625,9.383901596069336,-31.41585350036621,75.54440307617188,-2.0414376258850098,-40.382476806640625,81.0058822631836,,
1780510032.2924182,22068.278904577,-9.112577438354492,-39.953636169433594,85.0071792602539,-2.5032787322998047,-45.95610809326172,80.78060913085938,9.101085662841797,-33.93029022216797,75.81452178955078,-4.45274019241333,-36.531097412109375,80.29904174804688,,
1780510032.31276,22068.300437519,-11.16435432434082,-41.61503219604492,84.00633239746094,0.11483970284461975,-44.26203155517578,84.25940704345703,7.639894485473633,-35.687923431396484,77.4737319946289,-7.1638336181640625,-32.31857681274414,78.32305908203125,,
1780510032.3326206,22068.319214254,-11.425776481628418,-43.898338317871094,82.82193756103516,1.8878538608551025,-41.96711730957031,87.31292724609375,6.232216835021973,-36.895652770996094,79.93877410888672,-9.625922203063965,-29.029855728149414,75.4588394165039,,
1780510032.3525403,22068.339197605,-9.823929786682129,-45.43696594238281,81.94161224365234,2.801370143890381,-40.547813415527344,87.89415740966797,4.923198699951172,-38.353599548339844,82.15995788574219,-9.184248924255371,-26.675962448120117,73.70423889160156,,
1780510032.3724847,22068.359426025,-7.858304977416992,-46.21366882324219,81.18305206298828,3.200852870941162,-40.894527435302734,87.34595489501953,4.973359107971191,-39.491943359375,83.25872802734375,-7.649596691131592,-26.079132080078125,73.00111389160156,,
1780510032.392454,22068.379337641,-6.445736885070801,-47.17797088623047,80.01506042480469,3.2015693187713623,-41.84169006347656,86.62700653076172,5.86924409866333,-39.15739059448242,83.48004150390625,-6.598973751068115,-27.236703872680664,71.92822265625,,
1780510032.4125414,22068.402969549,-5.828575611114502,-47.94865798950195,78.97758483886719,2.147925853729248,-43.47921371459961,85.86450958251953,6.599534034729004,-37.48365783691406,83.3740463256836,-5.424440383911133,-29.489856719970703,71.25997924804688,,
1780510032.4324179,22068.419458504,-5.931365966796875,-47.90995788574219,79.03395080566406,-0.09389472007751465,-46.45451736450195,84.85784149169922,6.947409152984619,-34.9666862487793,82.77029418945312,-3.7683887481689453,-32.62307357788086,72.70545959472656,,
1780510032.4525025,22068.43926167,-6.461210250854492,-48.03586196899414,80.19481658935547,-3.3700547218322754,-49.84110641479492,83.1842269897461,7.7575578689575195,-31.70391082763672,81.88357543945312,-1.6084296703338623,-36.841278076171875,75.86621856689453,,
1780510032.4725416,22068.459745467,-7.509560585021973,-47.3872184753418,82.49144744873047,-6.236291885375977,-52.19475555419922,80.61368560791016,9.116727828979492,-28.71479034423828,80.18899536132812,-0.5591268539428711,-41.11967468261719,79.000732421875,,
1780510032.4924273,22068.479246918,-8.1585111618042,-45.66490173339844,84.24844360351562,-6.974708080291748,-52.03586959838867,78.43555450439453,9.186322212219238,-28.561546325683594,78.08296203613281,0.3772331178188324,-43.783287048339844,80.57755279541016,,
1780510032.5125082,22068.499683624,-6.947062969207764,-43.291969299316406,85.40983581542969,-6.929441452026367,-50.3212776184082,77.5079116821289,8.383184432983398,-28.502655029296875,76.63892364501953,1.6028906106948853,-45.04643630981445,81.55138397216797,,
1780510032.5324273,22068.518839966,-5.948515892028809,-40.8822021484375,85.70932006835938,-6.614011764526367,-49.31328201293945,77.08064270019531,7.5611252784729,-28.25857162475586,75.9979019165039,1.5749118328094482,-45.12302780151367,82.10198211669922,,
1780510032.5523283,22068.538887071,-6.418004512786865,-39.60740280151367,85.85185241699219,-5.527315139770508,-48.93840026855469,77.20580291748047,8.09130859375,-29.062360763549805,75.82659912109375,-0.05780559778213501,-43.44588851928711,81.72223663330078,,
1780510032.5724108,22068.559266008,-7.527041912078857,-39.12263870239258,85.5103759765625,-4.168208122253418,-47.6324577331543,78.34678649902344,9.107102394104004,-31.44571304321289,75.7220687866211,-2.0594773292541504,-40.46628952026367,81.21437072753906,,
1780510032.5925202,22068.579729993,-9.11057186126709,-39.48194122314453,85.01829528808594,-2.4155843257904053,-45.9229621887207,80.44259643554688,8.941994667053223,-33.951171875,75.87519836425781,-4.4704742431640625,-36.60995101928711,80.53263854980469,,
1780510032.612484,22068.59949544,-11.264975547790527,-40.997013092041016,84.02516174316406,0.2561660408973694,-44.3953971862793,83.79612731933594,7.468788146972656,-35.80423355102539,77.386474609375,-7.333495616912842,-32.59299850463867,78.5850830078125,,
1780510032.6325817,22068.619495407,-11.597180366516113,-43.37174987792969,82.81150817871094,2.1651766300201416,-42.068824768066406,86.99967193603516,6.2781829833984375,-37.118797302246094,79.92340850830078,-9.826483726501465,-29.087200164794922,75.61395263671875,,
1780510032.6524944,22068.641209099,-9.987817764282227,-44.922035217285156,81.96098327636719,3.128559112548828,-40.48381423950195,87.73168182373047,4.808374404907227,-38.541263580322266,82.171630859375,-9.46646499633789,-26.765464782714844,73.85652160644531,,
1780510032.672453,22068.659499178,-8.03160572052002,-45.650146484375,81.12904357910156,3.545030355453491,-40.79402542114258,87.19873809814453,4.782048225402832,-39.646236419677734,83.33946228027344,-7.8801188468933105,-26.1640567779541,73.16061401367188,,
1780510032.6924605,22068.680205361,-6.516994476318359,-46.60051345825195,79.8553237915039,3.5649328231811523,-41.77350616455078,86.5208969116211,5.588847637176514,-39.28260040283203,83.63461303710938,-6.781223773956299,-27.36918830871582,72.1012954711914,,
1780510032.712511,22068.699524809,-5.8690619468688965,-47.363037109375,78.6970443725586,2.604694128036499,-43.45955276489258,85.75926208496094,6.399464130401611,-37.74309539794922,83.59736633300781,-5.490253925323486,-29.602670669555664,71.46292114257812,,
1780510032.7325027,22068.718958408,-6.061209678649902,-47.37629318237305,78.74568176269531,0.2981579899787903,-46.482810974121094,84.7776870727539,6.847434043884277,-35.20586395263672,82.97454833984375,-3.8397223949432373,-32.739990234375,72.74740600585938,,
1780510032.7525203,22068.739136208,-6.566651344299316,-47.582542419433594,80.2165298461914,-3.172907590866089,-49.99845504760742,83.05828094482422,7.609442234039307,-31.819969177246094,82.07872772216797,-1.7528973817825317,-36.942100524902344,75.86431121826172,,
1780510032.7725008,22068.759175266,-7.644989967346191,-47.16340637207031,82.54354095458984,-6.20109224319458,-52.372154235839844,80.56778717041016,9.054064750671387,-28.73505973815918,80.42350769042969,-0.737845778465271,-41.090179443359375,79.06580352783203,,
1780510032.792494,22068.779581214,-8.32466983795166,-45.61796569824219,84.2923583984375,-6.976330757141113,-52.15542984008789,78.38849639892578,9.223097801208496,-28.500572204589844,78.25475311279297,0.14959070086479187,-43.69663619995117,80.63014221191406,,
1780510032.8125377,22068.799768934,-7.214642524719238,-43.357460021972656,85.46004486083984,-6.78726863861084,-50.336055755615234,77.37520599365234,8.407156944274902,-28.58066177368164,76.80057525634766,1.3699718713760376,-45.05146026611328,81.58951568603516,,
1780510032.8325264,22068.819315843,-6.181009769439697,-41.08912658691406,85.81483459472656,-6.524273872375488,-49.446434020996094,77.05154418945312,7.5580668449401855,-28.065032958984375,75.98908233642578,1.3287068605422974,-45.073448181152344,82.0613021850586,,
1780510032.852409,22068.838977401,-6.568792343139648,-39.984169006347656,85.99606323242188,-5.643306732177734,-49.08436965942383,77.34536743164062,8.27826976776123,-28.850753784179688,75.70790100097656,-0.2715785801410675,-43.25820541381836,81.62843322753906,,
1780510032.8723998,22068.858910789,-7.630021572113037,-39.41073226928711,85.60820007324219,-4.460562705993652,-47.7789421081543,78.4764175415039,9.250591278076172,-31.156837463378906,75.64723205566406,-2.361567735671997,-40.33973693847656,81.1734848022461,,
1780510032.8924203,22068.878961986,-9.208568572998047,-39.94339370727539,85.14567565917969,-2.665482521057129,-46.235111236572266,80.601318359375,9.155658721923828,-33.53573226928711,75.8245849609375,-4.765991687774658,-36.349029541015625,80.46633911132812,,
1780510032.9125252,22068.899284836,-11.164216995239258,-41.481136322021484,84.23094940185547,-0.12880702316761017,-44.720375061035156,83.85844421386719,7.641142845153809,-35.371177673339844,77.43486785888672,-7.514338493347168,-32.3145637512207,78.52622985839844,,
1780510032.9330308,22068.919326972,-11.357322692871094,-43.829139709472656,83.0162353515625,1.6789696216583252,-42.39027404785156,87.04251861572266,6.299510478973389,-36.84056854248047,80.01216888427734,-9.84367847442627,-28.8382568359375,75.56792449951172,,
1780510032.9524589,22068.939418614,-9.661825180053711,-45.417972564697266,82.26049041748047,2.565239906311035,-40.93989562988281,87.83854675292969,4.90230131149292,-38.30854797363281,82.17040252685547,-9.549198150634766,-26.46426773071289,73.73157501220703,,
1780510032.9724915,22068.95908711,-7.749131202697754,-46.2514762878418,81.48220825195312,3.0592310428619385,-41.0864143371582,87.3270034790039,5.000936508178711,-39.5333137512207,83.31443786621094,-7.944561004638672,-25.847497940063477,72.97718811035156,,
1780510032.992561,22068.980685073,-6.241567611694336,-47.124534606933594,80.45470428466797,3.0714988708496094,-42.008853912353516,86.63630676269531,5.805943012237549,-39.169288635253906,83.57077026367188,-7.0679240226745605,-27.083744049072266,71.95465087890625,,
1780510033.0124838,22068.999646214,-5.614025592803955,-47.920284271240234,79.401123046875,2.089543581008911,-43.548133850097656,85.91716766357422,6.596736907958984,-37.578514099121094,83.4335708618164,-5.8796281814575195,-29.191390991210938,71.27953338623047,,
1780510033.032444,22069.019438562,-5.778595924377441,-47.954593658447266,79.38591003417969,-0.014344891533255577,-46.32401657104492,85.00337219238281,7.044427871704102,-35.05295181274414,82.83606719970703,-4.377878665924072,-32.164981842041016,72.4561767578125,,
1780510033.0525222,22069.039453861,-6.238768577575684,-48.1549072265625,80.61943817138672,-3.2895774841308594,-49.75960159301758,83.31973266601562,7.660849571228027,-31.76510238647461,81.89476776123047,-2.1921119689941406,-36.16331481933594,75.41372680664062,,
1780510033.0724792,22069.059109536,-7.352540493011475,-47.69951629638672,82.79666900634766,-6.2904157638549805,-52.38430404663086,80.78793334960938,9.150030136108398,-28.540163040161133,80.33037567138672,-1.0094724893569946,-40.443153381347656,78.69206237792969,,
1780510033.0924394,22069.07890543,-8.163681030273438,-46.0100212097168,84.52867889404297,-7.243320941925049,-52.54619216918945,78.54811096191406,9.378255844116211,-28.145954132080078,78.22806549072266,-0.07113652676343918,-43.140079498291016,80.49674224853516,,
1780510033.1124315,22069.098935764,-7.130987167358398,-43.73004150390625,85.68292236328125,-7.31589412689209,-50.90623474121094,77.47783660888672,8.62743091583252,-28.21198844909668,76.67395782470703,1.1967389583587646,-44.56147384643555,81.50782775878906,,
1780510033.1324992,22069.120109197,-6.157785415649414,-41.440345764160156,86.08039855957031,-6.8541789054870605,-49.84977722167969,77.0234603881836,7.645138263702393,-27.884517669677734,75.96464538574219,1.3119696378707886,-44.73757553100586,82.16071319580078,,
1780510033.1524525,22069.139982076,-6.439455032348633,-40.185279846191406,86.14471435546875,-6.077793598175049,-49.53721237182617,77.09611511230469,8.108202934265137,-28.399322509765625,75.6485595703125,-0.15006373822689056,-43.07447052001953,81.8945083618164,,
1780510033.1724408,22069.15890096,-7.46174430847168,-39.68772888183594,85.9203872680664,-4.712076187133789,-48.34562301635742,78.12029266357422,9.243568420410156,-30.783641815185547,75.5541763305664,-2.107564687728882,-40.22910690307617,81.30883026123047,,
1780510033.1924865,22069.178975517,-8.851858139038086,-39.839115142822266,85.47552490234375,-3.1469063758850098,-46.590885162353516,80.14350128173828,9.073687553405762,-33.27166748046875,75.63899993896484,-4.450203895568848,-36.503990173339844,80.74524688720703,,
1780510033.213035,22069.200196022,-10.917170524597168,-41.273582458496094,84.5813217163086,-0.5228368639945984,-45.00641632080078,83.54672241210938,7.772225856781006,-35.300716400146484,77.02998352050781,-7.229597091674805,-32.377445220947266,78.87882995605469,,
1780510033.2329917,22069.220306499,-11.442278861999512,-43.57046890258789,83.39836883544922,1.5890774726867676,-42.5630989074707,86.94099426269531,6.383285045623779,-36.573673248291016,79.52938842773438,-10.034208297729492,-29.023941040039062,75.77981567382812,,
1780510033.253099,22069.240171449,-9.930990219116211,-45.29844665527344,82.50578308105469,2.676161527633667,-40.6572151184082,87.96807098388672,4.835097789764404,-38.24814987182617,81.96636962890625,-9.856505393981934,-26.755714416503906,73.7554931640625,,
1780510033.2724466,22069.259397372,-7.982809066772461,-45.91603469848633,81.6724624633789,3.3422906398773193,-40.676692962646484,87.49207305908203,4.538193702697754,-39.576385498046875,83.29906463623047,-8.288451194763184,-26.028079986572266,73.20750427246094,,
1780510033.2924495,22069.279499677,-6.498819351196289,-46.70265579223633,80.30323791503906,3.7192513942718506,-41.348533630371094,86.79045867919922,5.370141983032227,-39.529136657714844,83.66400909423828,-7.045506477355957,-27.09617805480957,72.26355743408203,,
1780510033.3132286,22069.29973179,-5.736486911773682,-47.49913024902344,79.04298400878906,2.9993512630462646,-42.78034210205078,86.02323150634766,6.1747050285339355,-38.12041473388672,83.62047576904297,-5.854922771453857,-29.257862091064453,71.26285552978516,,
1780510033.333545,22069.320370841,-5.757223129272461,-47.657936096191406,78.83882904052734,1.1212528944015503,-45.36897659301758,85.17032623291016,6.7677154541015625,-35.8508186340332,83.0587387084961,-4.434398651123047,-32.218650817871094,72.0890121459961,,
1780510033.3526857,22069.339681381,-6.337573528289795,-47.558753967285156,79.9144287109375,-2.0437633991241455,-48.97003173828125,83.6180648803711,7.228272914886475,-32.703128814697266,82.17987060546875,-2.3074393272399902,-36.19959259033203,74.8708724975586,,
1780510033.3726761,22069.35969279,-7.25406551361084,-47.198486328125,82.0635986328125,-5.601789474487305,-51.838478088378906,81.00848388671875,8.692482948303223,-29.248252868652344,80.59993743896484,-0.8414163589477539,-40.81141662597656,78.40147399902344,,
1780510033.3931901,22069.380096999,-8.343189239501953,-45.70130920410156,83.99300384521484,-6.679098129272461,-52.32241439819336,78.58303833007812,9.049802780151367,-28.62774658203125,78.68607330322266,-0.016483381390571594,-43.68647384643555,80.431640625,,
1780510033.4130003,22069.399817814,-7.394357681274414,-43.40276336669922,85.25578308105469,-6.598400115966797,-50.50107955932617,77.33187103271484,8.27945613861084,-29.000699996948242,77.00787353515625,1.386382818222046,-45.33502960205078,81.53321838378906,,
1780510033.432616,22069.4191555,-6.137237071990967,-40.93002700805664,85.73307800292969,-6.113809585571289,-49.24186706542969,76.8206787109375,7.232210636138916,-28.685056686401367,76.18360900878906,1.8079254627227783,-45.67141342163086,82.2018814086914,,
1780510033.4529884,22069.439775038,-6.185488700866699,-39.531681060791016,85.87947845458984,-5.414496898651123,-48.90847396850586,76.94120788574219,7.517492294311523,-28.967294692993164,75.7903060913086,0.4933812618255615,-44.10676956176758,81.91246032714844,,
1780510033.472711,22069.45982,-7.3067946434021,-38.74039077758789,85.51624298095703,-4.100950717926025,-47.77760314941406,77.95877838134766,8.609269142150879,-31.336156845092773,75.7229232788086,-1.6157751083374023,-41.39147186279297,81.37393188476562,,
1780510033.4930394,22069.479644589,-9.0444917678833,-39.01056671142578,84.92081451416016,-2.181342601776123,-45.92502212524414,79.98658752441406,8.704648971557617,-34.11232376098633,76.04116821289062,-4.071805477142334,-37.359703063964844,80.68643951416016,,
1780510033.5130112,22069.499987644,-11.258772850036621,-40.31789779663086,83.87969207763672,0.6301297545433044,-44.12961196899414,83.42035675048828,7.237353801727295,-36.268165588378906,77.4612808227539,-6.91609001159668,-33.088897705078125,78.88206481933594,,
1780510033.5331366,22069.519719873,-11.78052043914795,-42.593936920166016,82.75360107421875,2.728128671646118,-41.74094009399414,86.64795684814453,5.974765777587891,-37.65419006347656,79.93497467041016,-9.570039749145508,-29.611064910888672,75.8171615600586,,
1780510033.5525818,22069.539673626,-10.261223793029785,-44.26055908203125,81.9189682006836,3.7171413898468018,-40.06513214111328,87.40088653564453,4.5544867515563965,-39.12681579589844,82.23861694335938,-9.311436653137207,-27.384931564331055,73.83470916748047,,
1780510033.5723867,22069.559678854,-8.349087715148926,-45.165443420410156,81.14197540283203,4.1412787437438965,-40.2342529296875,86.91593170166016,4.619884967803955,-40.22895431518555,83.37237548828125,-7.709658145904541,-26.472824096679688,73.2218017578125,,
1780510033.5924919,22069.57945388,-6.674117088317871,-46.159732818603516,79.96873474121094,4.110311508178711,-41.35292434692383,86.28547668457031,5.509920597076416,-39.93022155761719,83.63751220703125,-6.61072301864624,-27.47416114807129,72.2376708984375,,
1780510033.6124766,22069.59923705,-5.864652156829834,-47.24103927612305,78.8971939086914,3.0539424419403076,-42.94879913330078,85.58290100097656,6.4397292137146,-38.41960525512695,83.51190185546875,-5.398880958557129,-29.52414321899414,71.25886535644531,,
1780510033.6325607,22069.619109748,-5.943027019500732,-47.28786849975586,78.75365447998047,0.8805810213088989,-45.84737014770508,84.73857116699219,6.808488368988037,-35.90885925292969,83.07268524169922,-3.980747699737549,-32.488739013671875,72.29205322265625,,
1780510033.6525578,22069.63926041,-6.226772308349609,-47.180171966552734,79.93843841552734,-2.392104387283325,-49.956031799316406,83.37104034423828,7.012627601623535,-32.778175354003906,82.3430404663086,-2.1721293926239014,-35.894996643066406,75.44770812988281,,
1780510033.672308,22069.659305224,-7.325401782989502,-47.10849380493164,82.16242980957031,-5.707309246063232,-52.32544708251953,80.85546875,8.688965797424316,-29.426054000854492,80.72675323486328,-0.8464672565460205,-40.319374084472656,78.67797088623047,,
1780510033.692383,22069.679262623,-8.321002960205078,-45.64979553222656,83.92184448242188,-6.856259346008301,-52.263423919677734,78.4405517578125,8.984391212463379,-28.97122573852539,78.69542694091797,0.09452266991138458,-43.31919479370117,80.55535125732422,,
1780510033.7126055,22069.6995187,-7.4682297706604,-43.46240234375,85.24021911621094,-6.598834037780762,-50.51820373535156,77.29479217529297,8.378813743591309,-29.125574111938477,77.22701263427734,1.4475913047790527,-44.8320198059082,81.50399780273438,,
1780510033.7324753,22069.719334735,-6.184413909912109,-41.13641357421875,85.6981201171875,-6.399477005004883,-49.39939880371094,76.91537475585938,7.338927268981934,-28.540132522583008,76.39363861083984,1.6475350856781006,-45.08423614501953,82.10720825195312,,
1780510033.7523656,22069.738880699,-6.411835193634033,-39.9388427734375,85.96492004394531,-5.543210029602051,-49.240386962890625,77.02085876464844,7.883060932159424,-28.96578598022461,76.06198120117188,0.08924229443073273,-43.47620391845703,81.66545867919922,,
1780510033.772499,22069.759336364,-7.3333024978637695,-39.25191879272461,85.603515625,-4.527154922485352,-48.08924865722656,78.04179382324219,8.893767356872559,-30.986371994018555,75.96739959716797,-1.8371559381484985,-40.83890151977539,81.2885971069336,,
1780510033.792641,22069.779653546,-8.860925674438477,-39.76847839355469,85.12688446044922,-2.8298749923706055,-46.46663284301758,79.96942138671875,9.25190258026123,-33.46617126464844,76.18376922607422,-4.150880336761475,-36.97489929199219,80.5304183959961,,
1780510033.8124142,22069.799440186,-10.795586585998535,-41.05551528930664,84.37278747558594,-0.5088926553726196,-45.02033996582031,83.0874252319336,7.868038177490234,-35.240936279296875,77.17887115478516,-6.877892971038818,-33.11167907714844,78.94686126708984,,
1780510033.8325832,22069.819179063,-11.477499961853027,-43.29977798461914,83.15287017822266,1.6115931272506714,-42.88593292236328,86.50616455078125,6.682597637176514,-36.545780181884766,79.64091491699219,-9.541437149047852,-29.666818618774414,76.00179290771484,,
1780510033.8531606,22069.839732939,-9.916067123413086,-45.19132614135742,82.37887573242188,2.547154188156128,-41.16642379760742,87.71366119384766,5.161227703094482,-37.87604522705078,81.84734344482422,-9.752007484436035,-27.039405822753906,73.89777374267578,,
1780510033.872244,22069.858827006,-8.118228912353516,-46.05604553222656,81.4708023071289,3.073178768157959,-41.04142379760742,87.37751770019531,4.924887180328369,-39.22157287597656,83.19392395019531,-8.182823181152344,-25.999534606933594,73.20624542236328,,
1780510033.8924828,22069.879075778,-6.604013442993164,-46.877777099609375,80.32829284667969,3.2088656425476074,-41.761924743652344,86.7718276977539,5.583224296569824,-39.152225494384766,83.61550903320312,-7.0474958419799805,-26.947509765625,72.2297592163086,,
1780510033.9123526,22069.899306765,-5.724728584289551,-47.725128173828125,79.20126342773438,2.491968870162964,-43.16779708862305,85.99828338623047,6.3601250648498535,-37.786624908447266,83.54903411865234,-5.851475238800049,-28.99119758605957,71.35188293457031,,
1780510033.9325635,22069.919706155,-5.6882452964782715,-47.85551452636719,79.03189086914062,0.5810873508453369,-45.799644470214844,85.16685485839844,6.9324631690979,-35.43632888793945,82.98139190673828,-4.426568984985352,-31.890811920166016,72.27600860595703,,
1780510033.952508,22069.941342434,-6.171302795410156,-47.95307922363281,80.15326690673828,-2.5653960704803467,-49.302791595458984,83.65625,7.5253777503967285,-32.266414642333984,82.02859497070312,-2.323371171951294,-35.740753173828125,74.98998260498047,,
1780510033.9723425,22069.958877781,-7.2664408683776855,-47.656368255615234,82.32166290283203,-5.883275032043457,-52.09248352050781,81.11678314208984,8.978230476379395,-28.922760009765625,80.57218933105469,-0.9922777414321899,-40.235313415527344,78.38945770263672,,
1780510033.9926355,22069.979215039,-8.304757118225098,-46.11023712158203,84.16220092773438,-7.097198963165283,-52.589210510253906,78.78318786621094,9.406085968017578,-28.19881248474121,78.47848510742188,-0.197256937623024,-43.094139099121094,80.33646392822266,,
1780510034.0125587,22069.999436555,-7.409780025482178,-43.96610641479492,85.47809600830078,-7.066737651824951,-50.957496643066406,77.54412078857422,8.747291564941406,-28.42098617553711,76.82308197021484,1.1640149354934692,-44.667213439941406,81.35926055908203,,
1780510034.0324843,22070.019420446,-6.251258373260498,-41.544612884521484,85.90990447998047,-6.675410747528076,-49.74872970581055,77.12619018554688,7.628752708435059,-28.13275718688965,75.94082641601562,1.5032416582107544,-45.089324951171875,82.06825256347656,,
1780510034.0526402,22070.041023197,-6.2673163414001465,-40.07432174682617,86.01976776123047,-6.021416187286377,-49.35715866088867,77.18006896972656,7.930904865264893,-28.625947952270508,75.47374725341797,0.27294614911079407,-43.62974548339844,81.84368133544922,,
1780510034.0723991,22070.05949019,-7.231468677520752,-39.159454345703125,85.72914123535156,-4.682507038116455,-48.162593841552734,78.13285827636719,8.939745903015137,-30.90216064453125,75.44251251220703,-1.6966437101364136,-41.04458236694336,81.33927917480469,,
1780510034.092356,22070.079011524,-8.740631103515625,-39.44136428833008,85.2806167602539,-2.8390004634857178,-46.26620864868164,80.25182342529297,9.002421379089355,-33.57638931274414,75.64229583740234,-4.001218795776367,-37.120182037353516,80.69416809082031,,
1780510034.112358,22070.09923722,-11.06220531463623,-40.75120162963867,84.21524810791016,-0.05559432506561279,-44.5188102722168,83.45083618164062,7.522123336791992,-35.84550476074219,77.0103759765625,-6.872096538543701,-32.92949676513672,78.87352752685547,,
1780510034.13232,22070.119287883,-11.759265899658203,-43.123497009277344,82.83040618896484,2.2036731243133545,-41.950340270996094,86.94371795654297,6.2204084396362305,-37.375484466552734,79.71402740478516,-9.511033058166504,-29.32490348815918,75.82080841064453,,
1780510034.1523821,22070.139339324,-10.212145805358887,-44.75648880004883,82.13458251953125,3.256368637084961,-40.238380432128906,87.85540771484375,4.6535420417785645,-38.860023498535156,81.990966796875,-9.439497947692871,-26.927675247192383,73.96702575683594,,
1780510034.1723802,22070.158958489,-8.319655418395996,-45.59049987792969,81.27114868164062,3.7788422107696533,-40.388954162597656,87.22341918945312,4.688200950622559,-40.2158317565918,83.22344970703125,-7.6059417724609375,-25.954496383666992,73.37211608886719,,
1780510034.1925187,22070.179504696,-6.876712799072266,-46.694602966308594,80.0424575805664,3.8643386363983154,-41.18844223022461,86.5844955444336,5.5694355964660645,-39.97850036621094,83.53792572021484,-6.560344696044922,-27.02827262878418,72.13933563232422,,
1780510034.2124906,22070.199971902,-5.986886978149414,-47.6004753112793,78.8386001586914,3.025641441345215,-42.641605377197266,85.83194732666016,6.3544721603393555,-38.609046936035156,83.49372863769531,-5.334534168243408,-29.14817237854004,71.2352066040039,,
1780510034.2324116,22070.219395593,-6.016001224517822,-47.63419723510742,78.56098175048828,1.1175298690795898,-45.4262809753418,85.02951049804688,6.858181476593018,-36.28330993652344,83.02835083007812,-4.00449275970459,-32.0074577331543,72.0954360961914,,
1780510034.2523358,22070.23946227,-6.504985809326172,-47.664085388183594,79.36447143554688,-1.92500901222229,-48.89813232421875,83.5766830444336,7.309145927429199,-33.051692962646484,82.27278900146484,-1.8592052459716797,-35.840850830078125,74.6696548461914,,
1780510034.2724755,22070.259067437,-7.274230003356934,-47.44078826904297,81.57191467285156,-5.298095226287842,-51.641075134277344,81.3028793334961,8.665310859680176,-29.763351440429688,80.79273223876953,-0.5141618251800537,-40.456241607666016,78.12541198730469,,
1780510034.2924378,22070.279363793,-8.222999572753906,-45.879112243652344,83.4771728515625,-6.63830041885376,-51.96761703491211,78.90193939208984,9.16010856628418,-29.0233097076416,78.69064331054688,0.32330983877182007,-43.52595138549805,80.21054077148438,,
1780510034.312468,22070.299080885,-7.40183162689209,-43.58070755004883,84.88440704345703,-6.5753021240234375,-50.25419616699219,77.58055877685547,8.556923866271973,-29.349538803100586,77.11234283447266,1.654982566833496,-45.21546173095703,81.19237518310547,,
1780510034.3325424,22070.320056492,-6.044511318206787,-40.84630584716797,85.38774108886719,-6.356822490692139,-48.91893768310547,77.13274383544922,7.39020299911499,-29.111366271972656,76.31649017333984,2.0478930473327637,-45.782901763916016,81.92230987548828,,
1780510034.3538945,22070.341210544,-6.084996223449707,-39.28650665283203,85.63298034667969,-5.552425861358643,-48.606903076171875,77.07070922851562,7.484442710876465,-29.42485809326172,75.94889831542969,0.7773879170417786,-44.46048355102539,81.70611572265625,,
1780510034.372542,22070.359079947,-7.056217193603516,-38.34742736816406,85.33104705810547,-4.3717169761657715,-47.4135856628418,77.99312591552734,8.466451644897461,-31.598539352416992,75.88610076904297,-1.177384614944458,-41.93688201904297,81.3147964477539,,
1780510034.392564,22070.379017957,-8.800149917602539,-38.81857681274414,84.86247253417969,-2.346433401107788,-45.52922439575195,80.16796875,8.861159324645996,-34.250587463378906,76.01542663574219,-3.5768465995788574,-37.758785247802734,80.55577087402344,,
1780510034.4125588,22070.399161675,-11.123744010925293,-40.16905975341797,83.71479797363281,0.38048309087753296,-43.708675384521484,83.49208068847656,7.379421710968018,-36.42204284667969,77.46588134765625,-6.3990044593811035,-33.28647994995117,78.83611297607422,,
1780510034.4324598,22070.419089412,-11.811262130737305,-42.62373352050781,82.6253662109375,2.6061081886291504,-41.406646728515625,86.910888671875,6.038105487823486,-37.74130630493164,80.0316162109375,-9.206221580505371,-29.518888473510742,75.82881927490234,,
1780510034.4531448,22070.44038459,-10.218505859375,-44.31550598144531,81.90082550048828,3.5746383666992188,-39.811851501464844,87.679931640625,4.513651371002197,-39.123714447021484,82.225341796875,-8.956473350524902,-26.919200897216797,74.1556396484375,,
1780510034.4730203,22070.460387123,-8.364208221435547,-45.080535888671875,81.0003890991211,3.875869035720825,-40.1937255859375,87.1058349609375,4.476269721984863,-40.24464416503906,83.43016815185547,-7.365456581115723,-26.05240249633789,73.44666290283203,,
1780510034.492514,22070.479566967,-6.793107032775879,-46.052894592285156,79.63211822509766,3.9209024906158447,-41.18567657470703,86.51575469970703,5.259078502655029,-39.91099166870117,83.78412628173828,-6.167764186859131,-27.147781372070312,72.35018157958984,,
1780510034.5125227,22070.499439052,-5.940860748291016,-46.869850158691406,78.48609924316406,2.9733383655548096,-43.00462341308594,85.7291488647461,6.157254695892334,-38.445159912109375,83.70995330810547,-5.043452739715576,-29.297155380249023,71.51768493652344,,
1780510034.5323777,22070.519196607,-6.023530960083008,-46.97539138793945,78.36984252929688,0.8220535516738892,-46.069087982177734,84.78453826904297,6.7425217628479,-36.05880355834961,83.14250183105469,-3.495326042175293,-32.26504898071289,72.57485961914062,,
1780510034.5525005,22070.539150073,-6.575943470001221,-47.07955551147461,79.69111633300781,-2.555365800857544,-49.67841720581055,83.20360565185547,7.375518321990967,-32.69902801513672,82.26826477050781,-1.428889274597168,-36.455543518066406,75.53546905517578,,
1780510034.572478,22070.562941272,-7.5023651123046875,-46.80140686035156,82.0478286743164,-5.720016002655029,-51.985801696777344,80.76614379882812,8.947822570800781,-29.4389591217041,80.64820861816406,-0.2934395372867584,-40.9289665222168,78.74540710449219,,
1780510034.592577,22070.579645242,-8.238157272338867,-45.421634674072266,83.83642578125,-6.742090225219727,-51.78498077392578,78.629150390625,9.250675201416016,-28.970195770263672,78.50435638427734,0.597529411315918,-43.70320129394531,80.45870208740234,,
1780510034.6125488,22070.59941294,-7.215147018432617,-43.212162017822266,85.138671875,-6.442309856414795,-50.03718948364258,77.5057373046875,8.469277381896973,-29.179439544677734,76.9683609008789,1.8287270069122314,-45.28718185424805,81.3425064086914,,
1780510034.6325493,22070.619033547,-6.021732807159424,-40.91212844848633,85.54460144042969,-6.2010393142700195,-49.02546310424805,77.12366485595703,7.464081764221191,-28.687580108642578,76.22118377685547,1.898618459701538,-45.462791442871094,81.86925506591797,,
1780510034.6524763,22070.638855311,-6.219335556030273,-39.56071853637695,85.70880889892578,-5.481104373931885,-48.62742233276367,77.4334945678711,7.925321102142334,-29.322582244873047,75.85272979736328,0.4063331186771393,-43.9203987121582,81.50335693359375,,
1780510034.6726327,22070.659157112,-7.208410739898682,-38.96923065185547,85.35446166992188,-4.203074932098389,-47.28848648071289,78.50580596923828,8.954553604125977,-31.73952865600586,75.8433837890625,-1.487931728363037,-41.115699768066406,81.07221221923828,,
1780510034.6924703,22070.679423237,-8.997246742248535,-39.54023742675781,84.74722290039062,-2.1735527515411377,-45.474117279052734,80.76080322265625,8.907864570617676,-34.41294860839844,76.13262176513672,-3.885894298553467,-36.995574951171875,80.29344940185547,,
1780510034.7121434,22070.699227604,-11.290445327758789,-41.09194564819336,83.58476257324219,0.5169839262962341,-43.699832916259766,84.22413635253906,7.328046798706055,-36.29702377319336,77.77064514160156,-6.772137641906738,-32.66934585571289,78.32555389404297,,
1780510034.7325356,22070.719313463,-11.448742866516113,-43.63261795043945,82.44451141357422,2.3126795291900635,-41.41363525390625,87.22626495361328,6.057416915893555,-37.60849380493164,80.26142883300781,-8.99155044555664,-28.93760108947754,75.3775863647461,,
1780510034.7523248,22070.738956152,-9.80091667175293,-45.18318557739258,81.67829132080078,3.100569009780884,-40.06385040283203,87.75896453857422,4.69309663772583,-38.98697280883789,82.3709487915039,-8.445175170898438,-26.478988647460938,73.85345458984375,,
1780510034.7724545,22070.758946806,-7.955648899078369,-46.023311614990234,80.90804290771484,3.388536214828491,-40.64634704589844,87.14888763427734,4.950964450836182,-40.1088981628418,83.31380462646484,-6.975099086761475,-25.84447479248047,73.16152954101562,,
1780510034.792547,22070.779810572,-6.471498489379883,-47.022186279296875,79.69705200195312,3.287644624710083,-41.688106536865234,86.43168640136719,5.727280616760254,-39.609031677246094,83.54967498779297,-5.9166717529296875,-27.092086791992188,72.00930786132812,,
1780510034.8126073,22070.799886588,-5.8316192626953125,-47.69706344604492,78.6684341430664,2.1516990661621094,-43.46441650390625,85.7223129272461,6.3653364181518555,-37.921993255615234,83.4668960571289,-4.734769821166992,-29.35671615600586,71.45062255859375,,
1780510034.8325334,22070.819519182,-6.128750324249268,-47.658023834228516,78.595458984375,-0.07367052882909775,-46.52266311645508,84.82428741455078,6.8062968254089355,-35.45602798461914,82.86302947998047,-3.0712506771087646,-32.34679412841797,72.80104064941406,,
1780510034.8525732,22070.839167207,-6.553737163543701,-47.737091064453125,79.90672302246094,-3.462230920791626,-49.984840393066406,83.08982849121094,7.5261359214782715,-32.13172912597656,81.88384246826172,-0.9966009855270386,-36.62529754638672,75.8244857788086,,
1780510034.8725421,22070.859287793,-7.466002941131592,-47.20175552368164,82.17721557617188,-6.249200820922852,-51.90468978881836,80.61660766601562,9.058402061462402,-29.2684268951416,80.23043060302734,0.05036282539367676,-41.121368408203125,78.8592758178711,,
1780510034.8925567,22070.879465263,-8.052955627441406,-45.4085693359375,83.96211242675781,-6.797914505004883,-51.45652770996094,78.49579620361328,9.168539047241211,-29.187597274780273,78.09193420410156,1.0240626335144043,-43.95984649658203,80.42243194580078,,
1780510034.9122932,22070.899250899,-6.707597732543945,-43.093379974365234,85.18263244628906,-6.537755966186523,-49.62395477294922,77.58061218261719,8.462822914123535,-29.24771499633789,76.66544342041016,2.2999722957611084,-45.20627212524414,81.25047302246094,,
1780510034.9323447,22070.9197821,-5.55320405960083,-40.53423309326172,85.52157592773438,-6.203049182891846,-48.6783447265625,77.2394790649414,7.548037052154541,-28.94013786315918,76.11589813232422,2.1721253395080566,-45.25307846069336,81.75741577148438,,
1780510034.9523711,22070.939422704,-6.091564655303955,-39.236446380615234,85.62051391601562,-5.295461654663086,-48.33302307128906,77.58663940429688,7.9864325523376465,-29.78986930847168,75.8339614868164,0.3604711890220642,-43.61724853515625,81.35530853271484,,
1780510034.9725518,22070.959036847,-7.28764009475708,-38.728668212890625,85.266357421875,-3.835662603378296,-46.80772018432617,78.81854248046875,8.85765552520752,-32.50484085083008,75.71023559570312,-1.5968918800354004,-40.70262908935547,80.91778564453125,,
1780510034.9923046,22070.978980609,-9.216928482055664,-39.27656173706055,84.55216979980469,-1.8526068925857544,-44.933258056640625,81.12789916992188,8.538163185119629,-35.097965240478516,76.07925415039062,-4.057122230529785,-36.51803970336914,80.12529754638672,,
1780510035.0125518,22070.999395253,-11.487764358520508,-41.21489715576172,83.36421966552734,0.9694948792457581,-42.994789123535156,84.97859954833984,7.135124206542969,-36.777645111083984,77.9896011352539,-6.89654541015625,-32.00297546386719,77.92305755615234,,
1780510035.0324657,22071.019283208,-11.355598449707031,-43.563018798828125,82.4060287475586,2.728705406188965,-40.67597198486328,87.55681610107422,5.582458972930908,-37.98548126220703,80.56607055664062,-9.092838287353516,-28.76224708557129,75.10213470458984,,
1780510035.0525906,22071.03930143,-9.718255996704102,-45.008853912353516,81.45294189453125,3.385430335998535,-39.6547737121582,87.70340728759766,4.465983867645264,-39.35300827026367,82.61746215820312,-8.016617774963379,-26.34380531311035,73.731201171875,,
1780510035.0724742,22071.058871681,-7.791319847106934,-45.77924728393555,80.6182632446289,3.650839328765869,-40.38312530517578,87.12648010253906,4.844337463378906,-40.12245559692383,83.43220520019531,-6.659295082092285,-26.06946563720703,73.10930633544922,,
1780510035.09307,22071.079739977,-6.348004341125488,-46.772483825683594,79.20586395263672,3.4490838050842285,-41.61013412475586,86.34898376464844,5.709685802459717,-39.525760650634766,83.58535766601562,-5.437721252441406,-27.42302703857422,72.02893829345703,,
1780510035.1130714,22071.09972373,-5.894906520843506,-47.31468200683594,78.12516021728516,2.234988212585449,-43.710636138916016,85.58661651611328,6.375269889831543,-37.67592239379883,83.48697662353516,-4.219107627868652,-29.9760799407959,71.67631530761719,,
1780510035.1328619,22071.119877676,-6.390817165374756,-47.29792404174805,78.2683334350586,-0.19358345866203308,-46.94680404663086,84.54756927490234,6.8201823234558105,-35.113826751708984,82.86885833740234,-2.371333360671997,-33.28108215332031,73.20806121826172,,
1780510035.1532223,22071.140017662,-6.797098159790039,-47.37589645385742,80.02892303466797,-3.83852481842041,-50.240386962890625,82.594970703125,7.825007915496826,-31.72041893005371,81.75302124023438,-0.426035612821579,-37.94560623168945,76.5249252319336,,
1780510035.1729102,22071.159455465,-7.830024719238281,-46.585205078125,82.38873291015625,-6.280160427093506,-51.87749481201172,80.15245056152344,9.177525520324707,-29.15615463256836,79.90574645996094,0.32976922392845154,-42.07854461669922,79.33982849121094,,
1780510035.1932337,22071.179738007,-7.928449630737305,-44.622764587402344,84.12637329101562,-6.491719722747803,-50.8419303894043,78.15383911132812,9.05599594116211,-29.345712661743164,77.89723205566406,1.432051658630371,-44.6307258605957,80.65570068359375,,
1780510035.2132325,22071.199812267,-6.482930660247803,-42.493072509765625,85.18806457519531,-6.207756042480469,-49.149314880371094,77.50508117675781,8.279825210571289,-29.143203735351562,76.50054931640625,2.5167202949523926,-45.58710479736328,81.36909484863281,,
1780510035.2329032,22071.21993696,-5.528751850128174,-39.96327590942383,85.43708801269531,-5.783172607421875,-48.35781478881836,77.25471496582031,7.560760021209717,-29.017379760742188,76.04090881347656,2.092837333679199,-45.47184371948242,81.71886444091797,,
1780510035.2531574,22071.240148733,-6.182578086853027,-38.923587799072266,85.43052673339844,-4.948361396789551,-47.8349723815918,77.90132141113281,8.314544677734375,-30.172927856445312,75.69711303710938,0.2546791434288025,-43.42323303222656,81.25529479980469,,
1780510035.2725458,22071.25931989,-7.6257643699646,-38.645713806152344,84.96551513671875,-3.3967106342315674,-46.30815887451172,79.16023254394531,9.06852912902832,-32.901100158691406,75.72997283935547,-1.9421640634536743,-40.19444274902344,80.75767517089844,,
1780510035.2924647,22071.278989804,-9.818778991699219,-39.588966369628906,84.11282348632812,-1.161478877067566,-44.53709030151367,81.77825927734375,8.488499641418457,-35.462528228759766,76.39665222167969,-4.580393314361572,-35.79212951660156,79.74537658691406,,
1780510035.3125498,22071.299353174,-11.709463119506836,-41.64944839477539,82.97787475585938,1.5600167512893677,-42.60637664794922,85.61467742919922,6.984055042266846,-36.97224044799805,78.55274200439453,-7.430586814880371,-31.442960739135742,77.38709259033203,,
1780510035.3333695,22071.319943345,-11.06058406829834,-43.965824127197266,82.08683013916016,2.86897611618042,-40.5025634765625,87.67770385742188,5.500815391540527,-38.265159606933594,80.9928970336914,-8.847822189331055,-28.166500091552734,74.73990631103516,,
1780510035.3530881,22071.339787625,-9.443934440612793,-45.24767303466797,81.06974792480469,3.3270649909973145,-39.813011169433594,87.59442901611328,4.654004096984863,-39.5316276550293,82.81756591796875,-7.510082244873047,-26.076295852661133,73.58312225341797,,
1780510035.372891,22071.359962197,-7.508722305297852,-46.08887481689453,80.30281829833984,3.5179836750030518,-40.73788070678711,86.96781158447266,5.194853782653809,-40.04698181152344,83.4854507446289,-6.357736587524414,-26.21097183227539,72.80924224853516,,
1780510035.3928137,22071.379500844,-6.157165050506592,-47.09016799926758,79.06363677978516,3.0924713611602783,-42.09927749633789,86.17435455322266,6.078890323638916,-39.147499084472656,83.53125762939453,-5.27394437789917,-27.78620147705078,71.7340087890625,,
1780510035.4125369,22071.399540748,-5.838263988494873,-47.609371185302734,78.34439849853516,1.5225505828857422,-44.33873748779297,85.4215087890625,6.680332660675049,-37.1717414855957,83.30363464355469,-3.916053056716919,-30.32210922241211,71.75994110107422,,
1780510035.4325032,22071.419848761,-6.477175712585449,-47.529415130615234,78.62427520751953,-1.0616377592086792,-47.672584533691406,84.38798522949219,7.0487494468688965,-34.31489562988281,82.61920928955078,-2.0192885398864746,-33.77609634399414,73.71574401855469,,
1780510035.4525254,22071.439290408,-6.857777118682861,-47.60489273071289,80.67501831054688,-4.574627876281738,-50.79739761352539,82.280029296875,8.368953704833984,-30.943878173828125,81.34977722167969,-0.35043683648109436,-38.44609832763672,77.14361572265625,,
1780510035.4725447,22071.459620729,-7.8710527420043945,-46.46521759033203,82.7701416015625,-6.611352920532227,-51.88039016723633,79.70775604248047,9.49244499206543,-29.04258155822754,79.33950805664062,0.4684164524078369,-42.27070617675781,79.65022277832031,,
1780510035.4930444,22071.480432534,-7.602221488952637,-44.44586181640625,84.43656921386719,-6.693740367889404,-50.64947509765625,78.08087921142578,9.173609733581543,-29.281951904296875,77.359375,1.6856216192245483,-44.63570785522461,80.66897583007812,,
1780510035.513211,22071.500054089,-6.124687194824219,-41.82075500488281,85.24922943115234,-6.490935802459717,-48.995399475097656,77.51394653320312,8.102033615112305,-29.06086540222168,76.4207534790039,2.572373867034912,-45.61128234863281,81.4966049194336,,
1780510035.5330815,22071.520256549,-5.530153751373291,-39.84202194213867,85.56542205810547,-6.042614936828613,-48.449981689453125,77.4135971069336,7.662461280822754,-28.906085968017578,75.83631134033203,1.7852786779403687,-45.01559829711914,81.6281967163086,,
1780510035.5530381,22071.540621201,-6.358627796173096,-38.89068603515625,85.4609375,-4.96203088760376,-47.65052795410156,78.0252456665039,8.528481483459473,-30.647977828979492,75.73606872558594,-0.04455620422959328,-42.87964630126953,81.20836639404297,,
1780510035.5731845,22071.559616067,-7.919529438018799,-38.884525299072266,84.99698638916016,-3.213423013687134,-45.904869079589844,79.7331771850586,9.149466514587402,-33.392433166503906,75.83036041259766,-2.3414790630340576,-39.32045364379883,80.60394287109375,,
1780510035.5931659,22071.579872814,-10.215727806091309,-39.91691207885742,84.0704574584961,-0.871918797492981,-44.115421295166016,82.68135833740234,8.250523567199707,-35.74798583984375,76.55330657958984,-5.049794673919678,-34.78297805786133,79.41133117675781,,
1780510035.6130226,22071.599886868,-11.865633010864258,-42.276763916015625,82.78609466552734,1.8144975900650024,-42.002906799316406,86.4592514038086,6.790256977081299,-37.10830307006836,78.99554443359375,-8.07998275756836,-30.519651412963867,76.6502914428711,,
1780510035.632632,22071.619300182,-10.78235149383545,-44.30866622924805,81.98794555664062,3.002695083618164,-39.98554229736328,87.97135162353516,5.117499828338623,-38.546260833740234,81.48091888427734,-8.84325885772705,-27.60950469970703,74.38310241699219,,
1780510035.6523786,22071.640225293,-9.007823944091797,-45.18400955200195,81.10526275634766,3.4861772060394287,-39.796478271484375,87.5696792602539,4.4988861083984375,-39.75236892700195,83.05043029785156,-7.3474273681640625,-25.99529266357422,73.60194396972656,,
1780510035.6724608,22071.659499668,-7.257297992706299,-46.04792785644531,79.99395751953125,3.5963199138641357,-40.861148834228516,86.97540283203125,5.161896228790283,-39.90483856201172,83.52827453613281,-6.132281303405762,-26.440460205078125,72.70127868652344,,
1780510035.6932843,22071.681329014,-6.254237651824951,-47.09529113769531,78.54723358154297,3.0601749420166016,-42.26820373535156,86.21387481689453,6.116950511932373,-38.79939651489258,83.57686614990234,-4.907469749450684,-28.251192092895508,71.63093566894531,,
1780510035.7132657,22071.700783776,-6.063436985015869,-47.393310546875,77.99736022949219,1.4020028114318848,-44.811058044433594,85.3367919921875,6.777933597564697,-36.6922607421875,83.20198059082031,-3.586125135421753,-31.200546264648438,72.1233901977539,,
1780510035.7330096,22071.719723587,-6.6248555183410645,-47.375980377197266,78.58695220947266,-1.4660097360610962,-48.36741256713867,83.97246551513672,7.270118236541748,-33.70590591430664,82.45914459228516,-1.444352626800537,-35.07077407836914,74.54813385009766,,
1780510035.7529018,22071.73963322,-7.157742977142334,-47.24256134033203,81.01602935791016,-5.02707052230835,-51.1761589050293,81.62415313720703,8.804656982421875,-30.272865295410156,80.96703338623047,0.0169778224080801,-39.973228454589844,78.0230484008789,,
1780510035.7729928,22071.759549947,-8.154142379760742,-45.869869232177734,83.05546569824219,-6.4280314445495605,-51.6373176574707,79.31438446044922,9.537869453430176,-29.164840698242188,78.79641723632812,0.7929489016532898,-43.488983154296875,80.05452728271484,,
1780510035.793014,22071.782227735,-7.337491035461426,-43.57454299926758,84.58979797363281,-6.2532734870910645,-49.86259841918945,77.8627700805664,8.945146560668945,-29.46078872680664,77.09429931640625,2.1957459449768066,-45.461708068847656,80.99922943115234,,
1780510035.8130543,22071.800598906,-5.916699409484863,-40.997562408447266,85.15902709960938,-6.064016819000244,-48.57182312011719,77.46478271484375,7.767635822296143,-29.090150833129883,76.25959014892578,2.568241596221924,-46.10124206542969,81.65108489990234,,
1780510035.8330665,22071.820021834,-5.745901107788086,-39.22218322753906,85.4174575805664,-5.46942138671875,-48.165748596191406,77.51185607910156,7.67758321762085,-29.44879722595215,75.67218780517578,1.3915789127349854,-45.1116943359375,81.54646301269531,,
1780510035.8529973,22071.839848791,-6.727778911590576,-38.556129455566406,85.16520690917969,-4.172166347503662,-47.05406951904297,78.36813354492188,8.714701652526855,-31.683813095092773,75.62395477294922,-0.4619268774986267,-42.52916717529297,81.07455444335938,,
1780510035.8731918,22071.859646295,-8.406692504882812,-38.64303970336914,84.5477294921875,-2.327253818511963,-45.11222457885742,80.28461456298828,8.825264930725098,-34.42582321166992,75.7927474975586,-2.7102324962615967,-38.70161056518555,80.53001403808594,,
1780510035.8930354,22071.879631592,-10.987407684326172,-40.0133056640625,83.41520690917969,0.5473992824554443,-43.42100524902344,83.67366027832031,7.531431198120117,-36.510501861572266,77.14320373535156,-5.5875678062438965,-33.964752197265625,78.80534362792969,,
1780510035.912549,22071.899315386,-11.987253189086914,-42.50189208984375,82.11846160888672,2.8603265285491943,-40.990074157714844,87.03939819335938,6.147140979766846,-37.892799377441406,79.74436950683594,-8.348508834838867,-29.976810455322266,76.02859497070312,,
1780510035.9331744,22071.920635842,-10.743247985839844,-44.09031295776367,81.25434112548828,3.8439011573791504,-39.36960983276367,87.73143768310547,4.716876983642578,-39.32915115356445,82.05950927734375,-8.255882263183594,-27.46210289001465,74.24610137939453,,
1780510035.9530199,22071.939752578,-8.754880905151367,-44.91229248046875,80.44747924804688,4.096441268920898,-39.8028678894043,87.14276123046875,4.66893196105957,-40.352909088134766,83.23242950439453,-6.641818523406982,-26.261646270751953,73.6211929321289,,
1780510035.972942,22071.959518891,-7.210251808166504,-46.063232421875,79.1610107421875,4.047110557556152,-40.91794204711914,86.44478607177734,5.6268792152404785,-40.156097412109375,83.54192352294922,-5.4274468421936035,-27.04988670349121,72.48149108886719,,
1780510035.993206,22071.980189302,-6.3586859703063965,-46.99952697753906,78.04541778564453,3.0638768672943115,-42.74648666381836,85.73577117919922,6.536711692810059,-38.63213348388672,83.49267578125,-4.455165863037109,-29.21884536743164,71.57341766357422,,
1780510036.01267,22071.999933909,-6.274197578430176,-47.104679107666016,78.00248718261719,0.6869049072265625,-45.9875373840332,84.75178527832031,6.89812707901001,-36.19291687011719,82.96224212646484,-2.843376874923706,-32.12987518310547,72.826416015625,,
1780510036.0325358,22072.019722874,-6.769874572753906,-47.18558883666992,79.1976089477539,-2.747450351715088,-49.61421585083008,83.13029479980469,7.616488933563232,-32.85599899291992,82.1427993774414,-0.7702122330665588,-36.40669631958008,75.80245971679688,,
1780510036.0521324,22072.039073748,-7.553511142730713,-46.67631149291992,81.63021850585938,-5.839684963226318,-51.513671875,80.63871765136719,9.265698432922363,-29.806249618530273,80.423583984375,0.39588865637779236,-41.09486389160156,78.90655517578125,,
1780510036.0726633,22072.059529165,-8.153024673461914,-45.166961669921875,83.4354019165039,-6.523708820343018,-51.02234649658203,78.62873840332031,9.420960426330566,-29.631772994995117,78.26789855957031,1.3294901847839355,-44.07854461669922,80.42818450927734,,
1780510036.0925105,22072.079119858,-6.83651065826416,-42.838172912597656,84.77100372314453,-6.208566188812256,-49.09260559082031,77.6709213256836,8.626191139221191,-29.644676208496094,76.89984130859375,2.5614118576049805,-45.53630065917969,81.23573303222656,,
1780510036.112537,22072.099035988,-5.66778039932251,-40.48369216918945,85.22650146484375,-6.022913455963135,-48.34510040283203,77.33187103271484,7.522355556488037,-29.129100799560547,76.166259765625,2.343106269836426,-45.72772979736328,81.66004180908203,,
1780510036.1325707,22072.119299503,-6.107720851898193,-39.26905822753906,85.408203125,-5.196084976196289,-48.0192756652832,77.68359375,8.151866912841797,-29.847291946411133,75.9873275756836,0.6213406324386597,-43.98714828491211,81.28106689453125,,
1780510036.152536,22072.139459259,-7.300514221191406,-38.85340881347656,85.03785705566406,-3.7797234058380127,-46.54666519165039,78.95648193359375,9.067632675170898,-32.426719665527344,75.9550552368164,-1.3937022686004639,-41.085784912109375,80.84165954589844,,
1780510036.1725287,22072.159097427,-9.07270336151123,-39.39620590209961,84.3661880493164,-1.9695093631744385,-44.781219482421875,81.1191177368164,8.86484146118164,-34.88253402709961,76.3115463256836,-3.7250964641571045,-36.99913024902344,80.09851837158203,,
1780510036.192566,22072.179104519,-11.438361167907715,-41.2373161315918,83.14179992675781,0.7999972701072693,-43.24069595336914,84.74065399169922,7.405323505401611,-36.478328704833984,78.06372833251953,-6.547715663909912,-32.57053756713867,77.93403625488281,,
1780510036.2125216,22072.198970247,-11.437185287475586,-43.70294189453125,82.22081756591797,2.419377326965332,-41.06410598754883,87.50013732910156,6.131723403930664,-37.55879211425781,80.4214096069336,-8.76076889038086,-29.024951934814453,75.24375915527344,,
1780510036.232502,22072.220160429,-9.712363243103027,-45.23986053466797,81.38795471191406,2.9972593784332275,-40.07633972167969,87.79198455810547,5.039798736572266,-38.8345832824707,82.417236328125,-8.003693580627441,-26.45157241821289,73.81317901611328,,
1780510036.2525313,22072.239574978,-7.805402755737305,-45.941383361816406,80.54944610595703,3.180264949798584,-40.832088470458984,87.2447738647461,5.204075813293457,-39.5791130065918,83.32722473144531,-6.664423942565918,-26.0305233001709,73.16014862060547,,
1780510036.2725472,22072.259568947,-6.46074914932251,-46.987022399902344,79.23541259765625,2.9908814430236816,-42.011268615722656,86.5383071899414,5.969693183898926,-38.97689437866211,83.49063110351562,-5.588101387023926,-27.271034240722656,72.16313171386719,,
1780510036.2925956,22072.27913515,-5.984785556793213,-47.57170486450195,78.25950622558594,1.595814824104309,-44.09832763671875,85.71703338623047,6.478757381439209,-37.14547348022461,83.45010375976562,-4.288534164428711,-29.711772918701172,71.8422622680664,,
1780510036.3125973,22072.299155542,-6.239293575286865,-47.69968795776367,78.56941223144531,-0.911628007888794,-47.364776611328125,84.63937377929688,7.008692264556885,-34.611236572265625,82.78443908691406,-2.294271945953369,-32.890316009521484,73.55229949951172,,
1780510036.3325665,22072.318998834,-6.681121349334717,-47.82417297363281,80.30416107177734,-4.352543354034424,-50.566436767578125,82.71334075927734,8.318236351013184,-31.25522804260254,81.57831573486328,-0.5129026174545288,-37.63680648803711,76.89418029785156,,
1780510036.3525841,22072.339087579,-7.722422122955322,-46.88239288330078,82.66890716552734,-6.611176013946533,-51.97628402709961,80.15473175048828,9.603293418884277,-28.8112735748291,79.65287017822266,0.30162313580513,-41.64625549316406,79.531982421875,,
1780510036.3732262,22072.359978437,-7.796865940093994,-45.03456115722656,84.36631774902344,-6.867412567138672,-51.07740020751953,78.34679412841797,9.443609237670898,-28.9412784576416,77.54405212402344,1.3550117015838623,-44.20594787597656,80.55996704101562,,
1780510036.393173,22072.380107119,-6.334458827972412,-42.6781005859375,85.38587951660156,-6.703040599822998,-49.46388626098633,77.82630157470703,8.560564994812012,-28.60175323486328,76.26029205322266,2.342986583709717,-45.241363525390625,81.30702209472656,,
1780510036.4133453,22072.400488287,-5.5221943855285645,-40.52278137207031,85.7136001586914,-6.352831840515137,-48.744815826416016,77.64266967773438,7.981094837188721,-28.374448776245117,75.63809967041016,1.8628267049789429,-44.968040466308594,81.63529205322266,,
1780510036.4334025,22072.420500171,-6.223872661590576,-39.611839294433594,85.65892028808594,-5.401509761810303,-48.02643966674805,78.25177764892578,8.88060188293457,-29.961013793945312,75.40357208251953,0.09857600927352905,-42.95964813232422,81.0975112915039,,
1780510036.4526336,22072.439664785,-7.61334228515625,-39.384071350097656,85.20991516113281,-3.842810869216919,-46.44763946533203,79.73572540283203,9.461697578430176,-32.63352584838867,75.41836547851562,-2.078465461730957,-39.6411247253418,80.63008880615234,,
1780510036.473182,22072.460227012,-9.674735069274902,-40.40675354003906,84.44981384277344,-1.6456167697906494,-44.697235107421875,82.33832550048828,8.696702003479004,-35.13491439819336,76.09866333007812,-4.663443088531494,-35.23331069946289,79.58357238769531,,
1780510036.4926634,22072.479838099,-11.74960708618164,-42.41806411743164,83.10081481933594,1.1305508613586426,-42.66931915283203,86.16740417480469,7.061765670776367,-36.5041389465332,78.22970581054688,-7.628427505493164,-31.165063858032227,77.12608337402344,,
1780510036.512552,22072.499405483,-11.00503921508789,-44.626590728759766,82.25637817382812,2.3976500034332275,-40.56240463256836,88.16813659667969,5.5181427001953125,-37.93962860107422,80.89984130859375,-8.947288513183594,-27.972972869873047,74.60365295410156,,
1780510036.5333567,22072.519929441,-9.164046287536621,-45.60785675048828,81.2888412475586,3.0914418697357178,-39.910667419433594,87.90265655517578,4.5991716384887695,-39.291526794433594,82.7173843383789,-7.57169246673584,-25.972837448120117,73.67853546142578,,
1780510036.5530508,22072.539587588,-7.500583171844482,-46.473609924316406,80.24931335449219,3.2508349418640137,-40.72158432006836,87.29651641845703,5.252398490905762,-39.848411560058594,83.36505126953125,-6.192625999450684,-26.032472610473633,72.77098083496094,,
1780510036.5726347,22072.560463295,-6.333011150360107,-47.47335433959961,79.02229309082031,3.0184476375579834,-41.89085006713867,86.48936462402344,6.1688079833984375,-39.000144958496094,83.44945526123047,-5.21690034866333,-27.76115608215332,71.6405029296875,,
1780510036.5925508,22072.579116421,-5.971136093139648,-47.796695709228516,78.27938079833984,1.577523112297058,-44.147151947021484,85.68399047851562,6.717190742492676,-37.0615119934082,83.25776672363281,-4.007778167724609,-30.388233184814453,71.75666046142578,,
1780510036.612496,22072.601275688,-6.454524040222168,-47.7667236328125,78.60884094238281,-0.9684880375862122,-47.44401931762695,84.56937408447266,7.160036563873291,-34.27397537231445,82.53589630126953,-2.0621087551116943,-33.75249481201172,73.66720581054688,,
1780510036.6325974,22072.620116307,-6.857783317565918,-47.83310317993164,80.4179916381836,-4.562130928039551,-50.54093551635742,82.43553161621094,8.510645866394043,-30.946622848510742,81.24232482910156,-0.22857986390590668,-38.47408676147461,77.01163482666016,,
1780510036.6532643,22072.641857646,-7.885232925415039,-46.4354248046875,82.65005493164062,-6.571446895599365,-51.76633071899414,79.82316589355469,9.650613784790039,-29.081968307495117,79.23053741455078,0.5497945547103882,-42.47452163696289,79.5411376953125,,
1780510036.673013,22072.660544747,-7.598721981048584,-44.38843536376953,84.32945251464844,-6.60369348526001,-50.46352767944336,78.18892669677734,9.208244323730469,-29.332122802734375,77.35545349121094,1.8305295705795288,-44.87738800048828,80.69278717041016,,
1780510036.6930604,22072.680018581,-6.047362327575684,-41.775115966796875,85.17855834960938,-6.429610729217529,-48.750694274902344,77.6407470703125,8.172135353088379,-29.127201080322266,76.26177978515625,2.7575552463531494,-45.85435104370117,81.46887969970703,,
1780510036.7132049,22072.69964872,-5.419992923736572,-39.563682556152344,85.45753479003906,-5.977264404296875,-48.13394546508789,77.44856262207031,7.673372745513916,-29.132173538208008,75.78168487548828,1.9959862232208252,-45.36841583251953,81.63232421875,,
1780510036.7332187,22072.719921526,-6.319154262542725,-38.63707733154297,85.38475036621094,-4.810931205749512,-47.39249801635742,78.08256530761719,8.49833869934082,-30.83210563659668,75.7010498046875,0.06670821458101273,-43.171119689941406,81.18093872070312,,
1780510036.7530298,22072.739883682,-7.989439487457275,-38.611019134521484,84.91686248779297,-2.986175775527954,-45.552398681640625,79.9148941040039,9.024909973144531,-33.71928024291992,75.73712158203125,-2.2446956634521484,-39.500938415527344,80.6456069946289,,
1780510036.7732823,22072.760336418,-10.503936767578125,-39.74028396606445,83.81739807128906,-0.36634594202041626,-43.66179275512695,83.05327606201172,8.067621231079102,-36.19171142578125,76.70958709716797,-5.055266380310059,-34.73971176147461,79.25366973876953,,
1780510036.7929966,22072.779933031,-12.070003509521484,-42.087860107421875,82.4726791381836,2.247041702270508,-41.477718353271484,86.75504302978516,6.543071269989014,-37.497291564941406,79.2168197631836,-8.08537769317627,-30.501113891601562,76.47106170654297,,
1780510036.813273,22072.799787532,-10.855701446533203,-44.04644775390625,81.81035614013672,3.3486688137054443,-39.574974060058594,87.90729522705078,4.871615409851074,-38.90667724609375,81.70804595947266,-8.565742492675781,-27.662353515625,74.33572387695312,,
1780510036.8332963,22072.819931043,-9.10911750793457,-44.87432861328125,80.8133544921875,3.7210559844970703,-39.54889678955078,87.46224212646484,4.29479455947876,-40.02237319946289,83.22734069824219,-7.026944637298584,-26.17110824584961,73.63179016113281,,
1780510036.8530364,22072.83992581,-7.339076042175293,-45.794918060302734,79.65863800048828,3.849832773208618,-40.60405731201172,86.83268737792969,5.085389614105225,-40.03596496582031,83.64820098876953,-5.823456764221191,-26.699310302734375,72.66972351074219,,
1780510036.873081,22072.86066094,-6.2995123863220215,-46.713890075683594,78.28096771240234,3.192131519317627,-42.29380798339844,86.0361099243164,5.975669860839844,-38.841819763183594,83.68329620361328,-4.695291519165039,-28.654056549072266,71.65982818603516,,
1780510036.8931794,22072.880025325,-6.1592488288879395,-47.041927337646484,77.82811737060547,1.2978147268295288,-45.108245849609375,85.16597747802734,6.58327579498291,-36.68239974975586,83.27604675292969,-3.1922450065612793,-31.475372314453125,72.31781005859375,,
1780510036.913048,22072.900221949,-6.685611248016357,-47.005455017089844,78.7409439086914,-1.9097050428390503,-48.74209976196289,83.61798095703125,7.126585483551025,-33.576229095458984,82.46812438964844,-0.9705041646957397,-35.638187408447266,75.07513427734375,,
1780510036.9325995,22072.9196413,-7.342683792114258,-46.829376220703125,81.12744140625,-5.330071449279785,-51.266048431396484,81.23204040527344,8.893715858459473,-30.205415725708008,80.84504699707031,0.31682083010673523,-40.60661697387695,78.34786224365234,,
1780510036.9526138,22072.93913207,-8.108656883239746,-45.42192840576172,83.20092010498047,-6.469140529632568,-51.34940719604492,78.99900817871094,9.230754852294922,-29.2872257232666,78.78805541992188,1.1247493028640747,-43.855010986328125,80.28467559814453,,
1780510036.9724867,22072.958858205,-7.144326686859131,-43.20314025878906,84.7139892578125,-6.252582550048828,-49.50558090209961,77.85742950439453,8.726131439208984,-29.532695770263672,76.99568939208984,2.4290711879730225,-45.66602325439453,81.05661010742188,,
1780510036.9925263,22072.979222362,-5.796772003173828,-40.591270446777344,85.21310424804688,-6.019587516784668,-48.38178634643555,77.46947479248047,7.599873065948486,-29.181394577026367,76.14811706542969,2.567368268966675,-46.247013092041016,81.62410736083984,,
1780510037.0133183,22073.000578219,-5.9025421142578125,-39.137367248535156,85.43118286132812,-5.2601189613342285,-48.011146545410156,77.6584243774414,7.878061294555664,-29.666099548339844,75.78102111816406,1.0964261293411255,-44.916622161865234,81.35411071777344,,
1780510037.0330553,22073.020069608,-6.977859973907471,-38.50403594970703,85.11151885986328,-3.944272994995117,-46.68793487548828,78.68742370605469,8.782487869262695,-32.105743408203125,75.69625091552734,-0.8345067501068115,-42.24229049682617,80.96009063720703,,
1780510037.0529323,22073.039444573,-8.875972747802734,-38.832847595214844,84.45491790771484,-2.069890022277832,-44.8265266418457,80.74346160888672,8.755682945251465,-34.739219665527344,75.98106384277344,-3.23886775970459,-38.11009216308594,80.27095031738281,,
1780510037.0733247,22073.059980736,-11.418438911437988,-40.35517883300781,83.2640380859375,0.8206368088722229,-43.184722900390625,84.3649673461914,7.28298807144165,-36.567359924316406,77.47848510742188,-6.092287063598633,-33.531070709228516,78.39820098876953,,
1780510037.0931134,22073.079673693,-11.917473793029785,-42.91547775268555,82.02803802490234,2.8393497467041016,-40.800418853759766,87.41612243652344,6.012099266052246,-37.7928581237793,80.05706024169922,-8.515732765197754,-29.633663177490234,75.62873077392578,,
1780510037.1130557,22073.099890155,-10.406415939331055,-44.424930572509766,81.1634521484375,3.6573054790496826,-39.40317916870117,87.732177734375,4.674518585205078,-39.16958236694336,82.340576171875,-8.020950317382812,-27.162527084350586,73.99616241455078,,
1780510037.1325312,22073.119168082,-8.429754257202148,-45.189659118652344,80.45455932617188,3.862844705581665,-40.09193420410156,87.11320495605469,4.812690258026123,-40.15291976928711,83.34107971191406,-6.596718788146973,-26.377578735351562,73.3431167602539,,
1780510037.15253,22073.139525042,-6.941634178161621,-46.297325134277344,79.13640594482422,3.767176389694214,-41.358970642089844,86.46910858154297,5.789999485015869,-39.722286224365234,83.5042953491211,-5.544003009796143,-27.42357063293457,72.282470703125,,
1780510037.1729848,22073.159910227,-6.168580055236816,-47.19395446777344,78.15008544921875,2.4793601036071777,-43.30277633666992,85.67982482910156,6.563366413116455,-38.00572967529297,83.43096923828125,-4.29575777053833,-29.603981018066406,71.61835479736328,,
1780510037.1934109,22073.180288249,-6.339001178741455,-47.27561569213867,78.21407318115234,0.024648552760481834,-46.53651809692383,84.68981170654297,6.928644180297852,-35.43233871459961,82.9139404296875,-2.5471160411834717,-32.752174377441406,73.0802230834961,,
1780510037.2130733,22073.199703762,-6.789570331573486,-47.28773880004883,79.75849151611328,-3.5912704467773438,-50.057289123535156,82.8114242553711,7.809798717498779,-32.02806091308594,81.9129409790039,-0.6258902549743652,-37.334808349609375,76.44519805908203,,
1780510037.2330148,22073.219722679,-7.792940139770508,-46.56561279296875,82.18482971191406,-6.184028148651123,-51.70930099487305,80.26506042480469,9.285684585571289,-29.38266372680664,80.0909652709961,0.32948315143585205,-41.7468147277832,79.31983184814453,,
1780510037.253196,22073.239503957,-7.964101314544678,-44.73561096191406,83.88176727294922,-6.579592704772949,-50.67937469482422,78.30758666992188,9.15381908416748,-29.59210968017578,77.9600830078125,1.518517017364502,-44.57063674926758,80.6321792602539,,
1780510037.273088,22073.259588701,-6.476197719573975,-42.37303161621094,85.07638549804688,-6.182226657867432,-48.87016296386719,77.57675170898438,8.331683158874512,-29.419479370117188,76.6292953491211,2.767104387283325,-45.75936508178711,81.36946105957031,,
1780510037.2930007,22073.279551644,-5.445365905761719,-39.9735221862793,85.37274169921875,-5.953817367553711,-48.14314651489258,77.34442901611328,7.408144474029541,-29.035661697387695,76.0899429321289,2.3460683822631836,-45.73781967163086,81.75350189208984,,
1780510037.3126125,22073.299359903,-6.172886848449707,-38.9990119934082,85.48252868652344,-4.916070938110352,-47.71211624145508,77.85784149169922,8.173604965209961,-30.262773513793945,75.94840240478516,0.42070043087005615,-43.82277297973633,81.24402618408203,,
1780510037.333209,22073.320627287,-7.617706775665283,-38.656185150146484,85.02287292480469,-3.3922677040100098,-46.14833450317383,79.32044219970703,9.04365062713623,-32.98801803588867,75.85111999511719,-1.7877649068832397,-40.535675048828125,80.72762298583984,,
1780510037.3530755,22073.340627839,-9.753196716308594,-39.40960693359375,84.1826171875,-1.3074109554290771,-44.33755111694336,81.85363006591797,8.59560489654541,-35.469112396240234,76.3652572631836,-4.387062072753906,-36.13561248779297,79.7839584350586,,
1780510037.3733366,22073.360363902,-11.895838737487793,-41.57655334472656,82.9129638671875,1.5006821155548096,-42.50523376464844,85.69256591796875,7.00451135635376,-36.944618225097656,78.56090545654297,-7.300589561462402,-31.68708610534668,77.31233978271484,,
1780510037.3931963,22073.380134275,-11.280733108520508,-43.85931396484375,82.07583618164062,2.822190046310425,-40.40876388549805,87.78540802001953,5.4049859046936035,-38.24032974243164,81.02279663085938,-8.819387435913086,-28.307119369506836,74.71665954589844,,
1780510037.4125743,22073.399391418,-9.588765144348145,-45.03464889526367,81.09502410888672,3.392169952392578,-39.71462631225586,87.632080078125,4.524020671844482,-39.49275207519531,82.85230255126953,-7.5102386474609375,-26.176698684692383,73.6546401977539,,
1780510037.432713,22073.419895206,-7.586376667022705,-45.7423095703125,80.23200225830078,3.516829490661621,-40.71296691894531,87.01176452636719,4.8728556632995605,-39.880619049072266,83.55657958984375,-6.35833215713501,-26.341320037841797,72.86040496826172,,
1780510037.452654,22073.439252315,-6.173223495483398,-46.764251708984375,78.87035369873047,3.119594097137451,-42.16236877441406,86.18158721923828,5.759833335876465,-39.068485260009766,83.6224594116211,-5.130796909332275,-27.961610794067383,71.83076477050781,,
1780510037.4726176,22073.459397485,-5.944470405578613,-47.17805480957031,78.01371002197266,1.538568377494812,-44.53524398803711,85.37303924560547,6.350728988647461,-37.03257751464844,83.45726776123047,-3.6596410274505615,-30.741891860961914,71.98468780517578,,
1780510037.4931412,22073.480447229,-6.552573204040527,-47.174034118652344,78.402587890625,-1.0492414236068726,-47.962764739990234,84.23115539550781,6.96858024597168,-34.21051025390625,82.73551940917969,-1.6458426713943481,-34.37843322753906,74.02948760986328,,
1780510037.5132685,22073.500129963,-7.085476875305176,-47.12883377075195,80.63574981689453,-4.568922519683838,-50.924034118652344,81.9709243774414,8.457252502441406,-30.840002059936523,81.36483764648438,-0.10842690616846085,-39.40656661987305,77.54508209228516,,
1780510037.5330539,22073.522599491,-8.101850509643555,-45.93886947631836,82.80499267578125,-6.380887985229492,-51.8640022277832,79.50470733642578,9.247251510620117,-29.052106857299805,79.38506317138672,0.6079638004302979,-43.07123947143555,79.92247772216797,,
1780510037.553408,22073.540008101,-7.572164535522461,-43.8188362121582,84.4227066040039,-6.434597015380859,-50.33750915527344,77.88743591308594,8.769469261169434,-29.360416412353516,77.59117889404297,1.8572055101394653,-45.286956787109375,80.9366683959961,,
1780510037.5726137,22073.559503143,-6.150376796722412,-41.30508804321289,85.23616027832031,-6.172494411468506,-48.76203155517578,77.4018783569336,7.7623820304870605,-29.11701011657715,76.46907806396484,2.570599317550659,-46.204715728759766,81.6041259765625,,
1780510037.5924292,22073.579890904,-5.701326370239258,-39.41132354736328,85.53636169433594,-5.600764274597168,-48.24806594848633,77.39708709716797,7.512147903442383,-29.12569236755371,75.85749816894531,1.678449034690857,-45.52217483520508,81.6287841796875,,
1780510037.612561,22073.598967339,-6.61458158493042,-38.52422332763672,85.32745361328125,-4.422706604003906,-47.352718353271484,78.19120788574219,8.444705963134766,-31.09940528869629,75.7114028930664,-0.24432696402072906,-43.35454177856445,81.17247009277344,,
1780510037.6327348,22073.619227716,-8.32626724243164,-38.45879364013672,84.7500228881836,-2.593705415725708,-45.597957611083984,79.84965515136719,8.792763710021973,-33.85860824584961,75.82583618164062,-2.5984175205230713,-39.732460021972656,80.65251922607422,,
1780510037.6525345,22073.639066162,-10.776504516601562,-39.54639434814453,83.7255630493164,-0.01598861999809742,-43.877925872802734,82.89024353027344,7.758767127990723,-36.10561752319336,76.78710174560547,-5.387340068817139,-35.07227325439453,79.24584197998047,,
1780510037.672509,22073.659036015,-12.214614868164062,-41.85435485839844,82.38634490966797,2.5639100074768066,-41.585445404052734,86.55978393554688,6.349523544311523,-37.51701354980469,79.359375,-8.269497871398926,-30.778457641601562,76.487548828125,,
1780510037.6925552,22073.678968044,-11.049925804138184,-43.73136520385742,81.6058578491211,3.6746647357940674,-39.680137634277344,87.791259765625,4.823678016662598,-38.8910026550293,81.71995544433594,-8.700201988220215,-27.957143783569336,74.41716766357422,,
1780510037.712535,22073.699156054,-9.107085227966309,-44.72796630859375,80.69770050048828,3.9237754344940186,-39.837066650390625,87.26957702636719,4.5025787353515625,-40.094200134277344,83.16944122314453,-7.076244831085205,-26.45136833190918,73.5444564819336,,
1780510037.7325897,22073.718941698,-7.357933044433594,-45.78596115112305,79.65743255615234,3.9611403942108154,-40.96816635131836,86.60918426513672,5.334904193878174,-40.007389068603516,83.57833862304688,-6.004838466644287,-27.06549835205078,72.5644302368164,,
1780510037.7525432,22073.739258376,-6.262416362762451,-46.77920913696289,78.4971923828125,3.1072685718536377,-42.76450729370117,85.83561706542969,6.325187683105469,-38.665740966796875,83.5376205444336,-4.961826801300049,-28.98987579345703,71.62931823730469,,
1780510037.7727196,22073.759964865,-6.195909023284912,-47.04703903198242,78.22642517089844,0.9559108018875122,-45.67619705200195,84.96707916259766,6.837108612060547,-36.242950439453125,83.1524887084961,-3.4942588806152344,-31.81265640258789,72.52909088134766,,
1780510037.7926621,22073.779101207,-6.64975643157959,-47.180572509765625,79.21766662597656,-2.2811944484710693,-49.220863342285156,83.45384216308594,7.455383777618408,-33.00928497314453,82.3794937133789,-1.3718962669372559,-35.88496780395508,75.38662719726562,,
1780510037.8125923,22073.799284704,-7.4703521728515625,-46.89201736450195,81.65948486328125,-5.609130859375,-51.66292190551758,80.95561981201172,9.004866600036621,-29.748804092407227,80.76399230957031,-0.12800948321819305,-40.655433654785156,78.62567138671875,,
1780510037.8325086,22073.819078366,-8.249293327331543,-45.621421813964844,83.579345703125,-6.5727996826171875,-51.612300872802734,78.84809112548828,9.333891868591309,-29.074220657348633,78.63639831542969,0.7604116201400757,-43.67374801635742,80.38829040527344,,
1780510037.8525946,22073.839101184,-7.1680803298950195,-43.297027587890625,84.9024658203125,-6.368431091308594,-49.7061767578125,77.6939926147461,8.82439136505127,-29.32612419128418,77.0616683959961,2.1023523807525635,-45.305938720703125,81.2052993774414,,
1780510037.8725643,22073.85955656,-5.969512939453125,-40.829124450683594,85.36416625976562,-6.144531726837158,-48.78731155395508,77.26870727539062,7.641465187072754,-28.843446731567383,76.29927825927734,2.093539237976074,-45.72770309448242,81.76510620117188,,
1780510037.8925135,22073.879206689,-6.221295356750488,-39.471229553222656,85.64390563964844,-5.451998233795166,-48.636077880859375,77.50643920898438,7.9848856925964355,-29.208927154541016,75.89306640625,0.48371708393096924,-44.306976318359375,81.41461944580078,,
1780510037.9125125,22073.899316338,-7.267866134643555,-38.85255432128906,85.30821228027344,-4.2363080978393555,-47.353363037109375,78.50359344482422,9.09744644165039,-31.536087036132812,75.83294677734375,-1.4389159679412842,-41.67523193359375,81.01825714111328,,
1780510037.9325778,22073.91900684,-8.7955322265625,-39.10264205932617,84.75132751464844,-2.684154748916626,-45.655704498291016,80.31971740722656,9.113016128540039,-33.926116943359375,75.91242218017578,-3.663292646408081,-37.97551345825195,80.45281219482422,,
1780510037.953139,22073.939945686,-10.963968276977539,-40.52859115600586,83.88531494140625,-0.23764416575431824,-44.235023498535156,83.48249053955078,7.8136749267578125,-35.71680450439453,77.17974090576172,-6.296309947967529,-33.69318771362305,78.84123229980469,,
1780510037.9730926,22073.959897223,-11.797892570495605,-42.925758361816406,82.69227600097656,1.9721198081970215,-42.08251953125,86.7927474975586,6.498476982116699,-36.93991470336914,79.62969970703125,-9.048378944396973,-30.008268356323242,75.94256591796875,,
1780510037.992578,22073.979248823,-10.409001350402832,-44.69900894165039,81.74484252929688,3.0184214115142822,-40.36949157714844,87.8404312133789,5.070757865905762,-38.35124206542969,81.95576477050781,-9.103684425354004,-27.35382652282715,74.05560302734375,,
1780510038.0125818,22073.999304822,-8.455984115600586,-45.431034088134766,81.02254486083984,3.4802024364471436,-40.62705993652344,87.35393524169922,4.884922981262207,-39.564781188964844,83.21593475341797,-7.677748203277588,-26.25193977355957,73.434326171875,,
1780510038.032563,22074.019441787,-6.838275909423828,-46.37171936035156,79.91001892089844,3.450871229171753,-41.665462493896484,86.6924819946289,5.631306171417236,-39.2872200012207,83.53510284423828,-6.6010942459106445,-27.10183334350586,72.34601593017578,,
1780510038.0525405,22074.039623821,-6.040332317352295,-47.4359130859375,78.73188781738281,2.5814337730407715,-43.16912078857422,85.94929504394531,6.519796848297119,-37.84048080444336,83.4691162109375,-5.336786270141602,-29.205713272094727,71.41527557373047,,
1780510038.072566,22074.059570875,-6.002224445343018,-47.48945617675781,78.63494873046875,0.33895567059516907,-46.205135345458984,84.98577117919922,6.9470295906066895,-35.40618896484375,82.95903778076172,-3.7184650897979736,-32.22272872924805,72.68309020996094,,
1780510038.092544,22074.079155023,-6.486873626708984,-47.6767463684082,79.86558532714844,-2.992220878601074,-49.78236389160156,83.3722915649414,7.724463939666748,-32.126590728759766,82.0560302734375,-1.5909651517868042,-36.346370697021484,75.72509765625,,
1780510038.112582,22074.099974324,-7.511888027191162,-47.371307373046875,82.18946075439453,-5.953481674194336,-52.05506134033203,80.87200927734375,9.191252708435059,-29.05044937133789,80.50648498535156,-0.4262987971305847,-40.88722610473633,78.8790512084961,,
1780510038.1325228,22074.119416937,-8.269431114196777,-45.73590850830078,83.97602844238281,-6.928367614746094,-51.95307159423828,78.56583404541016,9.238373756408691,-28.712120056152344,78.33993530273438,0.5074341297149658,-43.71378707885742,80.54304504394531,,
1780510038.1525342,22074.140208185,-7.081477165222168,-43.375553131103516,85.26599884033203,-6.8462958335876465,-50.13580322265625,77.5541763305664,8.39405632019043,-28.834362030029297,76.83908081054688,1.8146452903747559,-45.196983337402344,81.45311737060547,,
1780510038.1725519,22074.160750492,-5.981490612030029,-40.92563247680664,85.70331573486328,-6.457612037658691,-49.165687561035156,77.1452407836914,7.405031681060791,-28.508329391479492,75.9884262084961,1.8344112634658813,-45.489837646484375,81.97467041015625,,
1780510038.1925147,22074.179608522,-6.2339959144592285,-39.66799545288086,85.8820571899414,-5.51457405090332,-48.663265228271484,77.4453125,8.104269027709961,-29.357776641845703,75.68987274169922,0.3786861300468445,-43.78292465209961,81.5311050415039,,
1780510038.2133353,22074.199895654,-7.223657608032227,-38.97212219238281,85.48115539550781,-4.202287673950195,-47.319793701171875,78.57972717285156,9.02113151550293,-31.73732566833496,75.58995819091797,-1.576802372932434,-40.910560607910156,81.105224609375,,
1780510038.232548,22074.219091514,-9.178475379943848,-39.513832092285156,84.84813690185547,-2.045736789703369,-45.57822799682617,80.88163757324219,8.835412979125977,-34.467491149902344,75.9128646850586,-4.128358364105225,-36.79279327392578,80.24971771240234,,
1780510038.2525156,22074.239613039,-11.552061080932617,-41.09517288208008,83.60269165039062,0.8591936230659485,-43.65766525268555,84.39388275146484,7.196629047393799,-36.44041442871094,77.79774475097656,-7.108860969543457,-32.472999572753906,78.12576293945312,,
1780510038.2732544,22074.260548391,-11.597149848937988,-43.39509582519531,82.5961685180664,2.6522252559661865,-41.325782775878906,87.40149688720703,5.815169811248779,-37.662742614746094,80.27013397216797,-9.508047103881836,-29.006183624267578,75.26642608642578,,
1780510038.293169,22074.280289467,-9.919662475585938,-44.78541946411133,81.65060424804688,3.545130729675293,-39.9094352722168,87.69828033447266,4.543072700500488,-39.15840148925781,82.39797973632812,-8.603599548339844,-26.61878204345703,73.87090301513672,,
1780510038.3133247,22074.300350772,-8.038140296936035,-45.527828216552734,80.81847381591797,3.856994152069092,-40.42621612548828,87.0238037109375,4.788501739501953,-40.147056579589844,83.42303466796875,-7.135924816131592,-26.332239151000977,73.05543518066406,,
1780510038.332706,22074.319815456,-6.565108776092529,-46.64997863769531,79.61672973632812,3.792465925216675,-41.512752532958984,86.33688354492188,5.730093955993652,-39.680267333984375,83.59156799316406,-6.1026177406311035,-27.678991317749023,71.87187957763672,,
1780510038.3525958,22074.339171333,-5.945911884307861,-47.259796142578125,78.61913299560547,2.653698682785034,-43.48080062866211,85.61943054199219,6.498701572418213,-37.96414566040039,83.48612213134766,-5.007811069488525,-30.028682708740234,71.37323760986328,,
1780510038.3725593,22074.359096231,-6.2299628257751465,-47.26985168457031,78.69548034667969,0.21733970940113068,-46.6241455078125,84.63496398925781,6.943462371826172,-35.307861328125,82.84709167480469,-3.3226301670074463,-33.06232833862305,72.79769134521484,,
1780510038.3925676,22074.379330123,-6.635128974914551,-47.506526947021484,80.13099670410156,-3.3066046237945557,-50.05461120605469,82.8845443725586,7.710094928741455,-31.84760856628418,81.92814636230469,-1.223665475845337,-37.39228439331055,76.07015991210938,,
1780510038.4125593,22074.399442006,-7.756103038787842,-46.907291412353516,82.4251708984375,-6.0453410148620605,-52.10078048706055,80.41566467285156,9.046339988708496,-29.010154724121094,80.2917709350586,-0.30067911744117737,-41.657081604003906,79.18985748291016,,
1780510038.4324808,22074.419123932,-8.205709457397461,-45.33888626098633,84.16650390625,-6.67656946182251,-51.6223258972168,78.34532928466797,9.072019577026367,-28.947490692138672,78.11290740966797,0.6839246153831482,-44.20272445678711,80.60035705566406,,
1780510038.4527693,22074.440047585,-6.984703063964844,-43.053871154785156,85.33833312988281,-6.400850772857666,-49.86326217651367,77.36157989501953,8.246454238891602,-29.025936126708984,76.72346496582031,1.9019451141357422,-45.420684814453125,81.4767837524414,,
1780510038.4732594,22074.460381841,-5.96257209777832,-40.67557907104492,85.65204620361328,-6.047045707702637,-49.01747512817383,77.0551528930664,7.349730968475342,-28.607202529907227,76.14497375488281,1.6995296478271484,-45.348201751708984,81.94035339355469,,
1780510038.4926198,22074.479679199,-6.408376693725586,-39.3331184387207,85.77125549316406,-5.230180740356445,-48.67127990722656,77.4171371459961,7.9578399658203125,-29.39875602722168,75.81495666503906,-0.015218408778309822,-43.602020263671875,81.54798126220703,,
1780510038.5126495,22074.501502424,-7.542683124542236,-38.81149673461914,85.3810806274414,-4.013833045959473,-47.34218978881836,78.52233123779297,8.926826477050781,-31.799367904663086,75.71810150146484,-2.027649164199829,-40.68399429321289,81.09056091308594,,
1780510038.532687,22074.520182649,-9.347905158996582,-39.384796142578125,84.79600524902344,-1.9392549991607666,-45.542320251464844,80.69502258300781,8.806929588317871,-34.488487243652344,76.12506866455078,-4.470421314239502,-36.71026611328125,80.25959777832031,,
1780510038.5526388,22074.53969781,-11.556565284729004,-41.008811950683594,83.67178344726562,0.8147119283676147,-43.881229400634766,84.2482681274414,7.212253093719482,-36.21855545043945,77.75334167480469,-7.416631698608398,-32.521236419677734,78.14958190917969,,
1780510038.572636,22074.559213822,-11.513081550598145,-43.36471176147461,82.61829376220703,2.5633437633514404,-41.607513427734375,87.15475463867188,5.981822967529297,-37.52275848388672,80.29545593261719,-9.664525032043457,-29.042503356933594,75.2735824584961,,
1780510038.5926242,22074.5791446,-9.844810485839844,-44.83503723144531,81.76432037353516,3.395284414291382,-40.251827239990234,87.60712432861328,4.713912487030029,-38.90260314941406,82.3804702758789,-8.992664337158203,-26.718503952026367,73.79351806640625,,
1780510038.6125753,22074.599483967,-7.9170637130737305,-45.526119232177734,80.88655853271484,3.7066848278045654,-40.785728454589844,87.05477142333984,4.863888263702393,-39.80427169799805,83.39753723144531,-7.53223180770874,-26.334157943725586,73.10960388183594,,
1780510038.6326706,22074.619750229,-6.4324469566345215,-46.630104064941406,79.670166015625,3.579153060913086,-41.83498764038086,86.3473892211914,5.7133660316467285,-39.30958938598633,83.64021301269531,-6.446956634521484,-27.667917251586914,71.9081039428711,,
1780510038.6527157,22074.639366332,-5.854764461517334,-47.233882904052734,78.64927673339844,2.430617094039917,-43.78178787231445,85.62031555175781,6.447612762451172,-37.574790954589844,83.53765869140625,-5.21819543838501,-30.060827255249023,71.47997283935547,,
1780510038.6726086,22074.659423094,-6.0645246505737305,-47.28713607788086,78.87171936035156,0.011185608804225922,-46.938392639160156,84.56865692138672,7.0000410079956055,-34.957115173339844,82.80558776855469,-3.510737895965576,-33.199954986572266,73.03897857666016,,
1780510038.69271,22074.679079986,-6.5949931144714355,-47.50810241699219,80.55268096923828,-3.663076162338257,-50.45613479614258,82.64806365966797,7.803670406341553,-31.44334602355957,81.834228515625,-1.4003629684448242,-37.70176315307617,76.48686981201172,,
1780510038.7125857,22074.699582103,-7.8084397315979,-46.849063873291016,82.781005859375,-6.40602970123291,-52.4151725769043,80.11724090576172,9.014664649963379,-28.687055587768555,80.15499877929688,-0.4633052945137024,-41.67853546142578,79.43631744384766,,
1780510038.7325516,22074.719645866,-8.10673713684082,-45.07550811767578,84.50118255615234,-6.854726314544678,-51.719966888427734,78.02996826171875,8.867159843444824,-28.81730842590332,78.10076904296875,0.6367164254188538,-44.170875549316406,80.8058090209961,,
1780510038.7525613,22074.739647368,-6.817368507385254,-42.93633270263672,85.51769256591797,-6.7180047035217285,-49.96456527709961,77.22613525390625,8.040761947631836,-28.750316619873047,76.87477111816406,1.7885555028915405,-45.11674499511719,81.71533203125,,
1780510038.7727175,22074.759297516,-5.963996887207031,-40.644100189208984,85.85063934326172,-6.190133571624756,-49.22473907470703,76.92190551757812,7.315023422241211,-28.45496368408203,76.14571380615234,1.5136979818344116,-44.95260238647461,82.06297302246094,,
1780510038.792573,22074.77923104,-6.477602481842041,-39.495994567871094,85.88825988769531,-5.283801078796387,-48.76658630371094,77.3823471069336,8.121245384216309,-29.515331268310547,75.74874877929688,-0.1442834734916687,-43.095245361328125,81.54966735839844,,
1780510038.8125823,22074.799081628,-7.6062421798706055,-38.971710205078125,85.49756622314453,-3.9522082805633545,-47.40288162231445,78.69124603271484,8.98992919921875,-31.886184692382812,75.63652801513672,-2.25893235206604,-40.0615119934082,81.100341796875,,
1780510038.8325057,22074.81939566,-9.535224914550781,-39.70415115356445,84.85279083251953,-1.8617558479309082,-45.789669036865234,80.97527313232422,8.632527351379395,-34.42669677734375,76.15784454345703,-4.884730815887451,-36.02669906616211,80.15716552734375,,
1780510038.8525789,22074.839726566,-11.575175285339355,-41.449005126953125,83.71965789794922,0.8301535844802856,-43.88605880737305,84.5632553100586,7.12481164932251,-36.17576599121094,78.00450134277344,-7.741315841674805,-31.945934295654297,77.9201889038086,,
1780510038.8726063,22074.859446078,-11.294140815734863,-43.7623405456543,82.63719177246094,2.520730972290039,-41.596214294433594,87.37097930908203,5.836159706115723,-37.535762786865234,80.4940185546875,-9.777799606323242,-28.636472702026367,75.0523452758789,,
1780510038.8925357,22074.879569319,-9.487874984741211,-45.14433670043945,81.81206512451172,3.281331777572632,-40.465110778808594,87.56511688232422,4.7187581062316895,-39.029518127441406,82.48113250732422,-8.839655876159668,-26.391036987304688,73.65778350830078,,
1780510038.9125316,22074.899208811,-7.579793930053711,-45.94075393676758,81.02324676513672,3.5651538372039795,-41.059410095214844,86.98155975341797,5.05502986907959,-39.91136169433594,83.36515808105469,-7.457352638244629,-26.226716995239258,72.92737579345703,,
1780510038.9332163,22074.9199637,-6.238180160522461,-47.04984664916992,79.87748718261719,3.4313862323760986,-42.04587173461914,86.30513000488281,6.032497882843018,-39.276546478271484,83.49514770507812,-6.425558567047119,-27.69072914123535,71.7295913696289,,
1780510038.9526677,22074.939170299,-5.763084411621094,-47.605743408203125,79.03101348876953,2.1001076698303223,-43.98411560058594,85.60578155517578,6.678847312927246,-37.31288146972656,83.36962127685547,-5.350513935089111,-30.131385803222656,71.33576202392578,,
1780510038.9731991,22074.960044723,-6.002992630004883,-47.60869598388672,79.22964477539062,-0.283866822719574,-47.08224868774414,84.57255554199219,7.099772930145264,-34.638648986816406,82.67571258544922,-3.638986587524414,-33.242340087890625,72.9913101196289,,
1780510038.993284,22074.98038798,-6.596398830413818,-47.83733367919922,80.77461242675781,-3.8112070560455322,-50.509525299072266,82.67964935302734,8.005833625793457,-31.140287399291992,81.6608657836914,-1.5697084665298462,-37.56721115112305,76.2655029296875,,
1780510039.0126815,22074.999982523,-7.80200719833374,-47.008941650390625,82.9426498413086,-6.447065353393555,-52.48966598510742,80.04765319824219,9.129534721374512,-28.484683990478516,79.95719146728516,-0.6222221255302429,-41.63261032104492,79.37703704833984,,
1780510039.0330718,22075.020569137,-8.160747528076172,-45.25201416015625,84.64824676513672,-6.895491123199463,-51.881500244140625,78.03246307373047,8.966511726379395,-28.700458526611328,77.83618927001953,0.5150899291038513,-44.13871383666992,80.76342010498047,,
1780510039.0525916,22075.040448279,-6.8496294021606445,-42.976531982421875,85.6628189086914,-6.742810249328613,-50.168663024902344,77.21459197998047,8.010966300964355,-28.62820816040039,76.51342010498047,1.6883666515350342,-45.22492218017578,81.66902923583984,,
1780510039.0725176,22075.060474132,-5.920280933380127,-40.699913024902344,85.96524047851562,-6.2988786697387695,-49.38456726074219,76.88774108886719,7.232588291168213,-28.275388717651367,75.87030029296875,1.4650272130966187,-45.0282096862793,82.13288879394531,,
1780510039.092532,22075.079824176,-6.514599323272705,-39.51955032348633,86.00723266601562,-5.25419282913208,-48.914710998535156,77.25875854492188,8.14093017578125,-29.363906860351562,75.74929809570312,-0.2895634174346924,-42.97459411621094,81.63343048095703,,
1780510039.1126714,22075.099429732,-7.758572578430176,-38.9603385925293,85.57089233398438,-3.8720123767852783,-47.431434631347656,78.60161590576172,9.000528335571289,-32.01056671142578,75.59264373779297,-2.473318338394165,-39.8623046875,81.14476776123047,,
1780510039.1325912,22075.119719179,-9.637038230895996,-39.599525451660156,84.91413116455078,-1.8121387958526611,-45.704559326171875,81.02519989013672,8.540874481201172,-34.57925033569336,76.09165954589844,-5.061005592346191,-35.721519470214844,80.22124481201172,,
1780510039.1525662,22075.139299869,-11.668328285217285,-41.232139587402344,83.87882995605469,0.8789465427398682,-43.91584777832031,84.57640075683594,6.960665702819824,-36.22696304321289,77.91203308105469,-8.058582305908203,-31.76572036743164,77.93761444091797,,
1780510039.1726222,22075.161563831,-11.331875801086426,-43.528995513916016,82.80753326416016,2.617760419845581,-41.53590774536133,87.36290740966797,5.5914106369018555,-37.61187744140625,80.5286636352539,-10.047051429748535,-28.533601760864258,75.02243041992188,,
1780510039.1925623,22075.179550821,-9.485650062561035,-44.97068405151367,82.02029418945312,3.3780434131622314,-40.32775115966797,87.59051513671875,4.487395763397217,-39.11595916748047,82.52793884277344,-9.075560569763184,-26.405794143676758,73.54459381103516,,
1780510039.2126477,22075.204693842,-7.557406425476074,-45.712303161621094,81.07538604736328,3.7285687923431396,-40.92305374145508,87.01268768310547,4.905186653137207,-39.991817474365234,83.43041229248047,-7.533566474914551,-26.2983341217041,72.91015625,,
1780510039.232591,22075.219124475,-6.218537330627441,-46.760948181152344,79.84758758544922,3.642390489578247,-41.980262756347656,86.30361938476562,5.981472969055176,-39.33268737792969,83.54524993896484,-6.5349040031433105,-27.8015079498291,71.7347640991211,,
1780510039.2525454,22075.239107969,-5.780962944030762,-47.33184814453125,78.78871154785156,2.488765239715576,-43.886512756347656,85.58296203613281,6.603872776031494,-37.43568801879883,83.44733428955078,-5.374331951141357,-30.38827896118164,71.40748596191406,,
1780510039.2725754,22075.259587164,-6.090402126312256,-47.39463424682617,79.02263641357422,0.0910780131816864,-46.98038101196289,84.55207061767578,7.034464359283447,-34.8079833984375,82.72602081298828,-3.625375509262085,-33.612266540527344,72.93363189697266,,
1780510039.2925956,22075.280461601,-6.698686599731445,-47.53261184692383,80.66216278076172,-3.567556858062744,-50.459693908691406,82.594970703125,7.786887168884277,-31.298812866210938,81.71991729736328,-1.4774023294448853,-38.12990188598633,76.36907196044922,,
1780510039.3126063,22075.29993539,-7.875865459442139,-46.84510040283203,82.83297729492188,-6.3711700439453125,-52.56328582763672,80.078369140625,9.003239631652832,-28.491355895996094,79.99858856201172,-0.5835160613059998,-41.907413482666016,79.38095092773438,,
1780510039.3326285,22075.319232743,-8.169570922851562,-45.10823440551758,84.55297088623047,-6.885706901550293,-51.85048294067383,77.98052215576172,8.832451820373535,-28.765886306762695,78.01526641845703,0.5358942151069641,-44.296836853027344,80.83934020996094,,
1780510039.3526037,22075.338986247,-6.863461017608643,-42.88234329223633,85.54291534423828,-6.710946559906006,-50.0282096862793,77.127685546875,7.865242958068848,-28.743045806884766,76.85253143310547,1.7136131525039673,-45.26728820800781,81.82030487060547,,
1780510039.3726065,22075.359127315,-6.0126495361328125,-40.6256103515625,85.9020767211914,-6.096908092498779,-49.24641418457031,76.83440399169922,7.222728729248047,-28.467451095581055,76.10921478271484,1.4694234132766724,-44.99045181274414,82.11585998535156,,
1780510039.3925598,22075.379519375,-6.510135173797607,-39.402442932128906,85.90968322753906,-5.13337516784668,-48.78240203857422,77.30619812011719,7.9966864585876465,-29.6486873626709,75.70043182373047,-0.19585534930229187,-43.145965576171875,81.6026382446289,,
1780510039.4125915,22075.398869186,-7.736868381500244,-38.89228057861328,85.50321960449219,-3.6617958545684814,-47.31162643432617,78.68309783935547,8.941322326660156,-32.13466262817383,75.7350845336914,-2.389946222305298,-39.94591522216797,81.09041595458984,,
1780510039.4325745,22075.419528118,-9.695914268493652,-39.528812408447266,84.7552490234375,-1.5259710550308228,-45.5548210144043,81.0898666381836,8.437177658081055,-34.76229476928711,76.29885864257812,-5.040632724761963,-35.83631896972656,80.17424774169922,,
1780510039.4526155,22075.43992758,-11.687479019165039,-41.356502532958984,83.54386138916016,1.2197681665420532,-43.59726333618164,84.71553039550781,6.954148292541504,-36.530860900878906,78.23648834228516,-7.918341636657715,-31.680227279663086,77.74918365478516,,
1780510039.4728026,22075.460084466,-11.285269737243652,-43.55122375488281,82.55171203613281,2.840118646621704,-41.31013870239258,87.30216217041016,5.5924482345581055,-37.86028289794922,80.71517944335938,-9.798469543457031,-28.581785202026367,74.94277954101562,,
1780510039.4932287,22075.480201853,-9.442570686340332,-44.895076751708984,81.7629165649414,3.6105105876922607,-40.29717254638672,87.3960189819336,4.585443496704102,-39.342620849609375,82.62446594238281,-8.777591705322266,-26.557279586791992,73.61933135986328,,
1780510039.5127206,22075.499694557,-7.585642337799072,-45.72145080566406,80.83360290527344,3.863020181655884,-40.905853271484375,86.81961822509766,5.043047904968262,-40.05173873901367,83.44380950927734,-7.325290679931641,-26.47563934326172,72.87592315673828,,
1780510039.5326722,22075.519521085,-6.244784355163574,-46.895572662353516,79.71427917480469,3.6857244968414307,-41.960445404052734,86.14403533935547,6.143065929412842,-39.386260986328125,83.50398254394531,-6.301650524139404,-28.002548217773438,71.65105438232422,,
1780510039.553154,22075.539752235,-5.827749729156494,-47.397377014160156,78.85336303710938,2.309150457382202,-44.013397216796875,85.45480346679688,6.724666595458984,-37.37950897216797,83.39188385009766,-5.240833282470703,-30.493938446044922,71.39833068847656,,
1780510039.5726547,22075.559293861,-6.143615245819092,-47.464683532714844,79.12969970703125,-0.2583116590976715,-47.18838119506836,84.45637512207031,7.052667617797852,-34.55619430541992,82.71212768554688,-3.5115084648132324,-33.61585998535156,73.04893493652344,,
1780510039.5926287,22075.57952517,-6.671466827392578,-47.61369705200195,80.86884307861328,-3.9288527965545654,-50.55221176147461,82.4665298461914,7.95310115814209,-31.042091369628906,81.64348602294922,-1.4706881046295166,-38.13037872314453,76.59146881103516,,
1780510039.6126235,22075.60003703,-7.894339561462402,-46.810848236083984,83.06580352783203,-6.4835524559021,-52.49831008911133,79.8509521484375,9.134838104248047,-28.460439682006836,79.8458023071289,-0.5485778450965881,-41.877479553222656,79.536376953125,,
1780510039.6326582,22075.619364288,-8.121940612792969,-45.02359390258789,84.6866683959961,-6.79538631439209,-51.678688049316406,77.93769073486328,9.033541679382324,-28.825298309326172,77.80936431884766,0.6035953760147095,-44.26839065551758,80.77345275878906,,
1780510039.6526098,22075.639095398,-6.802685260772705,-42.67791748046875,85.60934448242188,-6.553748607635498,-49.948097229003906,77.16091918945312,7.989625930786133,-28.657222747802734,76.66394805908203,1.7250840663909912,-45.26115417480469,81.74644470214844,,
1780510039.672649,22075.659502121,-6.046016216278076,-40.571109771728516,85.87346649169922,-6.230509281158447,-49.36380386352539,76.90252685546875,7.326277732849121,-28.36842918395996,75.9016342163086,1.2878444194793701,-44.89534378051758,82.0271987915039,,
1780510039.6926804,22075.679805183,-6.650242328643799,-39.378299713134766,85.88309478759766,-5.2330732345581055,-48.827789306640625,77.31999969482422,8.176863670349121,-29.612951278686523,75.7700424194336,-0.4301089644432068,-42.91378402709961,81.5958023071289,,
1780510039.7126195,22075.699957924,-7.773251533508301,-38.95404052734375,85.48639678955078,-3.906724691390991,-47.2917366027832,78.72201538085938,8.98707389831543,-32.08558654785156,75.6634292602539,-2.5041022300720215,-39.71672821044922,81.13345336914062,,
1780510039.7326028,22075.719710732,-9.719233512878418,-39.706539154052734,84.81118774414062,-1.7777564525604248,-45.667301177978516,81.14180755615234,8.56386661529541,-34.625205993652344,76.13362121582031,-5.127685070037842,-35.60727310180664,80.11089324951172,,
1780510039.7525864,22075.739470712,-11.648149490356445,-41.53274917602539,83.68846130371094,0.951500415802002,-43.72296905517578,84.74813842773438,6.99544620513916,-36.32781219482422,78.15393829345703,-8.031288146972656,-31.55921745300293,77.72478485107422,,
1780510039.7732556,22075.759859913,-11.119449615478516,-43.80231857299805,82.72875213623047,2.5692636966705322,-41.45518112182617,87.41510772705078,5.62607479095459,-37.706787109375,80.72069549560547,-9.885106086730957,-28.378734588623047,74.86784362792969,,
1780510039.7932584,22075.780028048,-9.27885627746582,-45.191123962402344,81.95063018798828,3.2873287200927734,-40.41449737548828,87.53675842285156,4.615317344665527,-39.186344146728516,82.59590911865234,-8.860262870788574,-26.27796745300293,73.53218078613281,,
1780510039.813177,22075.800299203,-7.477528095245361,-45.88019561767578,80.90514373779297,3.6701855659484863,-40.9509391784668,86.96370697021484,4.9809699058532715,-39.95616912841797,83.4825210571289,-7.362025260925293,-26.330968856811523,72.86688232421875,,
1780510039.8332267,22075.820253235,-6.198042869567871,-46.813720703125,79.67559814453125,3.570197582244873,-42.06437301635742,86.31018829345703,5.98353385925293,-39.21321487426758,83.56913757324219,-6.406112194061279,-27.902389526367188,71.77125549316406,,
1780510039.8532145,22075.840383371,-5.791612148284912,-47.38351058959961,78.71424865722656,2.2778279781341553,-44.050086975097656,85.52813720703125,6.587384223937988,-37.30403137207031,83.44811248779297,-5.1639227867126465,-30.45905303955078,71.41146087646484,,
1780510039.8726103,22075.859624844,-6.181224346160889,-47.451499938964844,78.95188903808594,-0.21091677248477936,-47.2004280090332,84.5196304321289,6.975939750671387,-34.642921447753906,82.72671508789062,-3.3060998916625977,-33.71527862548828,73.06324005126953,,
1780510039.8925853,22075.879274969,-6.7559356689453125,-47.56015396118164,80.70465087890625,-3.914857864379883,-50.59701919555664,82.4762954711914,7.812051296234131,-31.135360717773438,81.69842529296875,-1.247327208518982,-38.33474349975586,76.67576599121094,,
1780510039.912636,22075.899131247,-7.960846900939941,-46.76845169067383,82.9183349609375,-6.4870076179504395,-52.493064880371094,79.8895492553711,8.916400909423828,-28.582412719726562,79.93603515625,-0.41866883635520935,-42.126129150390625,79.53656005859375,,
1780510039.9331582,22075.920636796,-8.061327934265137,-44.88798141479492,84.57941436767578,-6.817899703979492,-51.527915954589844,77.90989685058594,8.690156936645508,-29.017242431640625,77.94132995605469,0.7937849760055542,-44.52119827270508,80.8853988647461,,
1780510039.9532852,22075.940665709,-6.66087532043457,-42.604026794433594,85.5289077758789,-6.612707614898682,-49.75811004638672,77.14215087890625,7.768199443817139,-28.834991455078125,76.84512329101562,1.9263545274734497,-45.33830642700195,81.82330322265625,,
1780510039.9727407,22075.959888478,-5.852189064025879,-40.32678985595703,85.8374252319336,-5.978829860687256,-48.95627975463867,76.90253448486328,7.152344703674316,-28.637449264526367,76.14934539794922,1.6061124801635742,-45.04521942138672,82.08683776855469,,
1780510039.9926631,22075.980544238,-6.425962924957275,-39.183650970458984,85.81289672851562,-4.9820404052734375,-48.439266204833984,77.4172592163086,8.112313270568848,-29.847625732421875,75.82776641845703,-0.11555719375610352,-42.995609283447266,81.53028869628906,,
1780510040.0126462,22075.999221012,-7.629826068878174,-38.694740295410156,85.34596252441406,-3.492265462875366,-46.91730499267578,78.81681823730469,8.921518325805664,-32.41785430908203,75.90294647216797,-2.2470574378967285,-39.86265563964844,81.07093811035156,,
1780510040.0327044,22076.019365691,-9.821187973022461,-39.52041244506836,84.55439758300781,-1.1067728996276855,-45.1644287109375,81.33988189697266,8.268606185913086,-35.13914108276367,76.52523803710938,-4.999908447265625,-35.72962951660156,79.98514556884766,,
1780510040.0526392,22076.039744567,-11.748462677001953,-41.39891815185547,83.18356323242188,1.6007840633392334,-43.22153854370117,85.06432342529297,6.782693386077881,-36.79070281982422,78.49745178222656,-7.805020332336426,-31.620555877685547,77.50523376464844,,
1780510040.072574,22076.059671242,-11.128976821899414,-43.64028549194336,82.2442398071289,3.1447317600250244,-40.97468185424805,87.32012939453125,5.454787731170654,-38.20013427734375,80.96605682373047,-9.377632141113281,-28.42591667175293,74.81295776367188,,
1780510040.0926566,22076.07986881,-9.343673706054688,-44.88330841064453,81.42864990234375,3.766005039215088,-40.16884994506836,87.27233123779297,4.608406066894531,-39.58475875854492,82.74210357666016,-8.223109245300293,-26.55978775024414,73.60515594482422,,
1780510040.1126442,22076.099267679,-7.480278015136719,-45.71406555175781,80.45437622070312,3.917856216430664,-40.97357177734375,86.7192611694336,5.126521587371826,-40.069149017333984,83.45020294189453,-6.841818332672119,-26.63189697265625,72.82520294189453,,
1780510040.1326337,22076.119558925,-6.29177188873291,-46.91909408569336,79.30001831054688,3.5864946842193604,-42.163570404052734,86.02336120605469,6.215817451477051,-39.240196228027344,83.48202514648438,-5.82874870300293,-28.14990997314453,71.62321472167969,,
1780510040.1525917,22076.139754831,-5.920611381530762,-47.335201263427734,78.57090759277344,2.0069072246551514,-44.357276916503906,85.31597900390625,6.70940637588501,-37.14774703979492,83.31216430664062,-4.681945323944092,-30.776094436645508,71.67411041259766,,
1780510040.1725943,22076.159691458,-6.3243231773376465,-47.387107849121094,78.94496154785156,-0.7011975646018982,-47.685001373291016,84.20358276367188,7.099022388458252,-34.21483612060547,82.63931274414062,-2.8512158393859863,-34.09611129760742,73.58172607421875,,
1780510040.192639,22076.179621512,-6.942993640899658,-47.503662109375,80.85014343261719,-4.314547538757324,-50.94442367553711,82.1510238647461,8.286523818969727,-30.755359649658203,81.4625244140625,-1.0427496433258057,-38.774017333984375,77.11856842041016,,
1780510040.2126026,22076.199285838,-8.054962158203125,-46.56283950805664,83.0120620727539,-6.507898807525635,-52.39041519165039,79.63716125488281,9.351463317871094,-28.67417335510254,79.49418640136719,-0.19709226489067078,-42.327919006347656,79.72520446777344,,
1780510040.2326562,22076.219407011,-7.987740516662598,-44.6508674621582,84.59125518798828,-6.717636585235596,-51.20063781738281,77.93647003173828,9.088114738464355,-29.054513931274414,77.54041290283203,1.0182082653045654,-44.5794792175293,80.83794403076172,,
1780510040.253348,22076.240687266,-6.5743408203125,-42.43584060668945,85.48763275146484,-6.525617599487305,-49.64637756347656,77.33236694335938,8.043147087097168,-28.632253646850586,76.3935546875,1.9151060581207275,-45.346168518066406,81.65465545654297,,
1780510040.2726023,22076.259726241,-5.955470085144043,-40.302207946777344,85.72176361083984,-6.030759334564209,-49.030460357666016,77.12086486816406,7.512286186218262,-28.623523712158203,75.90636444091797,1.2934575080871582,-44.84353256225586,81.89200592041016,,
1780510040.2925966,22076.279843628,-6.655591011047363,-39.365421295166016,85.7132797241211,-5.011171340942383,-48.37356185913086,77.66666412353516,8.449058532714844,-29.98206901550293,75.79082489013672,-0.5308709144592285,-42.58469009399414,81.43334197998047,,
1780510040.3127434,22076.299459701,-7.95055627822876,-39.09933090209961,85.22955322265625,-3.625955820083618,-46.708900451660156,79.23143005371094,9.16225814819336,-32.7008056640625,75.71333312988281,-2.649325132369995,-39.28584671020508,80.87911224365234,,
1780510040.3326573,22076.319256432,-10.087217330932617,-40.041786193847656,84.45337677001953,-1.1805171966552734,-44.998905181884766,81.85344696044922,8.383869171142578,-35.243568420410156,76.48091125488281,-5.358220100402832,-35.0297966003418,79.69316101074219,,
1780510040.3526676,22076.339084257,-11.658195495605469,-42.035888671875,83.34646606445312,1.3068851232528687,-43.06629180908203,85.5494155883789,6.857388973236084,-36.67578887939453,78.70469665527344,-8.244868278503418,-30.99628257751465,77.15446472167969,,
1780510040.372637,22076.359266537,-10.788747787475586,-44.22652816772461,82.40428161621094,2.7004129886627197,-40.92085647583008,87.60987091064453,5.405729293823242,-38.02836608886719,81.1567611694336,-9.500298500061035,-27.948238372802734,74.54976654052734,,
1780510040.3926177,22076.379623017,-9.030202865600586,-45.4734992980957,81.60504913330078,3.250744104385376,-40.22880554199219,87.52047729492188,4.644425392150879,-39.35540008544922,82.85672760009766,-8.241422653198242,-26.127641677856445,73.41853332519531,,
1780510040.4126031,22076.39987537,-7.249875068664551,-46.31123733520508,80.6007080078125,3.4911649227142334,-40.99705505371094,86.95491790771484,5.20915412902832,-39.82831573486328,83.50202178955078,-6.864226341247559,-26.36847686767578,72.6401596069336,,
1780510040.4326,22076.420096926,-6.041960716247559,-47.309810638427734,79.40874481201172,3.117058515548706,-42.246788024902344,86.23236846923828,6.19638204574585,-38.901588439941406,83.50511932373047,-5.817183494567871,-27.989042282104492,71.59689331054688,,
1780510040.4525995,22076.439168939,-5.744495868682861,-47.64381408691406,78.69950866699219,1.6684015989303589,-44.486568450927734,85.43621826171875,6.8103437423706055,-36.87081527709961,83.23171997070312,-4.632554531097412,-30.69196319580078,71.71746063232422,,
1780510040.4726014,22076.459218692,-6.258015155792236,-47.72224426269531,79.16011810302734,-1.0439260005950928,-47.74939727783203,84.29647827148438,7.227705955505371,-33.981998443603516,82.4838638305664,-2.7037785053253174,-34.05708694458008,73.61598205566406,,
1780510040.492684,22076.479625579,-6.825626373291016,-47.726295471191406,81.0985336303711,-4.654560565948486,-50.96414566040039,82.12362670898438,8.337014198303223,-30.585407257080078,81.25225830078125,-0.8487269878387451,-38.776241302490234,77.21074676513672,,
1780510040.5128934,22076.499922698,-7.963135719299316,-46.656734466552734,83.15823364257812,-6.711642265319824,-52.38146209716797,79.58799743652344,9.344697952270508,-28.5350284576416,79.38358306884766,-0.06947625428438187,-42.247859954833984,79.76194763183594,,
1780510040.5327249,22076.519703926,-7.6862969398498535,-44.53544235229492,84.7166748046875,-6.933653354644775,-50.992401123046875,77.8504638671875,8.953648567199707,-28.960935592651367,77.53111267089844,1.2400741577148438,-44.497276306152344,80.95055389404297,,
1780510040.552642,22076.539377365,-6.230156898498535,-42.026275634765625,85.47708892822266,-6.783120155334473,-49.328407287597656,77.29942321777344,7.87999963760376,-28.7721004486084,76.55751037597656,2.173551559448242,-45.33092498779297,81.78758239746094,,
1780510040.5726488,22076.559272893,-5.70045804977417,-40.14811325073242,85.84307861328125,-6.1147966384887695,-48.755123138427734,77.12124633789062,7.504853248596191,-28.84687042236328,75.81766510009766,1.54551362991333,-44.701255798339844,81.85016632080078,,
1780510040.5926733,22076.579577401,-6.459094524383545,-39.064083099365234,85.65918731689453,-4.990487575531006,-47.96778869628906,77.82307434082031,8.410310745239258,-30.611474990844727,75.62493133544922,-0.23883506655693054,-42.601253509521484,81.35348510742188,,
1780510040.6126485,22076.600187565,-7.9482502937316895,-38.93791580200195,85.24197387695312,-3.210906505584717,-46.22307205200195,79.61883544921875,8.979508399963379,-33.25117111206055,75.71163940429688,-2.588677167892456,-39.003780364990234,80.76586151123047,,
1780510040.6328323,22076.61961917,-10.350530624389648,-39.97807693481445,84.23844909667969,-0.6543809175491333,-44.414703369140625,82.57592010498047,7.933184623718262,-35.77544021606445,76.67061614990234,-5.474226951599121,-34.57426834106445,79.4082260131836,,
1780510040.6526523,22076.639324365,-11.945721626281738,-42.14752197265625,82.82548522949219,2.0953686237335205,-42.09323501586914,86.39440155029297,6.487929821014404,-37.33885192871094,79.13111877441406,-8.390176773071289,-30.55771255493164,76.6646728515625,,
1780510040.6726308,22076.659039629,-10.888506889343262,-44.08941650390625,81.9927749633789,3.3553802967071533,-40.010562896728516,87.83563995361328,4.859673500061035,-38.74082946777344,81.55199432373047,-9.06301212310791,-27.752588272094727,74.34455871582031,,
1780510040.6926513,22076.679509769,-9.03219223022461,-45.02090835571289,81.069091796875,3.839012384414673,-39.76957702636719,87.36459350585938,4.371675491333008,-40.031646728515625,83.1139907836914,-7.3515543937683105,-26.15908432006836,73.55537414550781,,
1780510040.7125492,22076.700638166,-7.269503593444824,-46.08467102050781,80.09706115722656,3.9159023761749268,-40.755638122558594,86.75465393066406,5.32673978805542,-40.1823616027832,83.49642944335938,-6.135989189147949,-26.61998748779297,72.55561065673828,,
1780510040.7326257,22076.720847502,-6.197106838226318,-47.18608093261719,78.83460998535156,3.382549524307251,-42.14623260498047,85.99871063232422,6.393797874450684,-39.01738739013672,83.47506713867188,-5.174856185913086,-28.58005142211914,71.40505981445312,,
1780510040.7526503,22076.739354339,-6.010319709777832,-47.37717819213867,78.3369369506836,1.689209222793579,-44.7752571105957,85.26083374023438,6.981792449951172,-36.785400390625,83.09825134277344,-4.042888641357422,-31.337312698364258,71.9696273803711,,
1780510040.7725217,22076.759186981,-6.458654403686523,-47.37870407104492,79.0162582397461,-1.178877353668213,-48.17624282836914,83.86861419677734,7.456053256988525,-33.62812423706055,82.37188720703125,-2.07144832611084,-35.07036590576172,74.35785675048828,,
1780510040.7925832,22076.779622345,-7.0798234939575195,-47.372039794921875,81.16304016113281,-4.798434257507324,-51.18699264526367,81.54861450195312,8.8226318359375,-30.221603393554688,80.93754577636719,-0.3744221031665802,-39.8631591796875,77.79076385498047,,
1780510040.8126256,22076.799524969,-8.20296859741211,-45.93742752075195,83.15292358398438,-6.384635925292969,-51.94558334350586,79.13320922851562,9.522156715393066,-29.09852409362793,78.89704132080078,0.4396968483924866,-43.259437561035156,80.02246856689453,,
1780510040.832684,22076.819700802,-7.529510021209717,-43.87227249145508,84.65996551513672,-6.30550479888916,-50.36930465698242,77.73898315429688,8.964927673339844,-29.354475021362305,77.22876739501953,1.7775578498840332,-45.06903076171875,81.05320739746094,,
1780510040.852605,22076.83965499,-6.149003982543945,-41.3827018737793,85.25863647460938,-6.0706892013549805,-48.9459114074707,77.24262237548828,7.733645439147949,-29.08555030822754,76.31780242919922,2.283886432647705,-45.7366943359375,81.80663299560547,,
1780510040.8726323,22076.859612153,-5.955753326416016,-39.6386604309082,85.53952026367188,-5.53357458114624,-48.64205551147461,77.21541595458984,7.541146755218506,-29.206310272216797,75.73869323730469,1.1333929300308228,-44.71118927001953,81.69774627685547,,
1780510040.8926325,22076.879319366,-6.793743133544922,-38.76177215576172,85.30625915527344,-4.419135093688965,-47.591922760009766,77.9940414428711,8.602482795715332,-31.171184539794922,75.73117065429688,-0.7214605808258057,-42.23582458496094,81.27433776855469,,
1780510040.9126792,22076.899204794,-8.361026763916016,-38.87874221801758,84.75846099853516,-2.621234178543091,-45.6827392578125,79.8899154663086,9.028051376342773,-33.943397521972656,75.85820770263672,-2.9524919986724854,-38.47087097167969,80.65888977050781,,
1780510040.9326718,22076.919486503,-10.710029602050781,-40.068946838378906,83.72713470458984,-0.047616876661777496,-43.980628967285156,83.0044174194336,7.7407355308532715,-36.1473503112793,76.98458862304688,-5.712367057800293,-33.992244720458984,79.1445083618164,,
1780510040.952786,22076.939497141,-11.831297874450684,-42.41969680786133,82.53099822998047,2.4814133644104004,-41.72907257080078,86.53407287597656,6.38238000869751,-37.5860710144043,79.55914306640625,-8.638647079467773,-30.122634887695312,76.2736587524414,,
1780510040.972672,22076.958932743,-10.631060600280762,-44.24896240234375,81.64142608642578,3.568310260772705,-39.83545684814453,87.65131378173828,4.942362308502197,-38.99588394165039,81.84291076660156,-8.848518371582031,-27.49066734313965,74.27838897705078,,
1780510040.9932208,22076.979955805,-8.742565155029297,-45.10124969482422,80.82012176513672,3.906193256378174,-39.95751190185547,87.15503692626953,4.675981044769287,-40.16163635253906,83.21308135986328,-7.203103065490723,-26.118967056274414,73.5569839477539,,
1780510041.0126445,22076.9999087,-7.125187397003174,-46.12821960449219,79.7033462524414,3.9374942779541016,-41.01873779296875,86.49238586425781,5.492196083068848,-40.062252044677734,83.57010650634766,-6.048318862915039,-26.85438346862793,72.48521423339844,,
1780510041.0326583,22077.019957158,-6.241011619567871,-47.11902618408203,78.40310668945312,3.2436060905456543,-42.552879333496094,85.80809783935547,6.391613960266113,-38.81584930419922,83.5490493774414,-4.968748092651367,-28.84654426574707,71.56246185302734,,
1780510041.0526104,22077.040453887,-6.108883380889893,-47.224586486816406,78.1905288696289,1.0812984704971313,-45.52832794189453,84.91737365722656,6.829713821411133,-36.46671676635742,83.03858184814453,-3.538477897644043,-31.7496395111084,72.44058990478516,,
1780510041.0727,22077.059803172,-6.689150333404541,-47.316009521484375,79.06925964355469,-2.213850498199463,-49.12186813354492,83.42512512207031,7.345429420471191,-33.23199462890625,82.31729888916016,-1.3324177265167236,-35.778343200683594,75.12163543701172,,
1780510041.0926886,22077.079778368,-7.382824897766113,-47.14805603027344,81.43577575683594,-5.555052280426025,-51.54381561279297,81.05113220214844,8.8544340133667,-29.89484214782715,80.74853515625,-0.021030258387327194,-40.47892379760742,78.4349365234375,,
1780510041.1125834,22077.099213954,-8.202522277832031,-45.578895568847656,83.29789733886719,-6.673502445220947,-51.513614654541016,78.81563568115234,9.211372375488281,-29.329986572265625,78.69560241699219,0.821168065071106,-43.631587982177734,80.369140625,,
1780510041.1327543,22077.119329597,-7.11444616317749,-43.27653121948242,84.72786712646484,-6.4866790771484375,-49.6127815246582,77.60176849365234,8.526399612426758,-29.538732528686523,77.2618179321289,2.1832199096679688,-45.24987030029297,81.31378936767578,,
1780510041.1526265,22077.139520893,-5.751319408416748,-40.81761932373047,85.26556396484375,-6.397752285003662,-48.50835418701172,77.26321411132812,7.442809104919434,-29.14642906188965,76.33052062988281,2.3680334091186523,-45.65928268432617,81.81267547607422,,
1780510041.1727612,22077.160213194,-5.934543609619141,-39.412925720214844,85.54486846923828,-5.495748519897461,-48.230648040771484,77.480712890625,7.830695629119873,-29.72939682006836,75.86940002441406,0.9458062052726746,-44.30049514770508,81.40113830566406,,
1780510041.1926353,22077.179877831,-6.926705360412598,-38.762535095214844,85.18748474121094,-4.1570048332214355,-46.945552825927734,78.59394073486328,8.743929862976074,-32.02852249145508,75.82805633544922,-0.9371892809867859,-41.6591796875,81.03353881835938,,
1780510041.2127168,22077.199529221,-8.81855297088623,-39.2293586730957,84.55486297607422,-2.0834527015686035,-45.03618621826172,80.80055236816406,8.83404541015625,-34.730438232421875,76.1937026977539,-3.3652477264404297,-37.56956481933594,80.26018524169922,,
1780510041.2327287,22077.219291156,-11.276704788208008,-40.772796630859375,83.38455963134766,0.6612086296081543,-43.31697463989258,84.27381134033203,7.2926201820373535,-36.54804992675781,77.72492218017578,-6.2675676345825195,-33.05368423461914,78.35042572021484,,
1780510041.2526412,22077.239359223,-11.7858304977417,-43.18958282470703,82.04889678955078,2.7198894023895264,-40.92127990722656,87.2990951538086,5.96957540512085,-37.86005783081055,80.24728393554688,-8.672886848449707,-29.425823211669922,75.54884338378906,,
1780510041.2726414,22077.259926199,-10.249587059020996,-44.60116195678711,81.22003173828125,3.631131649017334,-39.56425857543945,87.70336151123047,4.678836822509766,-39.20853042602539,82.38277435302734,-8.12506103515625,-26.937332153320312,74.11516571044922,,
1780510041.2926705,22077.279524683,-8.342592239379883,-45.323646545410156,80.4446792602539,3.887002944946289,-40.19139862060547,87.0528793334961,4.85172176361084,-40.166748046875,83.37068176269531,-6.632070064544678,-26.125205993652344,73.46353149414062,,
1780510041.3126833,22077.299977411,-6.874911785125732,-46.58808517456055,79.17217254638672,3.713479518890381,-41.28927230834961,86.37932586669922,5.788463592529297,-39.815364837646484,83.56234741210938,-5.428636074066162,-27.225757598876953,72.17765045166016,,
1780510041.3326297,22077.319759941,-6.133560657501221,-47.344825744628906,78.22401428222656,2.5358920097351074,-43.21269607543945,85.67096710205078,6.5114946365356445,-38.13240432739258,83.4896469116211,-4.366749286651611,-29.55074119567871,71.56340789794922,,
1780510041.35267,22077.340286516,-6.30372953414917,-47.30824661254883,78.20819091796875,0.1286267638206482,-46.47832489013672,84.71449279785156,6.915638446807861,-35.53818130493164,82.92645263671875,-2.7191953659057617,-32.558414459228516,73.04324340820312,,
1780510041.3727,22077.360890584,-6.670546531677246,-47.43015670776367,79.7433090209961,-3.48628568649292,-49.992191314697266,82.84837341308594,7.75901985168457,-32.0941047668457,81.93547058105469,-0.6659076809883118,-36.99828338623047,76.26847839355469,,
1780510041.392716,22077.379702579,-7.678723335266113,-46.84520721435547,82.02992248535156,-6.15236759185791,-51.71036148071289,80.48027801513672,9.286334037780762,-29.409109115600586,80.19605255126953,0.2675344944000244,-41.4676628112793,79.19860076904297,,
1780510041.4127164,22077.399607631,-7.977693557739258,-45.092716217041016,83.81865692138672,-6.62025260925293,-50.90095520019531,78.45315551757812,9.309505462646484,-29.430761337280273,77.94860076904297,1.375298261642456,-44.23141860961914,80.55547332763672,,
1780510041.4327552,22077.419592752,-6.629214763641357,-42.83417510986328,85.02894592285156,-6.344723701477051,-49.20515060424805,77.64022827148438,8.514259338378906,-29.345869064331055,76.52503967285156,2.515742540359497,-45.46936798095703,81.24451446533203,,
1780510041.4528587,22077.439569852,-5.518507480621338,-40.306148529052734,85.36071014404297,-6.055628776550293,-48.359230041503906,77.36165618896484,7.553089618682861,-28.935054779052734,76.03411102294922,2.2269256114959717,-45.498050689697266,81.72470092773438,,
1780510041.4726315,22077.459564295,-6.054553508758545,-39.24627685546875,85.45249938964844,-5.121031761169434,-47.84973907470703,77.78804016113281,8.232661247253418,-30.074352264404297,75.82476806640625,0.47686171531677246,-43.6342658996582,81.28642272949219,,
1780510041.4927013,22077.479894553,-7.30380392074585,-38.75459289550781,85.01094055175781,-3.677267074584961,-46.287872314453125,79.04036712646484,9.091665267944336,-32.792747497558594,75.76347351074219,-1.5590758323669434,-40.514244079589844,80.85081481933594,,
1780510041.512577,22077.499417994,-9.362947463989258,-39.40863800048828,84.2322769165039,-1.6262116432189941,-44.48950958251953,81.43521881103516,8.65920639038086,-35.362510681152344,76.24787902832031,-4.040761947631836,-36.243106842041016,79.97077941894531,,
1780510041.5329008,22077.519737787,-11.599851608276367,-41.42421340942383,83.01534271240234,1.2465380430221558,-42.68870544433594,85.21116638183594,7.039470672607422,-36.993431091308594,78.3048324584961,-6.924487590789795,-31.81583023071289,77.67830657958984,,
1780510041.552769,22077.539606436,-11.337740898132324,-43.77976608276367,82.09095764160156,2.8588366508483887,-40.42510223388672,87.5999526977539,5.537661075592041,-38.229251861572266,80.74908447265625,-8.80984115600586,-28.469942092895508,74.9976806640625,,
1780510041.5726593,22077.559135424,-9.776713371276855,-45.076026916503906,81.04816436767578,3.509066343307495,-39.520023345947266,87.6170425415039,4.569949150085449,-39.60709762573242,82.72846984863281,-7.57584285736084,-26.20201873779297,73.75689697265625,,
1780510041.5926385,22077.579279123,-7.774312496185303,-45.84025573730469,80.2884521484375,3.6633963584899902,-40.40876007080078,86.9389877319336,4.934146404266357,-40.25971603393555,83.49714660644531,-6.261935234069824,-26.06467628479004,72.96321105957031,,
1780510041.6126876,22077.59969657,-6.4060235023498535,-46.867916107177734,78.88426971435547,3.392929792404175,-41.747501373291016,86.182373046875,5.859895706176758,-39.57255554199219,83.55496978759766,-5.05584192276001,-27.515138626098633,71.89995574951172,,
1780510041.6327722,22077.61956745,-5.986047744750977,-47.331207275390625,77.98934936523438,1.9195863008499146,-44.03449249267578,85.40328216552734,6.4459428787231445,-37.63398361206055,83.40770721435547,-3.764770269393921,-30.118623733520508,71.7519302368164,,
1780510041.652686,22077.639389416,-6.528225421905518,-47.27842330932617,78.16889953613281,-0.5684782266616821,-47.41680145263672,84.37439727783203,6.919969081878662,-34.90793228149414,82.70375061035156,-1.8691695928573608,-33.46432876586914,73.52830505371094,,
1780510041.672709,22077.659750043,-6.958259582519531,-47.22622299194336,80.11237335205078,-4.194834232330322,-50.575931549072266,82.25759887695312,8.167739868164062,-31.510526657104492,81.53190612792969,-0.14515987038612366,-38.3521614074707,77.0286636352539,,
1780510041.6926696,22077.680589467,-7.884882926940918,-46.27880096435547,82.40322875976562,-6.322659492492676,-51.77094268798828,79.82389068603516,9.297468185424805,-29.316598892211914,79.64807891845703,0.6581056118011475,-42.33145523071289,79.61490631103516,,
1780510041.7127342,22077.700725217,-7.641596794128418,-44.20674133300781,84.06681060791016,-6.467473983764648,-50.36872100830078,78.06654357910156,9.032591819763184,-29.658367156982422,77.78189086914062,1.8580701351165771,-44.84563064575195,80.73418426513672,,
1780510041.7327082,22077.719832651,-6.191532135009766,-41.766361236572266,84.98738861083984,-6.246758937835693,-48.700904846191406,77.4818115234375,7.995502948760986,-29.3814697265625,76.69962310791016,2.7494986057281494,-45.84144592285156,81.4968490600586,,
1780510041.7527547,22077.73989036,-5.447731018066406,-39.6529426574707,85.32981872558594,-5.964311122894287,-48.043006896972656,77.36844635009766,7.534509658813477,-29.20342254638672,76.14460754394531,2.0110795497894287,-45.364990234375,81.63111114501953,,
1780510041.7726247,22077.759504772,-6.2524871826171875,-38.77378463745117,85.28646850585938,-4.787742614746094,-47.23470687866211,78.08633422851562,8.46566390991211,-30.955089569091797,75.9194107055664,0.21559657156467438,-43.37354278564453,81.16060638427734,,
1780510041.7926948,22077.77960847,-7.831217288970947,-38.600341796875,84.75811004638672,-3.042760133743286,-45.62257385253906,79.62030792236328,8.972028732299805,-33.619808197021484,75.86961364746094,-2.0545876026153564,-39.99312973022461,80.65727233886719,,
1780510041.8127162,22077.799418062,-10.185429573059082,-39.70586395263672,83.83203125,-0.6225442290306091,-43.909908294677734,82.44766998291016,8.214166641235352,-35.93309020996094,76.6583251953125,-4.7755913734436035,-35.37379837036133,79.4423599243164,,
1780510041.8327384,22077.819867955,-11.96930980682373,-41.957820892333984,82.478271484375,1.9758797883987427,-41.84442138671875,86.19573211669922,6.708229064941406,-37.30995178222656,79.00602722167969,-7.6067047119140625,-31.110931396484375,76.97047424316406,,
1780510041.8526332,22077.839598492,-11.120326042175293,-43.98259735107422,81.59239959716797,3.224385976791382,-39.87582015991211,87.7940444946289,5.100147724151611,-38.62968826293945,81.48770904541016,-8.540618896484375,-28.071218490600586,74.63395690917969,,
1780510041.8726676,22077.859321221,-9.38245677947998,-44.98915100097656,80.57472229003906,3.6568961143493652,-39.6057014465332,87.39398193359375,4.449178218841553,-39.8860969543457,83.1159439086914,-6.900893688201904,-26.127357482910156,73.727294921875,,
1780510041.8927517,22077.879502062,-7.474422931671143,-45.8991813659668,79.71309661865234,3.6884562969207764,-40.781272888183594,86.71752166748047,5.195596218109131,-40.14572525024414,83.58326721191406,-5.743109703063965,-26.4219913482666,72.82623291015625,,
1780510041.9126508,22077.899379455,-6.335399627685547,-46.956722259521484,78.4769515991211,3.0396857261657715,-42.35757827758789,85.98162078857422,6.1693220138549805,-38.98933410644531,83.57938385009766,-4.722485065460205,-28.211347579956055,71.74213409423828,,
1780510041.932615,22077.919661126,-6.156824588775635,-47.27145004272461,77.98767852783203,1.2152234315872192,-44.99687576293945,85.23816680908203,6.745771884918213,-36.769126892089844,83.25709533691406,-3.36493182182312,-30.902271270751953,72.28157043457031,,
1780510041.9527287,22077.939846923,-6.651839256286621,-47.244319915771484,78.6983871459961,-1.70768404006958,-48.5468864440918,83.81908416748047,7.263431549072266,-33.68849182128906,82.52566528320312,-1.3522920608520508,-34.655487060546875,74.70027923583984,,
1780510041.9726193,22077.959635525,-7.1512227058410645,-47.1854362487793,80.9702377319336,-5.225935935974121,-51.23102569580078,81.51235961914062,8.92541790008545,-30.444568634033203,80.9765625,0.10723140835762024,-39.60896682739258,78.00038146972656,,
1780510041.9926407,22077.979065155,-8.06202220916748,-45.841121673583984,83.10448455810547,-6.49936580657959,-51.51729202270508,79.22640228271484,9.607707977294922,-29.262306213378906,78.84419250488281,0.9870325326919556,-43.09966278076172,80.09970092773438,,
1780510042.01267,22077.999081329,-7.22667121887207,-43.552242279052734,84.54638671875,-6.347362041473389,-49.745643615722656,77.94210052490234,9.145119667053223,-29.461030960083008,77.15153503417969,2.290395736694336,-45.12042236328125,80.93441009521484,,
1780510042.0326896,22078.019210154,-5.821328163146973,-41.073543548583984,85.18405151367188,-6.142399787902832,-48.501285552978516,77.5269546508789,8.081653594970703,-28.998411178588867,76.33942413330078,2.598229169845581,-45.73291015625,81.50641632080078,,
1780510042.0527313,22078.03921688,-5.791165828704834,-39.41238021850586,85.39459228515625,-5.641759872436523,-48.1922721862793,77.62025451660156,7.952305793762207,-29.38361167907715,75.82754516601562,1.2012299299240112,-44.7963752746582,81.41444396972656,,
1780510042.0727184,22078.059327483,-6.814258098602295,-38.692928314208984,85.18311309814453,-4.518970489501953,-47.11887741088867,78.4787368774414,8.872389793395996,-31.504093170166016,75.64073181152344,-0.7338277101516724,-42.368343353271484,81.00199127197266,,
1780510042.0926993,22078.079488825,-8.48707103729248,-38.99055480957031,84.6098403930664,-2.6848785877227783,-45.20193862915039,80.34071350097656,9.049489974975586,-34.18733215332031,75.88166046142578,-2.9551661014556885,-38.530517578125,80.44259643554688,,
1780510042.1127143,22078.099632962,-10.882692337036133,-40.31403732299805,83.54238891601562,-0.07235977053642273,-43.50729751586914,83.68202209472656,7.744668006896973,-36.26974868774414,77.13880920410156,-5.685482025146484,-33.960330963134766,78.8549575805664,,
1780510042.132655,22078.119818674,-11.966218948364258,-42.75379943847656,82.25321960449219,2.2953147888183594,-41.265480041503906,87.05521392822266,6.3240885734558105,-37.47148513793945,79.6665267944336,-8.44509220123291,-30.04388427734375,76.05440521240234,,
1780510042.1531985,22078.141234927,-10.695770263671875,-44.46730041503906,81.43737030029297,3.326228380203247,-39.63448715209961,87.85404205322266,4.838640213012695,-38.86054229736328,82.03899383544922,-8.503412246704102,-27.44224739074707,74.13447570800781,,
1780510042.1727314,22078.160439648,-8.816689491271973,-45.2473258972168,80.60283660888672,3.700551986694336,-39.9383544921875,87.33348083496094,4.662219524383545,-39.99871063232422,83.28807830810547,-6.910281658172607,-26.13975715637207,73.55855560302734,,
1780510042.1926413,22078.179898609,-7.234262943267822,-46.316463470458984,79.3656997680664,3.7173967361450195,-41.048973083496094,86.65409851074219,5.596351146697998,-39.90483474731445,83.54423522949219,-5.70599889755249,-26.847389221191406,72.47058868408203,,
1780510042.2126117,22078.199248085,-6.343185901641846,-47.234195709228516,78.2106704711914,2.776916027069092,-42.837982177734375,85.86931610107422,6.424314975738525,-38.407814025878906,83.4686050415039,-4.640837669372559,-28.96433448791504,71.56397247314453,,
1780510042.2326102,22078.219220798,-6.310927867889404,-47.394962310791016,78.05345916748047,0.4942342936992645,-45.937564849853516,84.91246032714844,6.827293395996094,-36.0053825378418,82.97685241699219,-3.0039548873901367,-31.945770263671875,72.69793701171875,,
1780510042.252677,22078.239068011,-6.689362525939941,-47.4767951965332,79.21611022949219,-2.9369335174560547,-49.4452018737793,83.21499633789062,7.539806365966797,-32.7557373046875,82.16310119628906,-0.8079730868339539,-36.283390045166016,75.78223419189453,,
1780510042.2732234,22078.259768735,-7.552619934082031,-46.959754943847656,81.60575103759766,-5.968447208404541,-51.59369659423828,80.79643249511719,9.075345993041992,-29.69424819946289,80.48345947265625,0.2606014311313629,-41.00372314453125,78.8769760131836,,
1780510042.293329,22078.280006647,-8.085728645324707,-45.351627349853516,83.51387786865234,-6.651165962219238,-51.1177978515625,78.61824798583984,9.237946510314941,-29.40792465209961,78.37006378173828,1.221394658088684,-43.967742919921875,80.46868896484375,,
1780510042.3129191,22078.299521185,-6.71242094039917,-42.88561248779297,84.81752014160156,-6.431343078613281,-49.08516311645508,77.60348510742188,8.422996520996094,-29.468107223510742,77.02178192138672,2.573586940765381,-45.468326568603516,81.39430236816406,,
1780510042.3332026,22078.320469371,-5.382402420043945,-40.322017669677734,85.22091674804688,-6.266294479370117,-48.00239944458008,77.34200286865234,7.459848880767822,-29.128530502319336,76.33783721923828,2.5779213905334473,-45.75695037841797,81.8587417602539,,
1780510042.3526394,22078.339218838,-5.881803512573242,-38.98118209838867,85.43054962158203,-5.323792457580566,-47.76033401489258,77.54788970947266,7.916289806365967,-29.964664459228516,76.06950378417969,0.847791314125061,-44.23685073852539,81.40316009521484,,
1780510042.3726952,22078.359448368,-7.16264009475708,-38.535221099853516,85.0516357421875,-3.8041200637817383,-46.337493896484375,78.81631469726562,8.905017852783203,-32.58669662475586,75.90776824951172,-1.1962482929229736,-41.36725997924805,80.9119644165039,,
1780510042.392671,22078.378985198,-9.148001670837402,-39.02140426635742,84.28056335449219,-1.7687666416168213,-44.44185256958008,81.01815032958984,8.688797950744629,-35.305198669433594,76.27230072021484,-3.6491456031799316,-37.20307922363281,80.19172668457031,,
1780510042.4126203,22078.399226431,-11.644238471984863,-40.86076354980469,82.94483184814453,1.277234435081482,-42.61882019042969,84.84620666503906,7.035984039306641,-37.14657211303711,78.15016174316406,-6.447047233581543,-32.63462829589844,78.01478576660156,,
1780510042.4326246,22078.419182117,-11.737066268920898,-43.247798919677734,81.86289978027344,3.0370755195617676,-40.30817413330078,87.4849624633789,5.549968242645264,-38.29417037963867,80.63236999511719,-8.551817893981934,-28.966127395629883,75.27860260009766,,
1780510042.452679,22078.439871017,-10.167252540588379,-44.57068634033203,80.88078308105469,3.6972641944885254,-39.353057861328125,87.58830261230469,4.446165561676025,-39.59605407714844,82.70035552978516,-7.507976055145264,-26.43101692199707,74.02387237548828,,
1780510042.4726183,22078.459365561,-8.119115829467773,-45.32990646362305,80.17257690429688,3.8420603275299072,-40.30356216430664,86.9166259765625,4.840416431427002,-40.381134033203125,83.50567626953125,-6.177746295928955,-26.01677703857422,73.29759979248047,,
1780510042.4926267,22078.47931976,-6.616334438323975,-46.513736724853516,78.8703842163086,3.527977228164673,-41.65479278564453,86.15834045410156,5.787679195404053,-39.72032165527344,83.60768127441406,-5.046454429626465,-27.420291900634766,72.03484344482422,,
1780510042.5131998,22078.499399996,-6.092516899108887,-47.146697998046875,77.98836517333984,1.953867793083191,-43.95378494262695,85.43177795410156,6.452064514160156,-37.74972915649414,83.47027587890625,-3.790644884109497,-29.85966682434082,71.80332946777344,,
1780510042.5334451,22078.520308977,-6.511981964111328,-47.10570526123047,78.27484893798828,-0.4475204050540924,-47.314720153808594,84.41883850097656,7.004928112030029,-35.0154914855957,82.88164520263672,-2.090298891067505,-33.10694122314453,73.58123779296875,,
1780510042.5531635,22078.540148384,-6.888407230377197,-47.154563903808594,80.0323257446289,-4.1033124923706055,-50.474910736083984,82.35408782958984,8.276250839233398,-31.64727020263672,81.64974975585938,-0.1815662831068039,-37.96565628051758,77.08881378173828,,
1780510042.572744,22078.55943451,-7.892292022705078,-46.129459381103516,82.38634490966797,-6.194185256958008,-51.642093658447266,79.8382797241211,9.50678825378418,-29.44891929626465,79.77637481689453,0.639892578125,-42.18040466308594,79.68319702148438,,
1780510042.5926397,22078.579295941,-7.713836193084717,-44.208656311035156,84.07127380371094,-6.308911323547363,-50.316558837890625,78.08558654785156,9.147340774536133,-29.68109893798828,77.7379150390625,1.8798558712005615,-44.8188362121582,80.7487564086914,,
1780510042.6132436,22078.600693078,-6.248341083526611,-41.925392150878906,85.08196258544922,-6.10580587387085,-48.74655532836914,77.59485626220703,8.260075569152832,-29.22997283935547,76.50906372070312,2.727257013320923,-45.82588195800781,81.36682891845703,,
1780510042.633288,22078.61963905,-5.524417877197266,-39.75550842285156,85.33846282958984,-5.826396465301514,-48.12864685058594,77.44327545166016,7.675488471984863,-29.091991424560547,76.01945495605469,1.9651457071304321,-45.49833297729492,81.62699127197266,,
1780510042.6527293,22078.639395158,-6.387996673583984,-39.02652359008789,85.31124877929688,-4.718893527984619,-47.41740417480469,78.0893325805664,8.620851516723633,-30.63431739807129,75.98212432861328,0.018888141959905624,-43.34611511230469,81.13129425048828,,
1780510042.6726966,22078.659245195,-7.83099365234375,-38.812904357910156,84.81553649902344,-3.3070285320281982,-45.829227447509766,79.55461883544922,9.203985214233398,-33.21785354614258,75.79096221923828,-2.165391206741333,-39.92915725708008,80.70132446289062,,
1780510042.6926575,22078.679108297,-10.068852424621582,-39.91748046875,83.9384536743164,-1.0136234760284424,-44.144569396972656,82.29830169677734,8.563276290893555,-35.59165954589844,76.53173065185547,-4.763164520263672,-35.363975524902344,79.55936431884766,,
1780510042.7127662,22078.699227113,-11.829769134521484,-42.08832931518555,82.74764251708984,1.6011481285095215,-42.29019546508789,86.0181655883789,6.9705586433410645,-36.85357666015625,78.82693481445312,-7.678316116333008,-31.166994094848633,77.06746673583984,,
1780510042.7326913,22078.719177926,-10.04307746887207,-43.66269302368164,82.72108459472656,3.2192888259887695,-41.011837005615234,87.56221771240234,6.328259468078613,-37.68532180786133,81.05699157714844,-9.692959785461426,-28.877174377441406,74.68952178955078,,
1780510042.752673,22078.739261203,-7.994493007659912,-44.772850036621094,81.69161224365234,3.5448668003082275,-40.92946243286133,87.55430603027344,6.200150966644287,-38.518489837646484,82.39043426513672,-8.669572830200195,-27.253881454467773,73.72969055175781,,
1780510042.7727158,22078.759450052,-6.466246604919434,-45.83499526977539,80.5985107421875,3.6037466526031494,-41.90543746948242,87.17073059082031,7.084654331207275,-38.469608306884766,82.8915786743164,-7.932638168334961,-27.946760177612305,72.81452941894531,,
1780510042.7927673,22078.77933843,-5.672519207000732,-47.067222595214844,79.55967712402344,3.051658868789673,-43.48357391357422,86.29457092285156,8.23406982421875,-37.29552459716797,82.81492614746094,-6.938726902008057,-29.742780685424805,72.15120697021484,,
1780510042.8126795,22078.799457851,-5.442411422729492,-47.42450714111328,79.5415267944336,0.8028627038002014,-46.40924835205078,85.12275695800781,8.871980667114258,-34.49007797241211,82.45154571533203,-5.637277126312256,-32.774391174316406,73.40899658203125,,
1780510042.832712,22078.819347283,-5.955492973327637,-47.96460723876953,81.14476776123047,-2.5244994163513184,-50.194541931152344,83.34451293945312,9.808517456054688,-30.982336044311523,81.47532653808594,-3.487229347229004,-36.72825622558594,76.8794174194336,,
1780510042.8526173,22078.839152351,-7.631986618041992,-47.70092010498047,83.2489013671875,-5.823402404785156,-53.126182556152344,80.4670181274414,10.613743782043457,-27.600297927856445,79.97860717773438,-1.7752352952957153,-40.59115982055664,80.31473541259766,,
1780510042.8726017,22078.85909648,-8.724563598632812,-46.61210250854492,84.8255386352539,-6.898310661315918,-53.48045349121094,78.16361999511719,9.994749069213867,-27.418472290039062,77.94132232666016,-0.5765480995178223,-42.954490661621094,81.7410659790039,,
1780510042.8926475,22078.87929235,-7.774540424346924,-44.96473693847656,85.88941192626953,-6.7663254737854,-51.71303939819336,77.15345001220703,8.60002613067627,-27.511531829833984,76.56292724609375,0.9049395322799683,-44.01898956298828,82.82063293457031,,
1780510042.9127138,22078.900051669,-6.900665760040283,-43.27128219604492,86.19251251220703,-6.328619003295898,-51.027557373046875,76.6796875,7.55724573135376,-26.90189552307129,75.83139038085938,0.9597911238670349,-43.5406379699707,83.25890350341797,,
1780510042.9331794,22078.920440474,-7.071910381317139,-42.09834289550781,86.33777618408203,-5.437039852142334,-50.91352081298828,76.64700317382812,8.367944717407227,-27.214881896972656,75.6340103149414,-0.42241090536117554,-41.24529266357422,82.71946716308594,,
1780510042.953112,22078.940216783,-7.738344669342041,-41.51332092285156,86.03820037841797,-4.400289535522461,-50.02311325073242,77.69239807128906,10.029784202575684,-28.935272216796875,75.57137298583984,-2.2711291313171387,-37.971763610839844,82.03810119628906,,
1780510042.9730875,22078.959625297,-8.706313133239746,-41.7491340637207,85.66847229003906,-2.949328660964966,-48.846923828125,79.58780670166016,10.47329044342041,-31.31786346435547,75.64146423339844,-4.429327964782715,-34.4881706237793,81.2163314819336,,
1780510042.9926732,22078.979315074,-9.741925239562988,-42.804039001464844,85.08480072021484,-1.143267273902893,-47.7917366027832,82.00971221923828,9.614266395568848,-33.43510055541992,76.51769256591797,-6.75871467590332,-31.332387924194336,79.74134826660156,,
1780510043.0135055,22078.999995712,-10.197190284729004,-44.30876159667969,84.20832824707031,0.5410201549530029,-46.087730407714844,85.16790008544922,8.73851203918457,-34.719669342041016,78.34233856201172,-9.617494583129883,-28.89353370666504,77.04275512695312,,
1780510043.0328314,22079.019550076,-9.012646675109863,-46.084712982177734,83.3377685546875,1.2485449314117432,-44.40031051635742,87.26931762695312,8.087774276733398,-35.909385681152344,80.4193344116211,-10.924154281616211,-26.881383895874023,74.6436767578125,,
1780510043.0527236,22079.039158082,-7.457050323486328,-47.255191802978516,82.21000671386719,1.7547390460968018,-43.42424011230469,87.6386947631836,7.698239803314209,-37.03118133544922,82.0538330078125,-10.231610298156738,-26.050708770751953,73.2346420288086,,
1780510043.0726862,22079.059404093,-6.03432035446167,-47.93136215209961,81.25146484375,2.082935333251953,-43.600563049316406,87.2293472290039,8.157628059387207,-37.25851821899414,82.763916015625,-9.207927703857422,-26.776248931884766,72.43477630615234,,
1780510043.0927525,22079.079259495,-5.335687637329102,-48.677059173583984,80.43498229980469,1.6694250106811523,-44.5882568359375,86.59033203125,9.073163986206055,-35.93155288696289,82.69601440429688,-8.406279563903809,-28.79429054260254,72.02845001220703,,
1780510043.1126368,22079.09915937,-5.243145942687988,-49.33979034423828,80.63291931152344,-0.27701765298843384,-46.749122619628906,85.45122528076172,9.788573265075684,-33.310489654541016,82.07354736328125,-7.1134490966796875,-31.876920700073242,72.92842864990234,,
1780510043.132673,22079.119230187,-5.963135242462158,-49.65458297729492,82.33728790283203,-4.06484842300415,-50.465354919433594,83.38338470458984,10.274272918701172,-29.74700927734375,80.98584747314453,-4.527649402618408,-35.951839447021484,76.64266967773438,,
1780510043.1527412,22079.1395254,-7.812139987945557,-49.199222564697266,84.17467498779297,-7.03987455368042,-53.770904541015625,80.6569595336914,11.442995071411133,-26.58826446533203,79.46387481689453,-2.7644565105438232,-39.38541030883789,80.11495208740234,,
1780510043.1726952,22079.159536056,-8.747859954833984,-47.67228698730469,85.71417236328125,-7.9324493408203125,-54.120811462402344,78.30604553222656,10.810317993164062,-26.541730880737305,77.50529479980469,-1.3833993673324585,-41.618255615234375,81.7034912109375,,
1780510043.1927016,22079.179402143,-7.929731845855713,-45.8937873840332,86.64844512939453,-7.81737756729126,-52.804935455322266,77.20024871826172,9.465398788452148,-26.606201171875,75.98074340820312,-0.021136339753866196,-42.43568801879883,82.73621368408203,,
1780510043.2132483,22079.200038848,-7.0482282638549805,-44.01402282714844,86.83198547363281,-7.242873668670654,-51.957576751708984,76.62079620361328,8.383203506469727,-26.210664749145508,75.35401916503906,0.2910856008529663,-41.91941452026367,83.3428726196289,,
1780510043.2331793,22079.219735147,-7.204165935516357,-42.64115905761719,86.83818817138672,-6.350899696350098,-51.729434967041016,76.70450592041016,8.955160140991211,-26.82749366760254,75.09297943115234,-0.9916226863861084,-39.832763671875,82.83438873291016,,
1780510043.2532744,22079.239822883,-7.769738674163818,-42.09214401245117,86.67805480957031,-5.174889087677002,-50.77446746826172,77.71209716796875,10.184492111206055,-28.799612045288086,74.93374633789062,-2.665241241455078,-36.73188018798828,82.17747497558594,,
1780510043.2732925,22079.259942128,-8.670098304748535,-42.131019592285156,86.2386703491211,-3.7057597637176514,-49.44343566894531,79.56327056884766,10.400995254516602,-31.249019622802734,75.24085998535156,-4.789689064025879,-33.320777893066406,81.35536193847656,,
1780510043.29308,22079.279819018,-9.834807395935059,-43.14811325073242,85.62850952148438,-1.5932496786117554,-48.0423698425293,82.44996643066406,9.547119140625,-33.527000427246094,76.31936645507812,-7.4414849281311035,-30.243812561035156,79.56013488769531,,
1780510043.3132732,22079.299679143,-10.078280448913574,-44.7580451965332,84.6751480102539,0.14906445145606995,-45.923377990722656,85.74239349365234,8.577889442443848,-35.000396728515625,78.46257781982422,-10.379596710205078,-27.818166732788086,76.5160140991211,,
1780510043.3333406,22079.319688411,-8.811075210571289,-46.606689453125,83.64798736572266,1.1060975790023804,-43.89356231689453,87.76951599121094,7.730082035064697,-36.580631256103516,80.73959350585938,-11.26396369934082,-25.950111389160156,73.95186614990234,,
1780510043.35317,22079.339653183,-7.076257228851318,-47.39216232299805,82.5350112915039,1.9749261140823364,-42.85104751586914,87.96209716796875,7.2047224044799805,-37.929115295410156,82.36248779296875,-10.300959587097168,-25.485637664794922,72.90157318115234,,
1780510043.373264,22079.360553297,-5.765120983123779,-47.860084533691406,81.29058837890625,2.5948519706726074,-42.861629486083984,87.43194580078125,7.7090911865234375,-38.09938049316406,83.057861328125,-9.122370719909668,-26.619285583496094,72.1952133178711,,
1780510043.3929114,22079.37948119,-5.1277852058410645,-48.4364128112793,80.2267074584961,2.3965320587158203,-43.787200927734375,86.73944091796875,8.596487998962402,-36.59386444091797,83.04399871826172,-8.471681594848633,-29.01449966430664,71.58322143554688,,
1780510043.41268,22079.399192114,-5.184401035308838,-49.09496307373047,80.20203399658203,0.7139200568199158,-45.8438720703125,85.73307800292969,9.469548225402832,-34.08572006225586,82.3691177368164,-7.192032337188721,-32.097049713134766,72.29793548583984,,
1780510043.4327419,22079.41933788,-5.878920078277588,-49.41874313354492,81.58039855957031,-2.6825623512268066,-49.3553581237793,83.89472961425781,10.013319969177246,-30.744272232055664,81.32647705078125,-4.761025428771973,-36.360923767089844,75.61407470703125,,
1780510043.4527104,22079.439389046,-7.614110469818115,-49.21503448486328,83.60333251953125,-6.047096252441406,-52.9886474609375,81.26505279541016,10.966106414794922,-27.15498924255371,79.92227935791016,-2.6848976612091064,-40.12461853027344,79.6077651977539,,
1780510043.4726279,22079.459386079,-8.902997970581055,-47.746273040771484,85.19380187988281,-7.420568466186523,-54.13576889038086,78.64508056640625,10.61769962310791,-26.741668701171875,77.8285140991211,-1.5092389583587646,-42.41365432739258,81.48389434814453,,
1780510043.4926605,22079.479106867,-8.16008186340332,-45.832828521728516,86.26750946044922,-7.588379383087158,-52.673927307128906,77.3377456665039,9.242644309997559,-27.107133865356445,76.18649291992188,-0.02092503197491169,-43.533992767333984,82.65131378173828,,
1780510043.5127618,22079.499321498,-7.180351734161377,-43.76884841918945,86.54991912841797,-6.877251148223877,-51.524696350097656,76.57159423828125,7.914985656738281,-26.779991149902344,75.5669937133789,0.6224071979522705,-43.26116943359375,83.511962890625,,
1780510043.5326364,22079.519127365,-7.213738441467285,-42.173095703125,86.54911041259766,-5.864011287689209,-51.2905158996582,76.289306640625,8.202722549438477,-26.96283721923828,75.42655181884766,-0.4745616614818573,-41.26416778564453,83.11773681640625,,
1780510043.5527096,22079.539179995,-7.792721748352051,-41.24991226196289,86.43294525146484,-4.660337924957275,-50.50041580200195,77.15348815917969,9.666961669921875,-28.788877487182617,75.2235336303711,-2.2166850566864014,-38.19497299194336,82.34342956542969,,
1780510043.5729427,22079.559625721,-8.848980903625488,-41.21186065673828,85.9565200805664,-3.018238067626953,-49.258827209472656,78.91431427001953,10.272177696228027,-31.32535743713379,75.36559295654297,-4.464928150177002,-34.571170806884766,81.47583770751953,,
1780510043.5927591,22079.579678795,-9.919326782226562,-42.01858139038086,85.30670166015625,-1.098695158958435,-47.850860595703125,81.59466552734375,9.302375793457031,-33.68361282348633,76.21800231933594,-6.8855180740356445,-31.493724822998047,80.04735565185547,,
1780510043.612758,22079.599461131,-10.488378524780273,-43.47758483886719,84.32138061523438,0.935147225856781,-45.945533752441406,84.86764526367188,8.46396541595459,-35.281044006347656,78.18882751464844,-9.803004264831543,-28.87002944946289,77.13926696777344,,
1780510043.632733,22079.619271413,-9.550207138061523,-45.40580749511719,83.10565185546875,1.780921459197998,-43.965091705322266,87.14395141601562,7.593748092651367,-36.71247482299805,80.49241638183594,-11.000466346740723,-26.801103591918945,74.42528533935547,,
1780510043.6527157,22079.639444487,-7.860592365264893,-46.65916061401367,81.99371337890625,2.3285293579101562,-42.85627365112305,87.58064270019531,6.769129276275635,-38.12248992919922,82.315673828125,-9.963766098022461,-25.566329956054688,73.2242431640625,,
1780510043.6727383,22079.65919651,-6.486267566680908,-47.51900863647461,80.9632797241211,2.749887466430664,-42.82721710205078,87.05274963378906,7.179630279541016,-38.6860466003418,83.14320373535156,-8.571980476379395,-26.073501586914062,72.40962219238281,,
1780510043.6932273,22079.67982345,-5.763923645019531,-48.367183685302734,79.94995880126953,2.3125855922698975,-43.66313552856445,86.42050170898438,7.789286136627197,-37.43980407714844,83.27114868164062,-7.658364772796631,-28.106595993041992,71.49262237548828,,
1780510043.7132044,22079.69980461,-5.6669111251831055,-48.959449768066406,79.61383056640625,0.7315678000450134,-45.580665588378906,85.7392578125,8.374404907226562,-35.06752014160156,82.83413696289062,-6.475155830383301,-30.801847457885742,71.83534240722656,,
1780510043.7332819,22079.719431745,-5.99019193649292,-49.19478988647461,80.4555435180664,-2.470832347869873,-48.764808654785156,84.35662078857422,8.687819480895996,-31.967111587524414,82.01914978027344,-4.307277679443359,-34.275333404541016,74.53326416015625,,
1780510043.7532558,22079.740091868,-7.0545735359191895,-49.50214385986328,82.40168762207031,-6.203378200531006,-51.96820068359375,82.09651184082031,10.049132347106934,-28.49175262451172,80.61590576171875,-2.401336193084717,-38.56048583984375,78.23596954345703,,
1780510043.7726843,22079.759160982,-8.399433135986328,-48.10379409790039,84.34620666503906,-8.006769180297852,-53.15839385986328,79.46515655517578,10.422311782836914,-27.16884422302246,78.437744140625,-1.3460960388183594,-41.58707809448242,80.55785369873047,,
1780510043.7926764,22079.779515762,-7.920647621154785,-46.180789947509766,85.75516510009766,-8.185693740844727,-51.67625427246094,78.01990509033203,9.664145469665527,-27.654050827026367,76.49549865722656,0.18266791105270386,-43.38853454589844,81.60709381103516,,
1780510043.8126934,22079.799450698,-6.542104721069336,-43.788055419921875,86.37144470214844,-8.002684593200684,-50.39122772216797,77.48190307617188,8.588705062866211,-27.30286979675293,75.50151824951172,0.9766830205917358,-43.715606689453125,82.33773803710938,,
1780510043.8326502,22079.819789657,-6.20485782623291,-41.79416275024414,86.5834732055664,-7.384385585784912,-49.938636779785156,77.25041198730469,8.374129295349121,-27.57183837890625,75.20215606689453,0.14873291552066803,-42.537933349609375,82.36552429199219,,
1780510043.8526638,22079.839936329,-6.944198131561279,-40.78434753417969,86.49687194824219,-6.399953365325928,-48.96644973754883,78.0838851928711,9.427848815917969,-29.508813858032227,75.06179809570312,-1.6485748291015625,-39.81598663330078,81.7622299194336,,
1780510043.8728175,22079.859937272,-8.328583717346191,-40.67018508911133,86.09954071044922,-4.7706098556518555,-47.24518585205078,80.00125885009766,9.890438079833984,-32.332942962646484,75.22949981689453,-4.015738010406494,-36.02675247192383,81.0627670288086,,
1780510043.8926325,22079.879958848,-10.32591438293457,-41.70258331298828,85.35478973388672,-2.2526912689208984,-45.460628509521484,83.33078002929688,8.436240196228027,-34.89089584350586,76.34517669677734,-6.820093154907227,-32.066627502441406,79.5268325805664,,
1780510043.9126277,22079.89981259,-11.287914276123047,-44.08601379394531,84.0098648071289,0.21661806106567383,-42.967899322509766,87.18905639648438,6.960244178771973,-36.56454086303711,79.08502960205078,-9.627700805664062,-28.26588249206543,76.30587768554688,,
1780510043.9326246,22079.919404455,-9.908644676208496,-45.90547180175781,83.24967956542969,1.476932406425476,-40.96025085449219,88.58792114257812,4.998166084289551,-38.08203887939453,81.68987274169922,-10.233802795410156,-25.886798858642578,73.82374572753906,,
1780510043.95316,22079.939886756,-7.939273357391357,-46.6109619140625,82.44779968261719,2.299978256225586,-40.62371063232422,88.09990692138672,4.441293716430664,-39.713829040527344,83.30337524414062,-8.355165481567383,-24.668886184692383,73.28299713134766,,
1780510043.9727354,22079.959973904,-6.446976184844971,-47.37295150756836,81.22055053710938,2.7331607341766357,-41.14964294433594,87.45958709716797,5.238068103790283,-39.969017028808594,83.73007202148438,-6.9799113273620605,-25.496978759765625,72.2817153930664,,
1780510043.9933226,22079.98050557,-5.586376667022705,-48.23270797729492,79.77525329589844,2.3764431476593018,-42.02484893798828,86.7018814086914,6.045107364654541,-38.84048843383789,83.75653076171875,-5.806232929229736,-27.573102951049805,71.06732940673828,,
1780510044.013158,22080.000292052,-5.407054424285889,-48.261722564697266,79.21710968017578,1.1872470378875732,-44.239749908447266,85.89665985107422,6.643279075622559,-36.76154708862305,83.3676986694336,-4.846128463745117,-30.393648147583008,71.40090942382812,,
1780510044.0327768,22080.019841504,-6.121072769165039,-48.21206283569336,79.28475952148438,-0.9574852585792542,-47.36214065551758,84.79271697998047,7.311379432678223,-34.01287078857422,82.50775146484375,-3.0763134956359863,-33.64366912841797,73.1432113647461,,
1780510044.05272,22080.039360802,-6.569741725921631,-48.21383285522461,81.11341857910156,-4.591487884521484,-50.52757263183594,82.44463348388672,8.312313079833984,-30.552461624145508,81.14366912841797,-0.9362874627113342,-38.55506896972656,76.66136932373047,,
1780510044.072637,22080.060016908,-7.870169162750244,-46.74999237060547,83.20297241210938,-6.785089015960693,-52.22050476074219,79.82305145263672,9.24561595916748,-28.571134567260742,79.38121032714844,-0.08310739696025848,-42.61590576171875,79.56816864013672,,
1780510044.0926476,22080.079223734,-7.68309211730957,-44.577728271484375,84.8143539428711,-6.9430766105651855,-51.17461013793945,78.09373474121094,9.02038860321045,-28.88981819152832,77.375,1.2029980421066284,-44.91106414794922,80.76898956298828,,
1780510044.11275,22080.099804221,-6.338611125946045,-41.66203308105469,85.44232177734375,-6.7390618324279785,-49.3713493347168,77.33025360107422,7.95975399017334,-29.079530715942383,76.39238739013672,2.1918509006500244,-46.08900833129883,81.76876068115234,,
1780510044.1327488,22080.11988957,-5.73262882232666,-39.605838775634766,85.79945373535156,-5.9588446617126465,-48.555870056152344,77.08779907226562,7.309192180633545,-29.09501838684082,75.85054779052734,1.7610249519348145,-45.6412467956543,82.04942321777344,,
1780510044.15338,22080.140098827,-6.6513166427612305,-38.26948928833008,85.63882446289062,-4.747814655303955,-48.036109924316406,77.50714111328125,7.981424331665039,-30.574487686157227,75.63249206542969,-0.2602684199810028,-43.749385833740234,81.63021087646484,,
1780510044.1731794,22080.159999058,-8.25410270690918,-38.051631927490234,85.24565124511719,-2.953007936477661,-46.27115249633789,79.1526870727539,8.821575164794922,-33.32369613647461,75.61727905273438,-2.693340539932251,-40.2845573425293,81.00481414794922,,
1780510044.192746,22080.17989186,-10.658221244812012,-38.954254150390625,84.22920227050781,-0.32399865984916687,-44.30131530761719,82.07611083984375,7.992239952087402,-35.93608474731445,76.30894470214844,-5.540732383728027,-35.72111511230469,79.80876922607422,,
1780510044.2133865,22080.200618972,-12.571174621582031,-40.95435333251953,82.63694763183594,2.647674560546875,-42.05089569091797,85.97682189941406,6.425364971160889,-37.50345230102539,78.8102035522461,-8.585301399230957,-31.379661560058594,77.08270263671875,,
1780510044.2331884,22080.220539226,-11.503049850463867,-42.896934509277344,81.93785095214844,3.985995054244995,-39.959075927734375,87.59101867675781,4.740833282470703,-38.865325927734375,81.39654541015625,-9.503201484680176,-28.370479583740234,74.72883605957031,,
1780510044.2532163,22080.24114585,-9.71982479095459,-43.8013916015625,80.73037719726562,4.5590901374816895,-39.42890167236328,87.1275634765625,4.044201850891113,-40.269893646240234,83.24606323242188,-7.6933183670043945,-26.612897872924805,73.90410614013672,,
1780510044.273021,22080.260136727,-7.724612712860107,-44.695072174072266,79.72643280029297,4.635685443878174,-40.59566879272461,86.534912109375,4.909186363220215,-40.508182525634766,83.75483703613281,-6.54880428314209,-27.012922286987305,73.0229721069336,,
1780510044.2931232,22080.281959645,-6.332202434539795,-45.92322540283203,78.43515014648438,4.0101776123046875,-42.278255462646484,85.69032287597656,6.095643043518066,-39.474735260009766,83.73886108398438,-5.4655070304870605,-28.854087829589844,71.85311126708984,,
1780510044.312753,22080.299410297,-6.085522651672363,-46.42802429199219,78.0008316040039,2.048388719558716,-45.113712310791016,84.88807678222656,6.916961193084717,-37.11635208129883,83.34093475341797,-4.150566577911377,-31.6048583984375,72.3450698852539,,
1780510044.332853,22080.320183826,-6.612923622131348,-46.547183990478516,78.90069580078125,-1.1820354461669922,-48.97854232788086,83.4823226928711,7.370663642883301,-33.777244567871094,82.62149810791016,-2.0985798835754395,-35.42572784423828,75.02288055419922,,
1780510044.3527498,22080.340107149,-7.460443019866943,-46.658470153808594,81.20638275146484,-4.978539943695068,-51.756858825683594,81.13111877441406,8.824312210083008,-30.18120574951172,81.26129913330078,-0.5838531255722046,-40.21128463745117,78.65660095214844,,
1780510044.3727236,22080.360121465,-8.541337966918945,-45.432777404785156,83.22566986083984,-6.199739933013916,-51.92232131958008,78.81694793701172,9.10025691986084,-29.28980255126953,79.36882019042969,0.24981704354286194,-43.5775146484375,80.71952819824219,,
1780510044.3927152,22080.379267581,-7.747254848480225,-43.44658279418945,84.70403289794922,-6.108772277832031,-50.13139343261719,77.39920043945312,8.287283897399902,-29.6097412109375,77.634765625,1.5929864645004272,-45.5009765625,81.55916595458984,,
1780510044.4126625,22080.399253408,-6.41163969039917,-41.274681091308594,85.3409194946289,-6.0104851722717285,-49.01857376098633,76.9671630859375,7.071109294891357,-28.985599517822266,76.57957458496094,1.908278465270996,-46.067955017089844,82.14140319824219,,
1780510044.4330022,22080.420035807,-6.332033634185791,-39.66939926147461,85.5988998413086,-5.39272928237915,-48.74296188354492,76.99053955078125,7.219381809234619,-29.030546188354492,76.34085083007812,0.6302039623260498,-44.93547058105469,82.01113891601562,,
1780510044.4527185,22080.439995103,-7.240086078643799,-38.85414505004883,85.35334014892578,-4.380550384521484,-47.62545394897461,77.92315673828125,8.365423202514648,-30.91405487060547,76.3023681640625,-1.2083964347839355,-42.52798080444336,81.5655288696289,,
1780510044.47274,22080.460041124,-8.6760835647583,-39.037757873535156,84.8370132446289,-2.823885679244995,-46.0536994934082,79.49144744873047,9.074348449707031,-33.37976837158203,76.33648681640625,-3.4091379642486572,-38.62607955932617,80.88179016113281,,
1780510044.4926856,22080.479610833,-10.630562782287598,-40.098331451416016,84.08428192138672,-0.6155894994735718,-44.70576095581055,82.15699768066406,8.088863372802734,-35.36710739135742,77.156005859375,-6.042481422424316,-34.41523742675781,79.57105255126953,,
1780510044.512699,22080.499197265,-11.788212776184082,-42.17757034301758,83.03568267822266,1.680727243423462,-42.9891471862793,85.66454315185547,6.922262191772461,-36.65726089477539,79.33829498291016,-8.864006042480469,-30.549592971801758,76.88945770263672,,
1780510044.5327423,22080.519255597,-10.580304145812988,-44.1861572265625,82.20478057861328,2.7871909141540527,-41.31694793701172,87.3102035522461,5.630077838897705,-38.02653503417969,81.57707214355469,-9.674771308898926,-27.71994972229004,74.51982879638672,,
1780510044.5526721,22080.539182931,-8.7765474319458,-45.38264846801758,81.320068359375,3.1271402835845947,-41.12194061279297,87.19827270507812,5.13868522644043,-39.285701751708984,83.03268432617188,-8.384617805480957,-26.09618377685547,73.36239624023438,,
1780510044.572691,22080.559221335,-6.975809574127197,-46.178340911865234,80.40392303466797,3.1131813526153564,-42.119022369384766,86.66581726074219,5.664839744567871,-39.40632247924805,83.61155700683594,-7.219851493835449,-26.47196388244629,72.57339477539062,,
1780510044.5929153,22080.579589689,-5.952276706695557,-47.21238708496094,79.36690521240234,2.4547901153564453,-43.60846710205078,85.89055633544922,6.6554765701293945,-38.2911491394043,83.54180908203125,-6.091207027435303,-28.196918487548828,71.6562271118164,,
1780510044.6126468,22080.599250948,-5.685960292816162,-47.50386428833008,79.17159271240234,0.3840884864330292,-46.147891998291016,84.9697036743164,7.086423397064209,-35.75141143798828,83.1961669921875,-4.681761741638184,-31.173585891723633,72.42977142333984,,
1780510044.6326003,22080.619115581,-6.203807353973389,-47.74382019042969,80.22708892822266,-2.9289968013763428,-49.711334228515625,83.45611572265625,7.643758773803711,-32.45338821411133,82.34380340576172,-2.537510633468628,-35.16529846191406,75.34817504882812,,
1780510044.6525552,22080.639784898,-7.260924816131592,-47.6655387878418,82.4935302734375,-6.124237537384033,-52.33258819580078,81.02083587646484,9.299321174621582,-29.063549041748047,80.82791900634766,-1.1457990407943726,-39.63705825805664,78.78572845458984,,
1780510044.6726136,22080.659154868,-8.296529769897461,-46.36153793334961,84.27549743652344,-7.284734725952148,-52.72285461425781,78.72247314453125,9.56762981414795,-28.23923683166504,78.64511108398438,-0.20647022128105164,-42.59151077270508,80.57608795166016,,
1780510044.6925526,22080.679018178,-7.4692864418029785,-44.09503173828125,85.52835083007812,-7.267855644226074,-51.04700469970703,77.52334594726562,8.748244285583496,-28.43055534362793,77.05931854248047,1.0989640951156616,-44.392276763916016,81.52922821044922,,
1780510044.7125366,22080.699177845,-6.3316650390625,-41.77100372314453,85.98229217529297,-6.98371696472168,-49.95523452758789,77.06379699707031,7.609766483306885,-27.8775634765625,76.35525512695312,1.3492417335510254,-44.82904815673828,82.26103210449219,,
1780510044.7325528,22080.719316181,-6.471829414367676,-40.53599166870117,86.23743438720703,-6.266335487365723,-49.60345458984375,77.1958236694336,8.043252944946289,-28.29923439025879,75.8611831665039,0.0658252015709877,-43.40887451171875,81.95221710205078,,
1780510044.7525218,22080.739044671,-7.4433770179748535,-39.769744873046875,86.0067367553711,-4.964106559753418,-48.493289947509766,78.16650390625,9.160868644714355,-30.463502883911133,75.68572998046875,-1.8473429679870605,-40.966312408447266,81.37513732910156,,
1780510044.7726057,22080.759227441,-8.774213790893555,-40.056739807128906,85.5875244140625,-3.392390251159668,-46.77153778076172,80.13885498046875,9.513799667358398,-32.87261962890625,75.70478820800781,-4.14443826675415,-37.108917236328125,80.71736145019531,,
1780510044.7926922,22080.779412646,-10.804536819458008,-41.221832275390625,84.7059555053711,-0.8873998522758484,-45.32259750366211,83.26593780517578,8.131316184997559,-34.897945404052734,76.73888397216797,-6.942324638366699,-33.2265510559082,79.1358642578125,,
1780510044.8138463,22080.80039368,-11.732854843139648,-43.337284088134766,83.32460021972656,1.4170063734054565,-42.98341751098633,86.7920913696289,6.747570991516113,-36.260231018066406,79.2374038696289,-9.73992919921875,-29.70221710205078,76.20388793945312,,
1780510044.833358,22080.819976259,-10.351128578186035,-45.08710479736328,82.39569091796875,2.534525156021118,-40.9940071105957,88.10811614990234,5.200284004211426,-37.790321350097656,81.67802429199219,-9.997783660888672,-27.07891273498535,74.07759857177734,,
1780510044.8528163,22080.8395091,-8.531526565551758,-45.78359603881836,81.43663787841797,3.2867774963378906,-40.686485290527344,87.64199829101562,4.826669216156006,-39.414093017578125,83.19824981689453,-8.212690353393555,-25.826732635498047,73.50257110595703,,
1780510044.872758,22080.859267714,-6.889815330505371,-46.56135940551758,80.36914825439453,3.6011548042297363,-41.456295013427734,86.97713470458984,5.645853519439697,-39.49501419067383,83.55889129638672,-7.218764781951904,-26.749135971069336,72.4925765991211,,
1780510044.8927424,22080.879220737,-6.0371994972229,-47.662288665771484,79.16112518310547,2.9586620330810547,-42.716732025146484,86.17863464355469,6.625853538513184,-38.27484893798828,83.45148468017578,-6.000298976898193,-28.75458335876465,71.33525085449219,,
1780510044.9128487,22080.899700342,-5.8653950691223145,-47.78220748901367,78.88578796386719,1.1179295778274536,-45.303367614746094,85.32147979736328,7.159584999084473,-35.930076599121094,83.08707427978516,-4.7021565437316895,-31.664264678955078,72.13318634033203,,
1780510044.9328094,22080.91920079,-6.331092357635498,-47.827720642089844,79.71643829345703,-2.0035672187805176,-48.88890838623047,83.82398223876953,7.647491455078125,-32.77467727661133,82.23377990722656,-2.5326199531555176,-35.408512115478516,74.85781860351562,,
1780510044.9528909,22080.939838529,-7.241031646728516,-47.58743667602539,81.97135162353516,-5.402165412902832,-51.81291198730469,81.2401123046875,9.003395080566406,-29.313039779663086,80.84912872314453,-1.0465407371520996,-40.19574737548828,78.4356689453125,,
1780510044.9728715,22080.959695072,-8.382989883422852,-46.05699920654297,83.8376693725586,-6.830783843994141,-52.47597122192383,78.7490463256836,9.29216480255127,-28.553558349609375,78.68282318115234,-0.16125479340553284,-43.35267639160156,80.43443298339844,,
1780510044.992727,22080.979444947,-7.575371265411377,-43.72831344604492,85.20848846435547,-6.695469856262207,-50.701229095458984,77.40400695800781,8.519330978393555,-28.915767669677734,77.04537200927734,1.3082162141799927,-45.13277053833008,81.5137710571289,,
1780510045.0127244,22080.999454739,-6.259062767028809,-41.17463302612305,85.62725830078125,-6.429337978363037,-49.3802490234375,76.93496704101562,7.205229759216309,-28.611047744750977,76.28569030761719,1.7626818418502808,-45.772518157958984,82.35867309570312,,
1780510045.0327206,22081.019331619,-6.308657646179199,-39.658905029296875,85.87862396240234,-5.544086456298828,-49.000553131103516,76.89635467529297,7.383700847625732,-29.052825927734375,75.92870330810547,0.5580642223358154,-44.44307327270508,82.10701751708984,,
1780510045.0527105,22081.039250007,-7.28690767288208,-38.6144905090332,85.50767517089844,-4.330411434173584,-47.87289810180664,77.7298812866211,8.38593578338623,-31.093778610229492,75.93772888183594,-1.3861297369003296,-41.952613830566406,81.6491470336914,,
1780510045.0727699,22081.059563393,-8.925642013549805,-38.841373443603516,84.92912292480469,-2.4523098468780518,-46.10307693481445,79.65080261230469,8.900801658630371,-33.834556579589844,76.1106185913086,-3.728828191757202,-37.942901611328125,80.90008544921875,,
1780510045.0926807,22081.079723884,-11.02960205078125,-39.87697219848633,84.03206634521484,0.2283131629228592,-44.597251892089844,82.58927917480469,7.582734107971191,-35.93415451049805,77.20427703857422,-6.581104755401611,-33.77727127075195,79.3553237915039,,
1780510045.112727,22081.102276334,-11.983782768249512,-42.07909393310547,82.75764465332031,2.5811147689819336,-42.49920654296875,86.08832550048828,6.5398101806640625,-37.40335464477539,79.63862609863281,-9.468551635742188,-30.08194923400879,76.3539047241211,,
1780510045.1327345,22081.119861057,-10.53507137298584,-43.81050109863281,82.06924438476562,3.637655019760132,-40.741947174072266,87.31271362304688,5.105189800262451,-38.80610656738281,81.87742614746094,-9.769210815429688,-27.61656379699707,74.25939178466797,,
1780510045.1527164,22081.13981028,-8.706279754638672,-44.788352966308594,81.0777359008789,4.016486167907715,-40.76428985595703,86.94612121582031,4.971838474273682,-40.028343200683594,83.18057250976562,-8.07192611694336,-26.263410568237305,73.44669342041016,,
1780510045.1726649,22081.160923814,-6.9985175132751465,-45.76028060913086,79.9593276977539,4.012068271636963,-41.76454162597656,86.3679428100586,5.7125115394592285,-39.82461929321289,83.62547302246094,-6.987060070037842,-27.188888549804688,72.40264892578125,,
1780510045.1926694,22081.179591099,-6.161591529846191,-46.77975082397461,78.73560333251953,3.1506330966949463,-43.41004943847656,85.63217163085938,6.690769195556641,-38.396751403808594,83.57981872558594,-5.909294605255127,-29.25049591064453,71.5701675415039,,
1780510045.212699,22081.200045565,-5.901772499084473,-47.04534912109375,78.70266723632812,0.9771627187728882,-46.249229431152344,84.6909408569336,7.26744270324707,-35.76100540161133,83.10881042480469,-4.443335056304932,-32.24618911743164,72.65437316894531,,
1780510045.2326984,22081.219437814,-6.394039630889893,-47.283267974853516,80.06021881103516,-2.6384594440460205,-49.91537857055664,83.07003784179688,7.8611345291137695,-32.27396774291992,82.2339096069336,-2.2233917713165283,-36.46001052856445,75.957763671875,,
1780510045.252693,22081.240030429,-7.647907733917236,-47.032920837402344,82.37033081054688,-5.8065314292907715,-52.3531494140625,80.51895141601562,9.192022323608398,-29.034887313842773,80.7686538696289,-0.9386517405509949,-40.898372650146484,79.26463317871094,,
1780510045.2726498,22081.259745379,-8.479839324951172,-45.72635269165039,84.10089111328125,-6.816641807556152,-52.25331497192383,78.33560943603516,9.198802947998047,-28.678987503051758,78.55375671386719,0.01987328939139843,-43.64357376098633,80.83386993408203,,
1780510045.292614,22081.279049918,-7.479057312011719,-43.497493743896484,85.34537506103516,-6.7156081199646,-50.43775177001953,77.28292083740234,8.281862258911133,-28.86754608154297,77.05028533935547,1.295599341392517,-45.16643524169922,81.77233123779297,,
1780510045.3126667,22081.299336521,-6.3465895652771,-41.31865310668945,85.77073669433594,-6.530001163482666,-49.49406814575195,76.93317413330078,7.168087005615234,-28.158536911010742,76.32032012939453,1.3440139293670654,-45.313865661621094,82.4083023071289,,
1780510045.3327124,22081.31942486,-6.688579082489014,-40.14703369140625,86.04170989990234,-5.6438140869140625,-49.297672271728516,77.0088882446289,7.88076114654541,-28.618755340576172,76.03172302246094,-0.23735195398330688,-43.59558868408203,81.92778015136719,,
1780510045.3526907,22081.339386214,-7.656662464141846,-39.51370620727539,85.68414306640625,-4.5407938957214355,-48.05537033081055,78.15128326416016,9.108207702636719,-30.763208389282227,75.93619537353516,-2.1457884311676025,-40.82328414916992,81.40933227539062,,
1780510045.3727117,22081.359318963,-9.123173713684082,-39.991703033447266,85.19985961914062,-2.9276888370513916,-46.52391815185547,80.18424987792969,9.490435600280762,-33.14942169189453,76.03445434570312,-4.50594425201416,-36.87168502807617,80.6456527709961,,
1780510045.3927004,22081.379212141,-11.11314582824707,-41.22318649291992,84.350830078125,-0.39149972796440125,-45.140987396240234,83.23309326171875,8.073168754577637,-34.989315032958984,77.2037124633789,-7.298704147338867,-32.969051361083984,79.01914978027344,,
1780510045.4134898,22081.400817252,-11.56814193725586,-43.382102966308594,83.15241241455078,1.5847800970077515,-43.06222915649414,86.57768249511719,6.85154914855957,-36.254886627197266,79.58647918701172,-9.946568489074707,-29.428895950317383,76.0832748413086,,
1780510045.4332874,22081.420455247,-9.888496398925781,-45.144378662109375,82.36993408203125,2.4419448375701904,-41.44343948364258,87.77503204345703,5.423796653747559,-37.700950622558594,81.82707977294922,-10.032598495483398,-26.744813919067383,74.08920288085938,,
1780510045.4531648,22081.440681501,-8.094649314880371,-45.991268157958984,81.44224548339844,2.967451333999634,-41.312984466552734,87.44164276123047,5.228818893432617,-39.19154357910156,83.20970916748047,-8.452998161315918,-25.703516006469727,73.37837219238281,,
1780510045.4727228,22081.459792033,-6.500793933868408,-46.859561920166016,80.52355194091797,3.17285418510437,-42.094913482666016,86.80845642089844,6.062624931335449,-39.142269134521484,83.55101776123047,-7.523975849151611,-26.805734634399414,72.3206787109375,,
1780510045.4928021,22081.480463238,-5.760597229003906,-47.716827392578125,79.40406799316406,2.369114637374878,-43.53614807128906,86.07254791259766,6.959999084472656,-37.70906066894531,83.45295715332031,-6.380888938903809,-28.800737380981445,71.47943878173828,,
1780510045.512761,22081.499385173,-5.672407627105713,-47.982547760009766,79.48995208740234,0.2591818869113922,-46.13406753540039,85.18508911132812,7.525885105133057,-35.08948516845703,82.90889739990234,-5.0542521476745605,-31.674020767211914,72.47517395019531,,
1780510045.5328028,22081.519419091,-6.10615348815918,-48.252647399902344,80.63227844238281,-2.9526283740997314,-49.609004974365234,83.5884017944336,8.19786262512207,-31.810100555419922,81.93421173095703,-2.874095916748047,-35.46278381347656,75.40896606445312,,
1780510045.5528297,22081.539700621,-7.254106521606445,-47.9333381652832,82.84679412841797,-6.296985626220703,-52.48258972167969,80.9125747680664,9.692937850952148,-28.366077423095703,80.39958953857422,-1.420876145362854,-39.81757354736328,78.76939392089844,,
1780510045.572821,22081.559677427,-8.362406730651855,-46.35332107543945,84.58671569824219,-7.354879856109619,-52.89956283569336,78.51981353759766,9.691462516784668,-27.812475204467773,78.42906188964844,-0.4510096609592438,-42.664024353027344,80.69613647460938,,
1780510045.5927258,22081.57990377,-7.460043430328369,-44.048728942871094,85.71614837646484,-7.384816646575928,-51.18349075317383,77.41136932373047,8.693921089172363,-28.154022216796875,76.79318237304688,0.9550966024398804,-44.463294982910156,81.76256561279297,,
1780510045.612734,22081.599828594,-6.4145121574401855,-41.70553207397461,86.1800537109375,-6.962440013885498,-50.11642074584961,76.87614440917969,7.406843185424805,-27.792524337768555,76.00886535644531,1.23085618019104,-44.922271728515625,82.48863220214844,,
1780510045.6334496,22081.620069422,-6.579458236694336,-40.34013366699219,86.28350067138672,-6.249806880950928,-49.756526947021484,76.96098327636719,7.813608169555664,-28.333423614501953,75.6285171508789,-0.09550675004720688,-43.383480072021484,82.18162536621094,,
1780510045.653409,22081.640305193,-7.444498062133789,-39.46895217895508,86.00118255615234,-4.994450092315674,-48.520286560058594,77.92857360839844,8.995123863220215,-30.446401596069336,75.55530548095703,-1.970704197883606,-40.73179626464844,81.66524505615234,,
1780510045.673315,22081.660092111,-8.900115966796875,-39.847721099853516,85.47724914550781,-3.2511072158813477,-46.72377014160156,79.9264144897461,9.358283042907715,-33.1270751953125,75.87638854980469,-4.266192436218262,-36.6782112121582,80.89109802246094,,
1780510045.693155,22081.680533688,-11.0296630859375,-41.06638717651367,84.53295135498047,-0.47640666365623474,-45.07560729980469,83.27377319335938,7.854348659515381,-35.43488693237305,77.03614807128906,-7.167337417602539,-32.63105773925781,79.06626892089844,,
1780510045.7136407,22081.700767427,-11.591497421264648,-43.319236755371094,83.3644027709961,1.82353675365448,-42.762508392333984,86.83409881591797,6.58935022354126,-36.93850326538086,79.63187408447266,-10.08698558807373,-28.936809539794922,75.99104309082031,,
1780510045.7332094,22081.720309247,-9.908750534057617,-45.02503204345703,82.59740447998047,2.8439247608184814,-40.928157806396484,87.83595275878906,5.0750322341918945,-38.56147766113281,81.908935546875,-9.913517951965332,-26.389490127563477,73.9849624633789,,
1780510045.7531517,22081.739719732,-8.221046447753906,-45.60699462890625,81.5136947631836,3.4898154735565186,-40.7316780090332,87.41680145263672,4.768198490142822,-39.96467971801758,83.32743835449219,-8.177176475524902,-25.64872932434082,73.41094207763672,,
1780510045.7732418,22081.759849976,-6.676016807556152,-46.418575286865234,80.24346923828125,3.807122230529785,-41.46498489379883,86.79254913330078,5.5090250968933105,-39.857601165771484,83.70896911621094,-7.094107627868652,-26.852794647216797,72.33676147460938,,
1780510045.7932785,22081.780528968,-5.93675422668457,-47.32802963256836,78.81599426269531,3.0942742824554443,-42.839900970458984,85.99026489257812,6.375437259674072,-38.46385955810547,83.70365905761719,-5.848110198974609,-29.085615158081055,71.28658294677734,,
1780510045.8133135,22081.800381217,-5.966836452484131,-47.38542938232422,78.53643035888672,1.279003620147705,-45.536903381347656,85.13238525390625,7.009284019470215,-36.05244445800781,83.20680236816406,-4.49838924407959,-32.17502975463867,72.21524047851562,,
1780510045.8332076,22081.820046629,-6.478320121765137,-47.440547943115234,79.4990463256836,-1.8731751441955566,-49.209537506103516,83.59197235107422,7.5487470626831055,-32.8396110534668,82.31074523925781,-2.2189998626708984,-36.17991256713867,75.16382598876953,,
1780510045.8527954,22081.839484401,-7.452844619750977,-47.33219909667969,81.80335998535156,-5.378715515136719,-52.01814270019531,81.08382415771484,8.915691375732422,-29.33785629272461,80.79212188720703,-0.8093632459640503,-40.875980377197266,78.67526245117188,,
1780510045.8732188,22081.859662561,-8.471024513244629,-45.723445892333984,83.73127746582031,-6.484484672546387,-52.15823745727539,78.5696792602539,8.896116256713867,-28.890817642211914,78.73345947265625,0.16347545385360718,-44.07106399536133,80.72151947021484,,
1780510045.8927953,22081.879545,-7.519373893737793,-43.43119430541992,85.04593658447266,-6.434056758880615,-50.27352523803711,77.33313751220703,8.032929420471191,-29.355266571044922,77.19613647460938,1.5722095966339111,-45.71024703979492,81.7216796875,,
1780510045.91322,22081.900565426,-6.131300926208496,-40.82196044921875,85.52465057373047,-6.0865864753723145,-48.92100524902344,76.8481674194336,6.761852741241455,-28.96603775024414,76.50008392333984,2.011354684829712,-46.157493591308594,82.51277923583984,,
1780510045.9330852,22081.921102681,-6.3096113204956055,-39.214962005615234,85.72216796875,-5.254498481750488,-48.65523147583008,76.81674194335938,7.018136024475098,-29.440820693969727,76.08143615722656,0.6491996049880981,-44.798484802246094,82.1168212890625,,
1780510045.9531724,22081.940694651,-7.445450782775879,-38.332340240478516,85.45227813720703,-3.7510757446289062,-47.419288635253906,77.86923217773438,8.290057182312012,-31.76890754699707,76.13975524902344,-1.460706353187561,-42.12387466430664,81.50763702392578,,
1780510045.9731712,22081.959818709,-9.130081176757812,-38.65245819091797,84.75923156738281,-1.804863452911377,-45.55817794799805,79.9994125366211,8.66522216796875,-34.4454460144043,76.38997650146484,-3.9120233058929443,-37.906349182128906,80.76592254638672,,
1780510045.9927516,22081.979276137,-11.582310676574707,-39.99400329589844,83.46176147460938,1.227708339691162,-43.836204528808594,83.47895812988281,7.270837306976318,-36.59142303466797,77.7764892578125,-6.830109596252441,-33.462100982666016,78.8077163696289,,
1780510046.013384,22082.000300453,-11.946966171264648,-42.275001525878906,82.3788833618164,3.2343404293060303,-41.51386260986328,86.60160064697266,6.092735767364502,-37.97248077392578,80.24121856689453,-9.335244178771973,-29.738126754760742,75.9200439453125,,
1780510046.0330293,22082.022097294,-10.256972312927246,-43.818603515625,81.55900573730469,4.056171417236328,-40.08024215698242,87.25321197509766,4.767436504364014,-39.32079315185547,82.36347198486328,-8.883197784423828,-27.191774368286133,74.2627944946289,,
1780510046.053164,22082.040248713,-8.49441909790039,-44.68605422973633,80.57797241210938,4.346156120300293,-40.434322357177734,86.77347564697266,4.923160552978516,-40.37529373168945,83.44011688232422,-7.35935640335083,-26.373323440551758,73.53926086425781,,
1780510046.0733428,22082.059906183,-6.845151424407959,-45.8544807434082,79.5118408203125,4.1894707679748535,-41.640655517578125,86.13719940185547,5.87253475189209,-39.90116882324219,83.65686798095703,-6.452798843383789,-27.577003479003906,72.3077163696289,,
1780510046.0932293,22082.080029498,-6.0678019523620605,-46.79218673706055,78.51325988769531,2.91302490234375,-43.6143913269043,85.38858795166016,6.748138427734375,-38.24936294555664,83.57085418701172,-5.309083938598633,-29.754301071166992,71.6630630493164,,
1780510046.1127546,22082.099829923,-6.137447357177734,-46.89405822753906,78.69381713867188,0.24623531103134155,-46.9486083984375,84.39598083496094,7.22831392288208,-35.39231491088867,82.96823120117188,-3.7151012420654297,-32.668331146240234,73.2155990600586,,
1780510046.1333349,22082.120411311,-6.657464981079102,-47.222225189208984,80.3554916381836,-3.5418386459350586,-50.65306091308594,82.56988525390625,7.948629379272461,-31.796966552734375,82.01604461669922,-1.6070636510849,-36.964237213134766,76.71109008789062,,
1780510046.1532938,22082.140408788,-7.873895168304443,-46.78494644165039,82.59919738769531,-6.303192615509033,-52.403968811035156,80.0518569946289,9.275794982910156,-29.030038833618164,80.44725799560547,-0.5607627034187317,-41.1715202331543,79.68207550048828,,
1780510046.1727445,22082.159539288,-8.302268981933594,-45.15682601928711,84.33815002441406,-6.783675193786621,-51.598567962646484,77.99929809570312,9.007555961608887,-29.06472396850586,78.25530242919922,0.5419237613677979,-43.88279342651367,81.02738952636719,,
1780510046.1926823,22082.179759519,-7.080719947814941,-43.04487991333008,85.43174743652344,-6.602658271789551,-49.828826904296875,77.15715026855469,7.9461822509765625,-28.931123733520508,76.94181060791016,1.726148247718811,-45.215274810791016,81.87029266357422,,
1780510046.2126682,22082.199380722,-6.092216968536377,-40.8793830871582,85.83619689941406,-6.278548717498779,-49.111080169677734,76.92011260986328,7.185259819030762,-28.452861785888672,76.31253051757812,1.3951139450073242,-45.08333969116211,82.19950866699219,,
1780510046.2332048,22082.220621728,-6.5833516120910645,-39.69428253173828,85.90172576904297,-5.481196403503418,-48.68277359008789,77.28553771972656,8.059575080871582,-29.31039047241211,76.09564971923828,-0.2899934947490692,-43.17971420288086,81.78823852539062,,
1780510046.2532806,22082.240381951,-7.65372896194458,-39.126522064208984,85.46334075927734,-4.275090217590332,-47.201637268066406,78.60919189453125,9.117012023925781,-31.76228141784668,76.05026245117188,-2.2494828701019287,-40.18941879272461,81.30359649658203,,
1780510046.2731714,22082.260254734,-9.471258163452148,-39.84578323364258,84.87773132324219,-2.328416109085083,-45.626190185546875,80.7782974243164,9.052669525146484,-34.222652435302734,76.41464233398438,-4.757528781890869,-35.98224639892578,80.34366607666016,,
1780510046.293237,22082.280208282,-11.526629447937012,-41.547271728515625,83.76029968261719,0.34887218475341797,-44.005615234375,84.34554290771484,7.431491851806641,-36.069095611572266,78.16552734375,-7.6071648597717285,-31.856983184814453,78.15141296386719,,
1780510046.3133974,22082.30028964,-11.264771461486816,-43.85018539428711,82.81423950195312,2.0076968669891357,-41.909854888916016,87.2308120727539,6.103325843811035,-37.3238639831543,80.60591125488281,-9.797892570495605,-28.4034423828125,75.23220825195312,,
1780510046.3332136,22082.320503256,-9.37534236907959,-45.32842254638672,82.0308609008789,2.707125425338745,-40.739444732666016,87.62420654296875,4.9002156257629395,-38.81355667114258,82.60088348388672,-8.926811218261719,-25.91790008544922,73.69403839111328,,
1780510046.3532073,22082.340410595,-7.498053550720215,-45.925559997558594,81.12239837646484,3.074413776397705,-41.29426956176758,87.1710433959961,5.058806419372559,-39.798160552978516,83.55992126464844,-7.448836326599121,-25.642698287963867,73.14159393310547,,
1780510046.3732514,22082.359856118,-6.183773517608643,-46.90306854248047,79.8780288696289,2.9210426807403564,-42.36021041870117,86.49967193603516,5.847578048706055,-39.159053802490234,83.71471405029297,-6.547357082366943,-27.088781356811523,71.92305755615234,,
1780510046.3933434,22082.379865054,-5.779172897338867,-47.60578155517578,78.79784393310547,1.7031385898590088,-44.07784652709961,85.78075408935547,6.486678123474121,-37.23796463012695,83.68496704101562,-5.253397464752197,-29.572975158691406,71.46871948242188,,
1780510046.412817,22082.399357923,-6.050751686096191,-47.63294982910156,78.96086883544922,-0.7099080681800842,-47.18136978149414,84.71256256103516,7.043318748474121,-34.55058670043945,82.9933853149414,-3.422088384628296,-32.75956344604492,73.22200012207031,,
1780510046.4327586,22082.41937737,-6.587852954864502,-47.94227981567383,80.5395278930664,-4.194984436035156,-50.651390075683594,82.79924011230469,8.128490447998047,-31.12942886352539,81.86766052246094,-1.3447120189666748,-37.26350784301758,76.6808090209961,,
1780510046.452735,22082.439855624,-7.7973833084106445,-47.28688430786133,82.77519989013672,-6.692254066467285,-52.48197937011719,80.2240982055664,9.408920288085938,-28.538293838500977,80.00138854980469,-0.4213773012161255,-41.43165588378906,79.55078125,,
1780510046.4726944,22082.459769026,-8.140928268432617,-45.446014404296875,84.53374481201172,-7.067108154296875,-51.72034454345703,78.21725463867188,9.02028751373291,-28.771480560302734,77.86500549316406,0.6931890845298767,-44.1746711730957,80.88448333740234,,
1780510046.4926925,22082.480901582,-6.7957987785339355,-42.82876205444336,85.51526641845703,-6.921116352081299,-49.883056640625,77.46368408203125,7.960766315460205,-28.855854034423828,76.58751678466797,1.862245798110962,-45.5140495300293,81.78851318359375,,
1780510046.512713,22082.499742481,-5.826175212860107,-40.63255310058594,85.90668487548828,-6.474889278411865,-48.96710205078125,77.14130401611328,7.350624084472656,-28.553661346435547,75.9511489868164,1.6720936298370361,-45.20845031738281,82.12908172607422,,
1780510046.5326595,22082.51952158,-6.527510166168213,-39.208534240722656,85.85468292236328,-5.299780368804932,-48.46952438354492,77.48716735839844,8.082403182983398,-29.8228816986084,75.84767150878906,-0.16830845177173615,-43.47932434082031,81.63639831542969,,
1780510046.552719,22082.539310417,-7.791560649871826,-38.78153991699219,85.43331146240234,-3.8368070125579834,-46.851436614990234,78.96906280517578,8.99183464050293,-32.45212936401367,75.71702575683594,-2.2744667530059814,-40.26152801513672,81.1177749633789,,
1780510046.5727496,22082.560300744,-9.886316299438477,-39.46393585205078,84.75450134277344,-1.4302908182144165,-44.966670989990234,81.59193420410156,8.534611701965332,-35.085723876953125,76.17276763916016,-4.985884189605713,-35.954463958740234,80.06551361083984,,
1780510046.5926948,22082.579817134,-12.01149845123291,-41.36139678955078,83.27307891845703,1.4199490547180176,-43.023258209228516,85.45122528076172,6.89910888671875,-36.754920959472656,78.28108215332031,-7.881929874420166,-31.652538299560547,77.66657257080078,,
1780510046.6127079,22082.600341764,-11.513492584228516,-43.60825729370117,82.21736907958984,3.0288333892822266,-40.612003326416016,87.79373931884766,5.370358467102051,-38.15945053100586,80.91529846191406,-9.471749305725098,-28.300962448120117,75.0008544921875,,
1780510046.6327643,22082.619286204,-9.702204704284668,-44.75937271118164,81.20220947265625,3.7041029930114746,-39.79291534423828,87.59463500976562,4.416967868804932,-39.59783172607422,82.8306655883789,-8.028315544128418,-26.097341537475586,73.89166259765625,,
1780510046.6530218,22082.642232831,-7.764760494232178,-45.581790924072266,80.2553482055664,3.910801649093628,-40.70317840576172,86.88838195800781,5.0451154708862305,-40.29738235473633,83.52288818359375,-6.6362175941467285,-26.176788330078125,73.0617904663086,,
1780510046.672796,22082.659529768,-6.4799933433532715,-46.73186492919922,78.87721252441406,3.6335744857788086,-41.97531509399414,86.1520767211914,6.0861735343933105,-39.45467758178711,83.60834503173828,-5.623348712921143,-27.959890365600586,71.82818603515625,,
1780510046.6927881,22082.679973013,-6.093147277832031,-47.21296691894531,78.14710998535156,1.9395205974578857,-44.35184097290039,85.32854461669922,6.7098388671875,-37.37050247192383,83.42118072509766,-4.329219818115234,-30.587902069091797,71.89862823486328,,
1780510046.7129047,22082.699836087,-6.586119174957275,-47.15068817138672,78.47920227050781,-0.7151456475257874,-47.91634750366211,84.18814086914062,7.238002777099609,-34.386314392089844,82.72167205810547,-2.43815279006958,-34.04011917114258,73.9674301147461,,
1780510046.7327895,22082.719568805,-7.08232307434082,-47.216224670410156,80.59918212890625,-4.484435081481934,-51.05229949951172,81.90929412841797,8.590202331542969,-30.887407302856445,81.44767761230469,-0.5897814035415649,-38.95766067504883,77.6706314086914,,
1780510046.7527354,22082.740729371,-8.276144027709961,-46.155982971191406,82.83324432373047,-6.300214767456055,-52.09284973144531,79.4640884399414,9.332075119018555,-29.06477165222168,79.63738250732422,0.13948281109333038,-42.73393630981445,80.16077423095703,,
1780510046.7727911,22082.759977409,-7.832101821899414,-44.084808349609375,84.41462707519531,-6.4608025550842285,-50.47217559814453,77.82856750488281,8.856110572814941,-29.563657760620117,77.65003204345703,1.4689735174179077,-45.090579986572266,81.11860656738281,,
1780510046.7927222,22082.780282214,-6.495540618896484,-41.469207763671875,85.14311218261719,-6.239927291870117,-48.931949615478516,77.23270416259766,7.655982971191406,-29.426450729370117,76.66899871826172,2.20094895362854,-46.13973617553711,81.87667846679688,,
1780510046.8127165,22082.799929943,-6.003127574920654,-39.617679595947266,85.52933502197266,-5.652035713195801,-48.35972595214844,77.16911315917969,7.218939781188965,-29.254384994506836,76.25589752197266,1.3583672046661377,-45.454933166503906,81.98153686523438,,
1780510046.83332,22082.820298775,-6.8417558670043945,-38.51411056518555,85.31066131591797,-4.643873691558838,-47.433021545410156,77.81334686279297,8.263894081115723,-30.95714569091797,76.16522979736328,-0.5485709309577942,-43.356170654296875,81.53190612792969,,
1780510046.8533852,22082.842216468,-8.386703491210938,-38.45779800415039,84.80268859863281,-3.019406795501709,-45.713226318359375,79.48371887207031,8.977290153503418,-33.60853958129883,76.09284210205078,-2.7696266174316406,-39.74424743652344,80.92443084716797,,
1780510046.8733466,22082.860122043,-10.569862365722656,-39.47735595703125,83.91915130615234,-0.641074538230896,-44.13440704345703,82.27243041992188,8.077320098876953,-35.8409538269043,76.97806549072266,-5.459509372711182,-35.195396423339844,79.67727661132812,,
1780510046.8932884,22082.880159259,-12.218042373657227,-41.810569763183594,82.51180267333984,2.00258207321167,-42.05797576904297,85.99227142333984,6.7191386222839355,-37.21592712402344,79.3019790649414,-8.331412315368652,-30.76386833190918,76.88317108154297,,
1780510046.9133775,22082.901036272,-10.91650104522705,-43.9074592590332,81.87389373779297,3.149134635925293,-40.317359924316406,87.55984497070312,5.171779155731201,-38.578857421875,81.68879699707031,-9.050553321838379,-27.533939361572266,74.6058120727539,,
1780510046.9328008,22082.919878362,-9.083816528320312,-44.9349250793457,80.95153045654297,3.479942560195923,-40.18315505981445,87.20398712158203,4.586069107055664,-39.95451736450195,83.25369262695312,-7.454331874847412,-25.853853225708008,73.66228485107422,,
1780510046.9525867,22082.939258487,-7.23685359954834,-45.71552276611328,79.94926452636719,3.4962453842163086,-41.381370544433594,86.65111541748047,5.179864883422852,-39.977603912353516,83.76239776611328,-6.362239360809326,-26.353063583374023,72.8191146850586,,
1780510046.9736075,22082.960577546,-6.177893161773682,-46.70946502685547,78.63006591796875,2.7800698280334473,-42.998146057128906,85.92500305175781,6.071598052978516,-38.74768829345703,83.80619049072266,-5.275128364562988,-28.193588256835938,71.79801177978516,,
1780510046.9930224,22082.979724897,-6.0659894943237305,-47.08414077758789,78.25554656982422,0.7230310440063477,-45.71977996826172,85.06351470947266,6.682021617889404,-36.37379455566406,83.42247772216797,-3.677452325820923,-30.949756622314453,72.42244720458984,,
1780510047.0132778,22083.000400901,-6.685048580169678,-47.2546501159668,79.08399200439453,-2.2701687812805176,-49.27201843261719,83.70989227294922,7.403069496154785,-33.245391845703125,82.70333862304688,-1.5791666507720947,-34.91680145263672,75.10279083251953,,
1780510047.032928,22083.020025174,-7.334209442138672,-47.28691101074219,81.58189392089844,-5.729243755340576,-51.71360778808594,81.3008804321289,8.978936195373535,-29.838077545166016,81.10327911376953,-0.27035874128341675,-39.799522399902344,78.63212585449219,,
1780510047.0530136,22083.040779989,-8.271475791931152,-45.65093231201172,83.51376342773438,-6.782482624053955,-51.860374450683594,78.88671875,9.513123512268066,-28.876480102539062,78.95925903320312,0.5308626294136047,-43.18619918823242,80.4297103881836,,
1780510047.0728948,22083.059569581,-7.160996437072754,-43.18843078613281,84.82888793945312,-6.584965229034424,-49.83271789550781,77.66361999511719,9.107722282409668,-28.888113021850586,77.30266571044922,1.9748586416244507,-45.09199142456055,81.23825073242188,,
1780510047.0928466,22083.079402148,-5.866283893585205,-41.02241134643555,85.33135986328125,-6.4988298416137695,-48.76496124267578,77.46479797363281,8.211162567138672,-28.093198776245117,76.42084503173828,2.137904644012451,-45.58345031738281,81.77365112304688,,
1780510047.1127987,22083.099524422,-6.085894584655762,-39.85680389404297,85.65193176269531,-5.906072616577148,-48.57596206665039,77.72161102294922,8.546595573425293,-28.336715698242188,75.94252014160156,0.5728023052215576,-44.486297607421875,81.44026947021484,,
1780510047.13279,22083.119721609,-7.21561861038208,-39.5235595703125,85.4349365234375,-4.816513538360596,-47.664310455322266,78.58684539794922,9.519390106201172,-30.391624450683594,75.74429321289062,-1.3860377073287964,-42.09248352050781,81.02989959716797,,
1780510047.1528194,22083.140065654,-8.683051109313965,-39.88710403442383,84.91168975830078,-3.4120309352874756,-46.11571502685547,80.35934448242188,9.85926342010498,-32.82550048828125,75.56519317626953,-3.535701036453247,-38.47936248779297,80.51385498046875,,
1780510047.172848,22083.159766969,-10.6682767868042,-41.0220832824707,84.3797607421875,-1.3862907886505127,-44.694244384765625,83.17176818847656,8.71247673034668,-34.66077423095703,76.25826263427734,-6.200713634490967,-34.447593688964844,79.28147888183594,,
1780510047.1928277,22083.179732638,-12.033364295959473,-43.2003059387207,83.01919555664062,0.8790349960327148,-42.82170867919922,86.6824951171875,7.097454071044922,-35.8300895690918,78.66563415527344,-8.846244812011719,-30.571178436279297,76.6685791015625,,
1780510047.212678,22083.199593825,-10.831006050109863,-45.12935256958008,82.05754089355469,2.0325164794921875,-40.8698844909668,88.31448364257812,5.431751251220703,-37.32407760620117,81.34162902832031,-9.482181549072266,-27.486675262451172,74.47785186767578,,
1780510047.232588,22083.219794353,-9.02259635925293,-45.840309143066406,81.13998413085938,2.684548854827881,-40.50832748413086,87.86095428466797,4.657963752746582,-39.02169418334961,83.16616821289062,-8.042330741882324,-26.077442169189453,73.51332092285156,,
1780510047.252786,22083.239965297,-7.280616283416748,-46.578216552734375,80.19316864013672,2.901901960372925,-41.41556167602539,87.18873596191406,5.284651279449463,-39.41203689575195,83.67855072021484,-6.690393924713135,-26.29311180114746,72.71381378173828,,
1780510047.2726867,22083.261350631,-6.2325239181518555,-47.577911376953125,79.08135986328125,2.3382208347320557,-42.79966735839844,86.41513061523438,6.260021686553955,-38.415191650390625,83.62713623046875,-5.523542404174805,-27.87787628173828,71.69087219238281,,
1780510047.2926142,22083.279454259,-5.953009128570557,-47.843353271484375,78.66486358642578,0.5823919177055359,-45.199012756347656,85.57624053955078,6.689316272735596,-36.30190658569336,83.40196228027344,-4.135894775390625,-30.63988494873047,72.2015380859375,,
1780510047.3126667,22083.299359453,-6.359566688537598,-47.84074020385742,79.39043426513672,-2.3128459453582764,-48.64177322387695,84.16887664794922,7.104419231414795,-33.31645202636719,82.6081771850586,-2.069430351257324,-34.3436279296875,74.6998062133789,,
1780510047.3325639,22083.319554793,-6.95291805267334,-47.87360763549805,81.52587890625,-5.881565093994141,-51.46561813354492,81.72090911865234,8.737408638000488,-29.87100601196289,81.00308227539062,-0.5252229571342468,-39.10963821411133,78.0980453491211,,
1780510047.352691,22083.339890507,-8.028257369995117,-46.23790740966797,83.57176971435547,-7.124818325042725,-52.138954162597656,79.26463317871094,9.595478057861328,-28.524307250976562,78.94094848632812,0.30228927731513977,-42.57370376586914,80.17140197753906,,
1780510047.3726406,22083.359457806,-7.274655342102051,-43.83251953125,84.89669799804688,-6.8885064125061035,-50.300785064697266,77.87645721435547,9.310525894165039,-28.69805145263672,77.34595489501953,1.7030197381973267,-44.60671615600586,81.12913513183594,,
1780510047.392585,22083.379876332,-5.880218029022217,-41.44504928588867,85.4557113647461,-6.594519138336182,-49.04532241821289,77.52793884277344,8.347209930419922,-28.1342830657959,76.33007049560547,2.1580810546875,-45.33034133911133,81.70919799804688,,
1780510047.4126794,22083.399842388,-5.800920009613037,-39.88971710205078,85.6367416381836,-6.254489898681641,-48.76736831665039,77.60102081298828,8.425210952758789,-28.251401901245117,75.69198608398438,0.9455839991569519,-44.45233154296875,81.61180877685547,,
1780510047.4328618,22083.42005919,-6.86003303527832,-39.466156005859375,85.49794006347656,-5.090230464935303,-47.926361083984375,78.34616088867188,9.453371047973633,-30.202434539794922,75.53118896484375,-0.9072083234786987,-42.17039108276367,81.16667938232422,,
1780510047.4527423,22083.440536456,-8.241599082946777,-39.665767669677734,85.01048278808594,-3.5611586570739746,-46.2401237487793,79.99807739257812,9.708823204040527,-32.797447204589844,75.55326080322266,-2.949544906616211,-38.779624938964844,80.69561004638672,,
1780510047.4727027,22083.459944478,-10.391504287719727,-40.64863204956055,84.32504272460938,-1.3554880619049072,-44.6923942565918,82.69607543945312,8.57358455657959,-35.023345947265625,76.19813537597656,-5.715424537658691,-34.70523452758789,79.50946044921875,,
1780510047.4928436,22083.479804662,-12.010395050048828,-42.752830505371094,82.99825286865234,1.0633035898208618,-42.801597595214844,86.3903579711914,6.963346481323242,-36.343170166015625,78.66387939453125,-8.479391098022461,-30.63654327392578,76.88587951660156,,
1780510047.512805,22083.499762523,-10.931052207946777,-44.68483352661133,82.08866882324219,2.3134379386901855,-40.753055572509766,88.17243194580078,5.26706075668335,-37.7799186706543,81.27986907958984,-9.305956840515137,-27.481687545776367,74.60448455810547,,
1780510047.5327399,22083.519691784,-9.18921947479248,-45.39435958862305,81.0714111328125,2.963160991668701,-40.2364616394043,87.73565673828125,4.398897171020508,-39.34978485107422,83.2075424194336,-7.846705913543701,-25.992704391479492,73.54889678955078,,
1780510047.5527318,22083.539377491,-7.447148323059082,-46.15774917602539,80.09324645996094,3.2023985385894775,-41.118385314941406,87.06041717529297,4.987754821777344,-39.74336242675781,83.76190948486328,-6.473491191864014,-26.264575958251953,72.72177124023438,,
1780510047.5727553,22083.559920707,-6.233691215515137,-47.02312088012695,78.84446716308594,2.7520596981048584,-42.60321044921875,86.28852844238281,5.933624744415283,-38.81630325317383,83.77015686035156,-5.286527156829834,-27.829273223876953,71.85577392578125,,
1780510047.5927553,22083.581385738,-6.01257848739624,-47.30344772338867,78.24468231201172,0.9991639256477356,-45.06229782104492,85.46359252929688,6.460899353027344,-36.65776062011719,83.5849838256836,-3.8840298652648926,-30.674850463867188,72.2768783569336,,
1780510047.6127598,22083.599921546,-6.492725849151611,-47.4500617980957,78.78974151611328,-1.7202786207199097,-48.42499542236328,84.21430969238281,7.003136157989502,-33.77018356323242,82.89981079101562,-1.7711842060089111,-34.37507247924805,74.52374267578125,,
1780510047.6327565,22083.619760605,-7.034885883331299,-47.440181732177734,81.09100341796875,-5.352784633636475,-51.23328399658203,81.8233413696289,8.652078628540039,-30.345476150512695,81.2761459350586,-0.3257468640804291,-39.39158248901367,77.993408203125,,
1780510047.6527987,22083.640458451,-8.13015365600586,-46.02666091918945,83.12821960449219,-6.808315277099609,-51.82958221435547,79.36225891113281,9.648624420166016,-28.87122344970703,79.1129150390625,0.507330060005188,-42.90827941894531,80.1863784790039,,
1780510047.6729534,22083.660853861,-7.370603084564209,-43.61906051635742,84.58206939697266,-6.583549976348877,-50.010799407958984,77.98040008544922,9.399396896362305,-28.976606369018555,77.37448120117188,1.8837473392486572,-45.07395553588867,81.03279876708984,,
1780510047.6927707,22083.679728697,-5.894148349761963,-41.308380126953125,85.25155639648438,-6.406457424163818,-48.61940002441406,77.66015625,8.51611042022705,-28.326269149780273,76.38013458251953,2.376767873764038,-45.794429779052734,81.60379028320312,,
1780510047.7135985,22083.700205974,-5.786886692047119,-39.73066711425781,85.4739761352539,-6.098513126373291,-48.37611770629883,77.73098754882812,8.365246772766113,-28.219865798950195,75.76811981201172,1.1330333948135376,-45.03132629394531,81.57539367675781,,
1780510047.733244,22083.720251456,-6.926576137542725,-39.32476043701172,85.424072265625,-4.970399856567383,-47.65244674682617,78.46495819091797,9.433008193969727,-30.1356258392334,75.59432220458984,-0.8811505436897278,-42.75383377075195,81.07984924316406,,
1780510047.7527916,22083.739574423,-8.359478950500488,-39.479583740234375,84.98286437988281,-3.607503890991211,-46.02178955078125,80.08184814453125,9.784050941467285,-32.601104736328125,75.4715576171875,-3.0549581050872803,-39.273277282714844,80.67412567138672,,
1780510047.7728925,22083.762769822,-10.469076156616211,-40.54057312011719,84.32380676269531,-1.5703024864196777,-44.50914764404297,82.8150405883789,8.912835121154785,-34.719295501708984,76.01615142822266,-5.75630521774292,-35.01454162597656,79.56485748291016,,
1780510047.7927678,22083.779844757,-12.11528205871582,-42.641998291015625,83.08458709716797,1.0513008832931519,-42.60209274291992,86.42619323730469,7.154812335968018,-36.09885025024414,78.4972915649414,-8.574628829956055,-30.971040725708008,76.99671936035156,,
1780510047.8128033,22083.800024417,-11.063396453857422,-44.65583038330078,82.15692138671875,2.205203056335449,-40.5668830871582,88.3095474243164,5.454503059387207,-37.58568572998047,81.18111419677734,-9.393582344055176,-27.663015365600586,74.69902801513672,,
1780510047.8327105,22083.819707879,-9.321168899536133,-45.36762237548828,81.1688003540039,2.8157198429107666,-40.04170608520508,87.96388244628906,4.506268501281738,-39.04978942871094,83.15005493164062,-8.114322662353516,-26.218557357788086,73.54496765136719,,
1780510047.8528328,22083.839579701,-7.426300048828125,-46.20087814331055,80.35736083984375,2.981496572494507,-41.105621337890625,87.27667999267578,5.182725429534912,-39.59585189819336,83.69971466064453,-6.642429828643799,-26.150819778442383,72.78167724609375,,
1780510047.8727882,22083.859339256,-6.1462507247924805,-47.22018051147461,79.303955078125,2.5267252922058105,-42.565494537353516,86.47064971923828,6.241558074951172,-38.71521759033203,83.68431091308594,-5.565074443817139,-27.609891891479492,71.83527374267578,,
1780510047.8933935,22083.880379192,-5.857725143432617,-47.70620346069336,78.76716613769531,0.9443455934524536,-44.817543029785156,85.71430969238281,6.888185501098633,-36.69053649902344,83.43211364746094,-4.357975006103516,-30.220481872558594,72.03558349609375,,
1780510047.9133263,22083.900538716,-6.173097133636475,-47.79327392578125,79.45714569091797,-1.892238974571228,-48.10686492919922,84.35682678222656,7.280730724334717,-33.69893264770508,82.67552947998047,-2.422013998031616,-33.75631332397461,74.26414489746094,,
1780510047.933436,22083.92017478,-6.758564472198486,-47.892723083496094,81.48201751708984,-5.563564777374268,-51.2408332824707,82.07964324951172,8.770992279052734,-30.138132095336914,81.1791000366211,-0.7825791835784912,-38.407188415527344,77.74397277832031,,
1780510047.9527943,22083.939415006,-7.8503737449646,-46.51718521118164,83.51110076904297,-7.218320846557617,-52.213539123535156,79.50849151611328,9.879423141479492,-28.326757431030273,79.04488372802734,0.13342897593975067,-41.99238204956055,80.03723907470703,,
1780510047.9727228,22083.959843249,-7.4026079177856445,-44.2616081237793,84.95256042480469,-6.964759826660156,-50.56822967529297,77.95336151123047,9.552227973937988,-28.479040145874023,77.28512573242188,1.5641058683395386,-44.35879898071289,81.02454376220703,,
1780510047.992792,22083.979790221,-5.975490093231201,-41.96543502807617,85.55474090576172,-6.85341739654541,-49.191261291503906,77.6546859741211,8.579972267150879,-27.900646209716797,76.24295806884766,2.210939407348633,-45.21511459350586,81.68120574951172,,
1780510048.012736,22083.999835647,-5.775520324707031,-40.49201202392578,85.86891174316406,-6.4723005294799805,-49.00709533691406,77.58177947998047,8.620723724365234,-27.735557556152344,75.62345886230469,1.0760581493377686,-44.29425811767578,81.62977600097656,,
1780510048.0333025,22084.020383255,-6.767035007476807,-40.1422004699707,85.794921875,-5.523897647857666,-48.22768783569336,78.40823364257812,9.692425727844238,-29.521379470825195,75.37985229492188,-0.779679000377655,-42.00780487060547,81.15080261230469,,
1780510048.0533023,22084.040037949,-8.07517147064209,-40.2020149230957,85.40037536621094,-4.138573169708252,-46.73371505737305,80.03231048583984,10.121501922607422,-31.986785888671875,75.22509002685547,-2.943538188934326,-38.63211441040039,80.70330810546875,,
1780510048.0728586,22084.059412499,-10.063661575317383,-41.160186767578125,84.7904052734375,-2.195984363555908,-45.34419631958008,82.56958770751953,9.209697723388672,-34.12717056274414,75.61799621582031,-5.66526985168457,-34.601722717285156,79.6660385131836,,
1780510048.0927024,22084.07968124,-11.754520416259766,-43.19083786010742,83.67005920410156,0.3383948504924774,-43.419620513916016,86.27500915527344,7.472631454467773,-35.6633415222168,78.10099029541016,-8.533539772033691,-30.716909408569336,77.12979125976562,,
1780510048.11272,22084.099689653,-11.005946159362793,-45.19023132324219,82.6252212524414,1.5976110696792603,-41.2265739440918,88.4981918334961,5.755738258361816,-36.93755340576172,80.67649841308594,-9.86811351776123,-27.520559310913086,74.67498016357422,,
1780510048.133417,22084.121993642,-9.229308128356934,-45.97799301147461,81.66461944580078,2.313027858734131,-40.439910888671875,88.3102035522461,4.6031293869018555,-38.508880615234375,82.82807922363281,-8.650179862976074,-25.881948471069336,73.43605041503906,,
1780510048.1527946,22084.139557605,-7.490415096282959,-46.667396545410156,80.6080093383789,2.7470226287841797,-40.947021484375,87.6277847290039,4.990399360656738,-39.27995681762695,83.65702819824219,-7.005380153656006,-25.876245498657227,72.75313568115234,,
1780510048.172727,22084.159734887,-6.130491256713867,-47.35519027709961,79.3628158569336,2.6282365322113037,-42.17662811279297,86.80912017822266,5.952298641204834,-38.677001953125,83.75079345703125,-5.913935661315918,-27.381526947021484,71.93761444091797,,
1780510048.1933415,22084.180282296,-5.816461563110352,-47.731380462646484,78.51337432861328,1.3297919034957886,-44.33153533935547,85.9608383178711,6.6445417404174805,-36.76190948486328,83.54728698730469,-4.670489311218262,-30.100446701049805,71.866943359375,,
1780510048.2133927,22084.200595883,-6.19614839553833,-47.81267547607422,78.86186218261719,-1.204352617263794,-47.514801025390625,84.73001861572266,7.140050411224365,-34.00907897949219,82.876953125,-2.6717782020568848,-33.64674758911133,73.78434753417969,,
1780510048.2334538,22084.221458544,-6.692473411560059,-47.8660774230957,80.86327362060547,-4.859807014465332,-50.73340606689453,82.49822235107422,8.475105285644531,-30.5971736907959,81.47900390625,-0.7964971661567688,-38.53037643432617,77.58023071289062,,
1780510048.2532198,22084.240279062,-7.9510345458984375,-46.56553268432617,83.00224304199219,-6.850528240203857,-52.12601852416992,79.75287628173828,9.545760154724121,-28.615447998046875,79.3380355834961,0.11189354956150055,-42.45723342895508,80.01815032958984,,
1780510048.272717,22084.259810137,-7.571258068084717,-44.11922836303711,84.55018615722656,-6.768793106079102,-50.58120346069336,77.9504623413086,9.226219177246094,-28.90969467163086,77.49252319335938,1.5601054430007935,-44.948360443115234,81.01828002929688,,
1780510048.293305,22084.279874132,-6.024694919586182,-41.70502853393555,85.31874084472656,-6.484502792358398,-48.891780853271484,77.62069702148438,8.241789817810059,-28.372425079345703,76.51013946533203,2.5143938064575195,-45.84853744506836,81.81654357910156,,
1780510048.3130372,22084.299926086,-5.591310977935791,-39.905887603759766,85.58373260498047,-6.134271144866943,-48.49644470214844,77.50338745117188,8.012358665466309,-28.164047241210938,75.81475067138672,1.64683198928833,-45.205108642578125,81.86880493164062,,
1780510048.3328166,22084.319563538,-6.723769187927246,-39.336021423339844,85.5602798461914,-4.966763019561768,-48.07096481323242,78.0545883178711,8.992584228515625,-29.720216751098633,75.6530990600586,-0.41990625858306885,-43.07997512817383,81.31993865966797,,
1780510048.3528473,22084.339325751,-8.162860870361328,-39.4317741394043,85.12564086914062,-3.468447208404541,-46.4714241027832,79.73922729492188,9.701178550720215,-32.3510627746582,75.51776123046875,-2.622429609298706,-39.62827682495117,80.81278991699219,,
1780510048.3727956,22084.359589287,-10.114114761352539,-40.28570556640625,84.4922866821289,-1.4880921840667725,-44.93568801879883,82.27643585205078,9.027725219726562,-34.573997497558594,75.92135620117188,-5.343222141265869,-35.46589279174805,79.82756042480469,,
1780510048.393108,22084.379735667,-12.041714668273926,-42.19198989868164,83.13883972167969,1.094518780708313,-43.29605484008789,85.85182189941406,7.389142990112305,-35.939918518066406,78.05164337158203,-8.12355899810791,-31.463104248046875,77.43750762939453,,
1780510048.412846,22084.399848739,-11.235361099243164,-44.20777893066406,82.21408081054688,2.4580962657928467,-41.14958572387695,87.95626831054688,5.829419136047363,-37.35361099243164,80.76589965820312,-9.467301368713379,-28.248985290527344,74.95930480957031,,
1780510048.432731,22084.420076653,-9.607702255249023,-45.070648193359375,81.1039810180664,3.1102991104125977,-40.238765716552734,87.8359375,4.755910873413086,-38.88536071777344,82.83749389648438,-8.30916690826416,-26.547834396362305,73.73583221435547,,
1780510048.4527776,22084.440263839,-7.765283107757568,-45.94651794433594,80.2384033203125,3.280163288116455,-41.07634735107422,87.23748016357422,5.330681324005127,-39.51514434814453,83.53609466552734,-6.933658123016357,-26.380823135375977,72.87205505371094,,
1780510048.472837,22084.460791918,-6.333529949188232,-47.00125503540039,79.21282958984375,3.003675937652588,-42.40201950073242,86.38655853271484,6.408215522766113,-38.79097366333008,83.60236358642578,-5.862717628479004,-27.777578353881836,71.95059967041016,,
1780510048.4928951,22084.480111026,-5.935481548309326,-47.49732971191406,78.62335205078125,1.3578925132751465,-44.71003341674805,85.63401794433594,7.078612327575684,-36.70553207397461,83.39856719970703,-4.689791679382324,-30.3978271484375,72.09185028076172,,
1780510048.5127943,22084.49965977,-6.197325706481934,-47.67165756225586,79.41302490234375,-1.5681238174438477,-48.05906677246094,84.25228881835938,7.479400157928467,-33.713050842285156,82.63001251220703,-2.7316908836364746,-34.01131057739258,74.32292175292969,,
1780510048.532765,22084.519259987,-6.89344596862793,-47.78510665893555,81.4458999633789,-5.309666633605957,-51.21107864379883,81.98062133789062,9.068131446838379,-30.076034545898438,81.28645324707031,-1.052865982055664,-38.7499885559082,77.96592712402344,,
1780510048.5528738,22084.539411267,-8.065195083618164,-46.490638732910156,83.45191955566406,-7.038793087005615,-52.286659240722656,79.5132827758789,10.087441444396973,-28.236501693725586,79.20027160644531,-0.12199656665325165,-42.1266975402832,80.21136474609375,,
1780510048.572718,22084.55985612,-7.685303211212158,-44.32205581665039,84.90917205810547,-7.015324592590332,-50.85879898071289,77.97362518310547,9.640315055847168,-28.33883285522461,77.27458953857422,1.13393235206604,-44.44049835205078,81.11306762695312,,
1780510048.5927467,22084.581448369,-6.393284797668457,-42.24463653564453,85.55046081542969,-6.869583606719971,-49.51011276245117,77.61592102050781,8.632516860961914,-27.718717575073242,76.23616790771484,1.7501881122589111,-45.235965728759766,81.84553527832031,,
1780510048.6127098,22084.599667904,-6.135823726654053,-40.83989334106445,85.87446594238281,-6.462536811828613,-49.174503326416016,77.63275909423828,8.623305320739746,-27.45166015625,75.62397003173828,0.7595051527023315,-44.292747497558594,81.82539367675781,,
1780510048.6327815,22084.619776922,-6.996407985687256,-40.445281982421875,85.8152084350586,-5.662590503692627,-48.452919006347656,78.4013900756836,9.814043045043945,-29.081218719482422,75.31708526611328,-1.033837914466858,-41.93244552612305,81.30391693115234,,
1780510048.6528313,22084.639534913,-8.287625312805176,-40.54983139038086,85.44282531738281,-4.334396839141846,-47.10735321044922,79.91110229492188,10.446185111999512,-31.462106704711914,75.26054382324219,-3.2589290142059326,-38.512718200683594,80.77924346923828,,
1780510048.67275,22084.659512873,-9.95309829711914,-41.458003997802734,85.04794311523438,-2.6041500568389893,-45.834007263183594,82.29862976074219,9.515677452087402,-33.5063362121582,75.57489776611328,-5.846660614013672,-34.64624786376953,79.85515594482422,,
1780510048.692915,22084.680197421,-11.578268051147461,-43.404518127441406,84.0868148803711,-0.49945351481437683,-44.20234298706055,85.91607666015625,7.8982462882995605,-34.83924102783203,77.6583480834961,-8.544963836669922,-30.789182662963867,77.56134796142578,,
1780510048.712855,22084.699727043,-10.97043228149414,-45.5148811340332,82.98246002197266,0.8011884689331055,-42.063846588134766,88.43090057373047,6.389039516448975,-36.07162094116211,80.31950378417969,-10.190876007080078,-27.648921966552734,74.8957748413086,,
1780510048.7328005,22084.719384724,-9.221989631652832,-46.596168518066406,82.03302001953125,1.5236083269119263,-40.985782623291016,88.52359771728516,5.062779426574707,-37.743980407714844,82.5843505859375,-9.216334342956543,-25.695655822753906,73.42268371582031,,
1780510048.7527938,22084.739394258,-7.328449726104736,-47.06744384765625,81.17289733886719,2.0209732055664062,-41.49290466308594,87.88058471679688,5.172999858856201,-38.794189453125,83.56996154785156,-7.579361915588379,-25.406898498535156,72.88201141357422,,
1780510048.7728133,22084.759701947,-6.019371032714844,-47.76005935668945,80.06057739257812,1.922248363494873,-42.57566833496094,87.09162139892578,6.0915422439575195,-38.3117790222168,83.6698226928711,-6.514590263366699,-26.676326751708984,72.02059173583984,,
1780510048.7927911,22084.779583515,-5.6197309494018555,-48.31529235839844,79.20674133300781,0.6598196625709534,-44.309295654296875,86.28167724609375,6.605134010314941,-36.461769104003906,83.57086181640625,-5.2488484382629395,-29.219982147216797,71.64743041992188,,
1780510048.8127093,22084.799498037,-5.762446403503418,-48.396575927734375,79.5865249633789,-1.7933541536331177,-47.25187301635742,85.0833740234375,7.025358200073242,-33.80215072631836,82.8701171875,-3.392068862915039,-32.488914489746094,73.50894927978516,,
1780510048.8328004,22084.819522989,-6.343418121337891,-48.685394287109375,81.20819091796875,-5.133800983428955,-50.38792037963867,83.06095886230469,8.410640716552734,-30.59267234802246,81.6374740600586,-1.391568660736084,-37.002662658691406,76.83293151855469,,
1780510048.8528304,22084.839476427,-7.465280532836914,-47.478248596191406,83.24932861328125,-7.419952869415283,-52.20087814331055,80.41533660888672,9.959428787231445,-28.167543411254883,79.46570587158203,-0.3287409543991089,-41.09046173095703,79.51708221435547,,
1780510048.872762,22084.859736495,-7.633420944213867,-45.3106575012207,84.89230346679688,-7.530145168304443,-51.487274169921875,78.45379638671875,9.935303688049316,-28.02348518371582,77.55419921875,0.8652920126914978,-43.65031051635742,80.67389678955078,,
1780510048.8927648,22084.879995556,-6.225168228149414,-42.89533233642578,85.70259857177734,-7.518115520477295,-49.85041809082031,77.9540786743164,8.930500030517578,-27.631834030151367,76.23750305175781,1.9055213928222656,-44.935428619384766,81.60406494140625,,
1780510048.9129212,22084.899972004,-5.557255744934082,-40.98591995239258,86.09175109863281,-7.099421977996826,-49.10309982299805,77.7205581665039,8.570378303527832,-27.43661880493164,75.44152069091797,1.5190575122833252,-44.62841033935547,81.84796905517578,,
1780510048.9327946,22084.919879067,-6.46017599105835,-40.08516311645508,86.087646484375,-6.162362098693848,-48.79969024658203,78.11807250976562,9.244165420532227,-28.554492950439453,75.18486022949219,-0.42403489351272583,-42.80967712402344,81.41520690917969,,
1780510048.9527202,22084.939651973,-7.673401832580566,-40.059993743896484,85.85527038574219,-4.964194297790527,-47.371246337890625,79.55488586425781,10.129988670349121,-31.02504539489746,74.92648315429688,-2.472827911376953,-39.60062026977539,80.93946075439453,,
1780510048.9728343,22084.959456951,-9.496646881103516,-40.831092834472656,85.42817687988281,-2.963416814804077,-45.73417663574219,81.880615234375,9.671754837036133,-33.65926742553711,75.16883087158203,-5.1403961181640625,-35.58036804199219,80.09185791015625,,
1780510048.992721,22084.979400854,-11.742439270019531,-42.56195831298828,84.21754455566406,-0.3773644268512726,-43.997779846191406,85.6125717163086,7.834573745727539,-35.329856872558594,76.9701919555664,-8.045754432678223,-31.53495216369629,77.95401763916016,,
1780510049.012837,22084.999893709,-11.671011924743652,-44.744625091552734,83.03746032714844,1.2609844207763672,-41.51926040649414,88.50247192382812,6.0803656578063965,-36.567996978759766,79.88916778564453,-10.079536437988281,-28.130512237548828,75.18891143798828,,
1780510049.0327911,22085.019433963,-9.923460960388184,-45.856388092041016,82.06293487548828,2.1111435890197754,-40.072975158691406,88.6610107421875,4.260811805725098,-38.300418853759766,82.50911712646484,-9.114957809448242,-25.963773727416992,73.60892486572266,,
1780510049.0527656,22085.0402602,-7.9026408195495605,-46.386112213134766,81.10200500488281,2.707563877105713,-40.50041961669922,87.86181640625,4.315763473510742,-39.689937591552734,83.67686462402344,-7.237277984619141,-25.562387466430664,73.03319549560547,,
1780510049.0728455,22085.05968232,-6.295114994049072,-47.17459487915039,79.89968872070312,2.809992790222168,-41.59138488769531,86.99861907958984,5.356454849243164,-39.46356201171875,83.85054016113281,-6.0511956214904785,-26.78463363647461,72.05310821533203,,
1780510049.0927117,22085.079593704,-5.7208476066589355,-47.82403564453125,78.8184814453125,1.7205973863601685,-43.35068893432617,86.20458221435547,6.214766502380371,-37.80833435058594,83.71163177490234,-4.822910308837891,-29.063444137573242,71.39422607421875,,
1780510049.1127198,22085.099427393,-6.005346298217773,-47.689300537109375,78.81527709960938,-0.4886380434036255,-46.38856887817383,85.15216827392578,6.627663612365723,-35.25291442871094,83.13484191894531,-3.2104623317718506,-32.28759002685547,72.87947082519531,,
1780510049.132827,22085.119705238,-6.497416973114014,-47.79252243041992,80.17926025390625,-3.7355682849884033,-49.780887603759766,83.2880859375,7.5045390129089355,-32.01014709472656,82.10924530029297,-1.1609773635864258,-36.805763244628906,76.06591033935547,,
1780510049.1527717,22085.139988621,-7.426373481750488,-47.17472457885742,82.47880554199219,-6.557783603668213,-51.97719192504883,80.6474609375,9.304615020751953,-28.922391891479492,80.09868621826172,-0.12824833393096924,-41.25515365600586,79.03643035888672,,
1780510049.172736,22085.159789611,-7.961348533630371,-44.98036575317383,84.25271606445312,-6.875484943389893,-51.411231994628906,78.40505981445312,9.457769393920898,-28.799413681030273,78.17393493652344,0.9550812244415283,-44.162784576416016,80.58423614501953,,
1780510049.1927712,22085.179283333,-6.60955286026001,-42.380069732666016,85.21986389160156,-6.536482810974121,-49.420772552490234,77.66631317138672,8.663252830505371,-28.761417388916016,76.75989532470703,2.2355849742889404,-45.743045806884766,81.48804473876953,,
1780510049.2128901,22085.199574269,-5.585833549499512,-40.349365234375,85.65235137939453,-6.294386863708496,-48.64497375488281,77.44396209716797,8.0392484664917,-28.055322647094727,75.88155364990234,2.04062819480896,-45.66255569458008,81.82254028320312,,
1780510049.2328806,22085.220112675,-6.326676368713379,-39.34987258911133,85.68920135498047,-5.430449485778809,-48.33384704589844,77.77228546142578,8.772377014160156,-28.973434448242188,75.68804168701172,0.1310076117515564,-44.0871696472168,81.40326690673828,,
1780510049.2527087,22085.239747961,-7.647848129272461,-39.26393508911133,85.37029266357422,-4.08719539642334,-47.08518600463867,79.02083587646484,9.748290061950684,-31.39649772644043,75.5350341796875,-1.9720549583435059,-41.1069221496582,80.93439483642578,,
1780510049.273249,22085.260242302,-9.39452838897705,-39.87788772583008,84.79305267333984,-2.4508392810821533,-45.50663375854492,80.98140716552734,9.51467514038086,-33.84295654296875,75.69632720947266,-4.464914321899414,-37.094085693359375,80.29027557373047,,
1780510049.2928226,22085.28064235,-11.71085262298584,-41.39481735229492,83.7557373046875,0.10500892996788025,-43.992919921875,84.43111419677734,7.845290184020996,-35.548370361328125,77.15138244628906,-7.349794864654541,-32.90998077392578,78.37458038330078,,
1780510049.3128366,22085.300557867,-11.896073341369629,-43.60673141479492,82.7486801147461,1.7918192148208618,-41.84101486206055,87.44950866699219,6.39565896987915,-36.635826110839844,79.76484680175781,-9.656397819519043,-29.305803298950195,75.62468719482422,,
1780510049.3327763,22085.319985236,-10.234016418457031,-44.99022674560547,81.82068634033203,2.59380841255188,-40.42520523071289,88.03935241699219,4.776216506958008,-38.14051818847656,82.26165008544922,-9.230154991149902,-26.81568717956543,73.90264892578125,,
1780510049.3528366,22085.342851771,-8.391939163208008,-45.65583038330078,80.89051055908203,2.9564828872680664,-40.7411003112793,87.55813598632812,4.685056209564209,-39.27690124511719,83.52098846435547,-7.730156898498535,-26.031431198120117,73.21022033691406,,
1780510049.372798,22085.359703773,-6.578409194946289,-46.5086784362793,79.84403228759766,2.896449327468872,-41.92359161376953,86.80573272705078,5.450093746185303,-39.044918060302734,83.85466003417969,-6.582101345062256,-27.00722885131836,72.24024200439453,,
1780510049.3928618,22085.379509469,-5.785376071929932,-47.281070709228516,78.74324035644531,1.7781963348388672,-43.80677032470703,85.96700286865234,6.295334339141846,-37.56427001953125,83.81002044677734,-5.118590831756592,-29.00218391418457,71.71424865722656,,
1780510049.412809,22085.401531184,-5.838293552398682,-47.35054016113281,78.9439468383789,-0.6045504212379456,-46.88459777832031,84.90914916992188,6.789165019989014,-34.954872131347656,83.27880096435547,-3.4379525184631348,-32.2371711730957,73.25411987304688,,
1780510049.4327872,22085.420383027,-6.419939041137695,-47.61959457397461,80.46118927001953,-4.110683917999268,-50.31160354614258,83.114501953125,7.803682327270508,-31.691904067993164,82.18251037597656,-1.4094560146331787,-36.76634216308594,76.62684631347656,,
1780510049.453293,22085.440661024,-7.618350505828857,-47.00151443481445,82.80402374267578,-6.762617588043213,-52.244354248046875,80.38079071044922,9.467718124389648,-28.63138198852539,80.28015899658203,-0.44933977723121643,-40.993064880371094,79.54475402832031,,
1780510049.472842,22085.460568779,-8.02499771118164,-45.26763153076172,84.4975814819336,-7.206275463104248,-51.608314514160156,78.38534545898438,9.567995071411133,-28.39936065673828,78.08655548095703,0.6729665994644165,-43.7289924621582,80.81773376464844,,
1780510049.4928055,22085.480219807,-6.657803535461426,-42.79083251953125,85.50483703613281,-6.9242167472839355,-49.73713684082031,77.63054656982422,8.705938339233398,-28.04215431213379,76.73960876464844,1.8947079181671143,-45.24449920654297,81.65895080566406,,
1780510049.5127828,22085.49953493,-5.770163536071777,-40.757694244384766,85.78048706054688,-6.7428741455078125,-48.93717956542969,77.46752166748047,8.063916206359863,-27.479652404785156,76.10602569580078,1.5480101108551025,-45.223388671875,82.04978942871094,,
1780510049.5327854,22085.519654964,-6.5686564445495605,-40.13808059692383,85.97374725341797,-5.985863208770752,-48.86610412597656,77.85748291015625,8.987589836120605,-28.17415428161621,75.65165710449219,-0.34780389070510864,-43.3449821472168,81.48336791992188,,
1780510049.552819,22085.539494567,-7.61207914352417,-40.055816650390625,85.68599700927734,-5.021425247192383,-47.67612075805664,79.02106475830078,10.042872428894043,-30.452198028564453,75.36244201660156,-2.20670747756958,-40.4079475402832,81.07737731933594,,
1780510049.572872,22085.559984293,-9.24813461303711,-40.717552185058594,85.241943359375,-3.3091249465942383,-46.24020004272461,81.01396942138672,9.985034942626953,-32.89430236816406,75.6729736328125,-4.644525051116943,-36.70345687866211,80.31121063232422,,
1780510049.5928037,22085.579877545,-11.279905319213867,-42.134300231933594,84.51039123535156,-1.1223790645599365,-44.8879508972168,84.26255798339844,8.400115013122559,-34.43949508666992,76.79299926757812,-7.511778831481934,-32.69851303100586,78.57781219482422,,
1780510049.6128151,22085.5995211,-11.715984344482422,-44.326744079589844,83.27249145507812,0.6519712805747986,-42.85076904296875,87.57927703857422,6.932950496673584,-35.636619567871094,79.3218765258789,-9.898427963256836,-29.100357055664062,75.88166809082031,,
1780510049.6327903,22085.619526758,-10.186967849731445,-45.923336029052734,82.30000305175781,1.5444391965866089,-41.211551666259766,88.5365219116211,5.274598598480225,-37.20485305786133,81.85542297363281,-9.7446928024292,-26.538848876953125,73.85916137695312,,
1780510049.6529055,22085.639878501,-8.1820707321167,-46.561767578125,81.44290924072266,2.146699905395508,-41.18621826171875,87.97775268554688,4.860080242156982,-38.72702407836914,83.35118865966797,-8.104721069335938,-25.617996215820312,73.12728881835938,,
1780510049.6728978,22085.660066276,-6.53286600112915,-47.35173416137695,80.47093963623047,2.3415699005126953,-42.04404830932617,87.2561264038086,5.702742576599121,-38.80695724487305,83.6832275390625,-6.912254810333252,-26.378694534301758,72.22846984863281,,
1780510049.6927898,22085.680153157,-5.715795993804932,-48.11252212524414,79.4403305053711,1.5550801753997803,-43.50571823120117,86.47055053710938,6.534286022186279,-37.409847259521484,83.57428741455078,-5.846343994140625,-28.378355026245117,71.46512603759766,,
1780510049.7129385,22085.700367814,-5.595556259155273,-48.25495910644531,79.50482177734375,-0.4364360570907593,-46.102718353271484,85.4493408203125,6.996816158294678,-35.002540588378906,83.05794525146484,-4.4265594482421875,-31.33055305480957,72.5425033569336,,
1780510049.7328818,22085.719728242,-6.09718656539917,-48.385826110839844,80.63705444335938,-3.7474358081817627,-49.5618782043457,83.68956756591797,7.645047664642334,-31.857816696166992,82.06432342529297,-2.1780426502227783,-35.430267333984375,75.53466796875,,
1780510049.7527583,22085.739787989,-7.136053562164307,-47.94507598876953,82.74077606201172,-6.743379592895508,-52.10948944091797,81.04644012451172,9.451146125793457,-28.592527389526367,80.31614685058594,-0.8155224323272705,-40.01072692871094,78.79120635986328,,
1780510049.7727983,22085.760029402,-8.023402214050293,-45.97199630737305,84.51628875732422,-7.496726989746094,-52.24626922607422,78.73002624511719,9.894572257995605,-28.045085906982422,78.11504364013672,0.2311158925294876,-43.00990295410156,80.43927764892578,,
1780510049.7927892,22085.779871359,-6.961073875427246,-43.313663482666016,85.55162811279297,-7.235360145568848,-50.487220764160156,77.69573974609375,9.079445838928223,-28.122400283813477,76.72209930419922,1.5530359745025635,-44.867733001708984,81.45384216308594,,
1780510049.8129303,22085.799929857,-5.890448570251465,-41.295745849609375,86.04694366455078,-6.842105865478516,-49.49223709106445,77.44552612304688,8.203965187072754,-27.413225173950195,75.73303985595703,1.6571208238601685,-45.1114501953125,81.95960998535156,,
1780510049.8328717,22085.81970427,-6.335115909576416,-40.16917037963867,86.13927459716797,-6.127692699432373,-49.268497467041016,77.60894775390625,8.809426307678223,-28.091779708862305,75.31082916259766,-0.038420774042606354,-43.70258331298828,81.62979888916016,,
1780510049.8527472,22085.839656831,-7.454765796661377,-39.76268005371094,85.81676483154297,-4.958138465881348,-48.08092498779297,78.6961898803711,9.857484817504883,-30.339950561523438,75.17684173583984,-1.9602502584457397,-41.02867889404297,81.19422912597656,,
1780510049.8727882,22085.859532612,-9.072871208190918,-40.203285217285156,85.42110443115234,-3.282498836517334,-46.457740783691406,80.72486877441406,9.838640213012695,-32.85498046875,75.24913787841797,-4.41583251953125,-37.20942306518555,80.53985595703125,,
1780510049.892761,22085.879658243,-11.074273109436035,-41.34475326538086,84.73213958740234,-1.056251049041748,-44.99325180053711,83.64105987548828,8.218558311462402,-34.70783615112305,76.32001495361328,-7.2103705406188965,-33.32472229003906,79.03074645996094,,
1780510049.9127975,22085.900091364,-12.049034118652344,-43.343345642089844,83.36643981933594,1.1433013677597046,-42.91476058959961,87.11384582519531,6.729130268096924,-36.031864166259766,78.98648071289062,-9.955086708068848,-29.803686141967773,76.1689682006836,,
1780510049.9327893,22085.919862102,-10.587869644165039,-44.98490905761719,82.39159393310547,2.2624664306640625,-40.96369934082031,88.36245727539062,5.034767150878906,-37.60643005371094,81.63716888427734,-10.075377464294434,-27.073816299438477,74.07965087890625,,
1780510049.9527893,22085.939703088,-8.574519157409668,-45.58367919921875,81.42932891845703,2.885101795196533,-40.77586364746094,87.78734588623047,4.536369323730469,-39.24245834350586,83.3186264038086,-8.313798904418945,-25.936819076538086,73.3389892578125,,
1780510049.9727697,22085.959559779,-6.915323257446289,-46.40874099731445,80.2595443725586,3.195385217666626,-41.54185485839844,87.10552978515625,5.275234222412109,-39.37187957763672,83.80506896972656,-7.114039897918701,-26.732481002807617,72.41770935058594,,
1780510049.9927616,22085.97970244,-5.816066265106201,-47.26715850830078,79.12548065185547,2.55476975440979,-43.049659729003906,86.25782012939453,6.276157855987549,-38.13462829589844,83.71086883544922,-5.87423849105835,-28.645519256591797,71.6002426147461,,
1780510050.0127945,22085.999931366,-5.687608242034912,-47.36309051513672,78.90386199951172,0.6452637910842896,-45.78673553466797,85.28248596191406,6.830356121063232,-35.777706146240234,83.36732482910156,-4.4702606201171875,-31.724308013916016,72.53115844726562,,
1780510050.0328422,22086.020091349,-6.2941765785217285,-47.56033706665039,79.91846466064453,-2.6119203567504883,-49.241268157958984,83.73873138427734,7.543416500091553,-32.60249328613281,82.46945190429688,-2.2152652740478516,-35.885311126708984,75.4758071899414,,
1780510050.0527906,22086.039835779,-7.310248851776123,-47.37298583984375,82.18704223632812,-5.879021644592285,-51.942203521728516,81.14973449707031,9.204073905944824,-29.194543838500977,80.84947204589844,-0.8454452753067017,-40.49020004272461,78.84989929199219,,
1780510050.072788,22086.059454663,-8.309314727783203,-45.77711486816406,84.0208511352539,-6.948179244995117,-52.1836051940918,78.76878356933594,9.514115333557129,-28.339418411254883,78.66572570800781,0.06608495861291885,-43.49290466308594,80.68392944335938,,
1780510050.0927773,22086.079382265,-7.301436424255371,-43.40890884399414,85.23225402832031,-6.86168098449707,-50.32676696777344,77.66162872314453,8.852598190307617,-28.385366439819336,77.02193450927734,1.4231936931610107,-45.27094650268555,81.57736206054688,,
1780510050.1128182,22086.100123771,-6.1044745445251465,-41.236656188964844,85.71053314208984,-6.671938419342041,-49.25148391723633,77.28936004638672,7.900153636932373,-27.605789184570312,76.24888610839844,1.5809153318405151,-45.54730987548828,82.20320129394531,,
1780510050.132913,22086.120263246,-6.462963581085205,-40.21184539794922,85.90532684326172,-6.055707931518555,-49.074127197265625,77.42005157470703,8.45307445526123,-27.89302635192871,75.80517578125,0.06289643794298172,-44.075740814208984,81.86284637451172,,
1780510050.1534998,22086.140252686,-7.566063404083252,-39.86775207519531,85.7237319946289,-4.946094989776611,-48.081275939941406,78.38138580322266,9.718962669372559,-30.031545639038086,75.6539077758789,-1.9138545989990234,-41.4134407043457,81.29126739501953,,
1780510050.1728835,22086.159462215,-8.942927360534668,-40.25193786621094,85.27706146240234,-3.5940053462982178,-46.617698669433594,80.25975799560547,9.955656051635742,-32.39848327636719,75.52276611328125,-4.128786087036133,-37.68035125732422,80.73734283447266,,
1780510050.1928327,22086.179509214,-10.884227752685547,-41.246246337890625,84.78175354003906,-1.5056053400039673,-45.340118408203125,83.08381652832031,8.565987586975098,-34.2398681640625,76.34123229980469,-7.00994873046875,-33.842288970947266,79.41032409667969,,
1780510050.2128246,22086.200761311,-11.911934852600098,-43.274906158447266,83.5403060913086,0.6670963168144226,-43.413612365722656,86.5182876586914,7.097658157348633,-35.510963439941406,78.7336654663086,-9.630693435668945,-30.166139602661133,76.6595458984375,,
1780510050.232852,22086.221222412,-10.611038208007812,-45.161590576171875,82.67877197265625,1.6517149209976196,-41.54290008544922,88.25121307373047,5.578640937805176,-36.9095573425293,81.32984161376953,-10.297035217285156,-27.353696823120117,74.29475402832031,,
1780510050.2526164,22086.239800549,-8.577239036560059,-46.06730270385742,81.75830841064453,2.2535181045532227,-41.17596435546875,87.94534301757812,4.905606746673584,-38.603271484375,83.10316467285156,-8.777276992797852,-25.88669204711914,73.32279205322266,,
1780510050.2726161,22086.259536206,-6.843947410583496,-46.89430236816406,80.84636688232422,2.5710902214050293,-41.85215759277344,87.28135681152344,5.584904193878174,-38.998016357421875,83.68537139892578,-7.507399082183838,-26.36388397216797,72.3824234008789,,
1780510050.292612,22086.280298498,-5.750335216522217,-47.77468490600586,79.88473510742188,2.023177146911621,-43.16518020629883,86.5259017944336,6.568681240081787,-37.860260009765625,83.5924301147461,-6.506000995635986,-28.015987396240234,71.5928726196289,,
1780510050.3126905,22086.299821484,-5.501595973968506,-48.13642501831055,79.65730285644531,0.22668619453907013,-45.46785354614258,85.63788604736328,7.147152900695801,-35.547977447509766,83.2203140258789,-5.258389949798584,-30.70568084716797,72.096435546875,,
1780510050.3326902,22086.319725635,-5.888180255889893,-48.244815826416016,80.5183334350586,-2.6217663288116455,-48.83712387084961,84.20111083984375,7.736762046813965,-32.51911163330078,82.30220794677734,-3.252396821975708,-34.25251388549805,74.6303482055664,,
1780510050.3526917,22086.339618081,-6.847078323364258,-48.149803161621094,82.57022857666016,-6.09042501449585,-51.905174255371094,81.68135833740234,9.484627723693848,-29.053298950195312,80.8107681274414,-1.5575059652328491,-38.804786682128906,78.1156997680664,,
1780510050.373628,22086.360444654,-8.146366119384766,-46.6083869934082,84.36183166503906,-7.467060565948486,-52.9398193359375,79.1558609008789,10.112116813659668,-27.676576614379883,78.72599029541016,-0.5889084339141846,-42.00664520263672,80.30977630615234,,
1780510050.3927443,22086.379558818,-7.6312079429626465,-44.413612365722656,85.6376953125,-7.485335826873779,-51.60585021972656,77.7656478881836,9.583182334899902,-27.6251220703125,76.97154998779297,0.6691864132881165,-44.00059127807617,81.29763793945312,,
1780510050.4124303,22086.399137041,-6.449854850769043,-42.256343841552734,86.12557220458984,-7.237257480621338,-50.30474090576172,77.30628967285156,8.538960456848145,-26.888935089111328,76.00813293457031,1.170525074005127,-44.71275329589844,82.12905883789062,,
1780510050.432787,22086.419877625,-6.449803352355957,-40.9915657043457,86.29712677001953,-6.9070234298706055,-49.98173522949219,77.35283660888672,8.811285972595215,-27.056060791015625,75.3708724975586,0.05094243213534355,-43.638980865478516,82.01422119140625,,
1780510050.4522161,22086.439128518,-7.353999137878418,-40.52934646606445,86.26748657226562,-5.886987686157227,-49.2711296081543,78.07797241210938,9.896095275878906,-28.699100494384766,75.00379943847656,-1.7685332298278809,-41.25648880004883,81.50111389160156,,
1780510050.473549,22086.460216651,-8.53848648071289,-40.68427276611328,85.92137145996094,-4.695427417755127,-47.86809158325195,79.74895477294922,10.320781707763672,-31.02064323425293,74.84559631347656,-3.927184581756592,-37.8819465637207,80.99075317382812,,
1780510050.4930875,22086.48014921,-10.146448135375977,-41.55976486206055,85.59616088867188,-2.9112796783447266,-46.61063766479492,82.22364044189453,9.348505973815918,-33.0458869934082,75.30133819580078,-6.582463264465332,-34.13605880737305,79.97007751464844,,
1780510050.5133758,22086.500676679,-11.810981750488281,-43.39492416381836,84.40253448486328,-0.5416220426559448,-44.775474548339844,85.88546752929688,7.6931939125061035,-34.659000396728516,77.54259490966797,-9.448738098144531,-30.391260147094727,77.37300109863281,,
1780510050.532774,22086.519274705,-10.889594078063965,-45.401668548583984,83.37075805664062,0.8328366875648499,-42.44432830810547,88.44705200195312,6.053455352783203,-36.09254455566406,80.40139770507812,-10.945189476013184,-27.249940872192383,74.6554183959961,,
1780510050.5525925,22086.539631142,-8.948322296142578,-46.25807571411133,82.39388275146484,1.8640354871749878,-41.25095748901367,88.47399139404297,4.749216079711914,-38.049713134765625,82.70274353027344,-9.727837562561035,-25.55743980407715,73.4378433227539,,
1780510050.5726225,22086.559241211,-7.120190143585205,-46.67643737792969,81.40281677246094,2.5251762866973877,-41.56895065307617,87.77118682861328,4.997813701629639,-39.00164031982422,83.63378143310547,-8.149757385253906,-25.758544921875,72.71888732910156,,
1780510050.593162,22086.579909288,-5.855419158935547,-47.56766128540039,80.2573013305664,2.4885356426239014,-42.47047424316406,86.98558807373047,6.0833282470703125,-38.38966369628906,83.6791763305664,-7.011257648468018,-27.26946449279785,71.70814514160156,,
1780510050.6136262,22086.600788488,-5.432553768157959,-48.023582458496094,79.45030975341797,1.4073693752288818,-44.24639129638672,86.16112518310547,6.843167781829834,-36.574424743652344,83.52242279052734,-5.858333587646484,-30.01596450805664,71.53345489501953,,
1780510050.633434,22086.620530577,-5.790218830108643,-47.956809997558594,79.7891616821289,-0.9146294593811035,-47.297813415527344,84.90406799316406,7.335840225219727,-33.9082145690918,82.78313446044922,-4.121218204498291,-33.47257995605469,73.39470672607422,,
1780510050.6534362,22086.640690608,-6.476283550262451,-48.12593460083008,81.5085678100586,-4.5388875007629395,-50.78929138183594,82.78390502929688,8.363916397094727,-30.421262741088867,81.5322036743164,-1.9427372217178345,-37.93360900878906,77.00203704833984,,
1780510050.6734197,22086.660759269,-7.766654014587402,-47.092044830322266,83.5732421875,-6.8977460861206055,-52.75075149536133,79.95521545410156,9.526140213012695,-27.869117736816406,79.71983337402344,-0.8250309228897095,-41.73241424560547,79.89456939697266,,
1780510050.693732,22086.681098403,-7.901769161224365,-44.97844696044922,85.0213851928711,-7.145058631896973,-51.81977462768555,78.03632354736328,9.363486289978027,-28.060808181762695,77.70130920410156,0.49572697281837463,-44.18386459350586,81.12761688232422,,
1780510050.7134411,22086.700796505,-6.534800052642822,-42.45412063598633,85.75762176513672,-6.9649200439453125,-50.08391189575195,77.31742095947266,8.227375984191895,-27.713953018188477,76.63124084472656,1.6514735221862793,-45.35845947265625,82.16767883300781,,
1780510050.7333183,22086.721253286,-5.908436298370361,-40.730743408203125,86.13895416259766,-6.52001953125,-49.487205505371094,77.11421966552734,7.643893718719482,-27.220417022705078,75.88190460205078,1.2371013164520264,-45.01559066772461,82.41065979003906,,
1780510050.7537317,22086.740955567,-6.862051963806152,-39.98224639892578,86.14834594726562,-5.545003890991211,-49.355194091796875,77.35901641845703,8.75542163848877,-28.295425415039062,75.61988067626953,-0.7194767594337463,-42.9626579284668,81.84286499023438,,
1780510050.772928,22086.760055531,-8.00662612915039,-39.816097259521484,85.75979614257812,-4.3467698097229,-47.99486541748047,78.71952056884766,9.75717830657959,-30.731462478637695,75.4813232421875,-2.7156143188476562,-39.91213607788086,81.3394546508789,,
1780510050.7928908,22086.780081569,-9.511604309082031,-40.36076354980469,85.3780746459961,-2.6915204524993896,-46.45917510986328,80.86156463623047,9.558040618896484,-33.118526458740234,75.59124755859375,-5.208102226257324,-36.00505447387695,80.5487060546875,,
1780510050.8136795,22086.800832844,-11.560309410095215,-41.69403839111328,84.37571716308594,-0.03166091442108154,-45.077571868896484,84.09005737304688,7.876007080078125,-34.927276611328125,77.07271575927734,-8.078337669372559,-32.34303283691406,78.53422546386719,,
1780510050.8334837,22086.821292452,-11.722209930419922,-43.677284240722656,83.1053466796875,1.7449454069137573,-42.78656005859375,87.2343521118164,6.545216083526611,-36.3194694519043,79.69908142089844,-10.390247344970703,-29.05171012878418,75.69060516357422,,
1780510050.853411,22086.840704799,-9.963375091552734,-45.03949737548828,82.21076965332031,2.6995887756347656,-41.135929107666016,87.9235610961914,5.006392955780029,-38.13290786743164,82.15324401855469,-9.941483497619629,-26.732786178588867,73.88311004638672,,
1780510050.8735585,22086.861140792,-8.065196990966797,-45.64762878417969,81.22750091552734,3.2030885219573975,-41.18379211425781,87.34323120117188,4.8490309715271,-39.53933334350586,83.48920440673828,-8.206395149230957,-26.09915542602539,73.14765167236328,,
1780510050.8927214,22086.879597106,-6.533666610717773,-46.606605529785156,80.19157409667969,3.3182711601257324,-42.06379318237305,86.72502899169922,5.799266338348389,-39.31705856323242,83.74531555175781,-7.175475597381592,-27.2115478515625,72.13057708740234,,
1780510050.9129038,22086.899661416,-5.759286880493164,-47.34309005737305,79.14984130859375,2.3951892852783203,-43.68241882324219,85.979736328125,6.678196430206299,-37.7730827331543,83.66039276123047,-6.025018215179443,-29.3040714263916,71.52743530273438,,
1780510050.932515,22086.919162229,-5.75779914855957,-47.4844856262207,79.339599609375,0.11168970912694931,-46.50551223754883,84.93608093261719,7.195781707763672,-35.14220428466797,83.10115051269531,-4.5409836769104,-32.394439697265625,72.82026672363281,,
1780510050.9525926,22086.939766572,-6.312266826629639,-47.70146942138672,80.71660614013672,-3.4843523502349854,-50.12333297729492,83.19274139404297,7.845715522766113,-31.701904296875,82.07035827636719,-2.27878475189209,-36.55603790283203,76.15735626220703,,
1780510050.9725568,22086.959944937,-7.552958011627197,-47.29814529418945,82.90270233154297,-6.4850616455078125,-52.59844207763672,80.54733276367188,9.544702529907227,-28.453365325927734,80.40826416015625,-1.1433278322219849,-40.68488693237305,79.26876068115234,,
1780510050.992669,22086.979928334,-8.295565605163574,-45.656227111816406,84.63555908203125,-7.183772563934326,-52.37574768066406,78.3688735961914,9.683748245239258,-28.08765983581543,78.17720794677734,-0.10445760190486908,-43.435157775878906,80.76634216308594,,
1780510051.012667,22087.000052125,-7.281813144683838,-43.3356819152832,85.63497161865234,-6.956611156463623,-50.56144332885742,77.41431427001953,8.768637657165527,-28.0096492767334,76.83662414550781,1.131407618522644,-44.971534729003906,81.7752685546875,,
1780510051.0324788,22087.019376612,-6.310611248016357,-41.306068420410156,85.98825073242188,-6.844744682312012,-49.7540168762207,77.19882202148438,7.929714679718018,-27.22184181213379,75.88323974609375,0.9783076047897339,-45.053916931152344,82.2285385131836,,
1780510051.052391,22087.039743158,-6.824040412902832,-40.65119552612305,86.24002075195312,-6.155488967895508,-49.51207733154297,77.52672576904297,8.934307098388672,-27.859703063964844,75.44993591308594,-0.6220303177833557,-43.18280792236328,81.70643615722656,,
1780510051.0726016,22087.059640858,-7.821404933929443,-40.3255500793457,85.87287139892578,-5.150773525238037,-48.31239318847656,78.64362335205078,10.034106254577637,-30.03103256225586,75.40828704833984,-2.5552377700805664,-40.3175163269043,81.27435302734375,,
1780510051.0927012,22087.079805841,-9.102010726928711,-40.69581985473633,85.58052825927734,-3.8083577156066895,-46.983734130859375,80.4957275390625,10.015864372253418,-32.17670440673828,75.3637466430664,-4.889596462249756,-36.638492584228516,80.691650390625,,
1780510051.1127148,22087.099692152,-10.945136070251465,-42.011375427246094,84.98868560791016,-1.7766367197036743,-45.85141372680664,83.3062973022461,8.712804794311523,-33.902809143066406,76.30826568603516,-7.620706081390381,-32.76408767700195,79.17318725585938,,
1780510051.1326785,22087.11965054,-11.711370468139648,-44.02899932861328,83.88916015625,0.1610412895679474,-43.67095947265625,86.81986999511719,7.109488010406494,-35.180416107177734,78.8139419555664,-10.277505874633789,-29.41285514831543,76.42955780029297,,
1780510051.1526577,22087.139526328,-10.291646957397461,-45.82162094116211,82.91610717773438,1.192399263381958,-41.84512710571289,88.388916015625,5.424214839935303,-36.84356689453125,81.48656463623047,-10.659506797790527,-26.689002990722656,74.03034973144531,,
1780510051.1728454,22087.159368477,-8.288328170776367,-46.59324645996094,82.0132064819336,2.0128986835479736,-41.33651351928711,88.08708953857422,4.795304775238037,-38.5567512512207,83.21370697021484,-9.02419662475586,-25.39277458190918,73.18914031982422,,
1780510051.1933417,22087.179908968,-6.635140419006348,-47.14356994628906,80.93766784667969,2.4522006511688232,-41.88920974731445,87.39073944091797,5.320590019226074,-38.97945785522461,83.85989379882812,-7.689454078674316,-26.11001968383789,72.39158630371094,,
1780510051.212915,22087.200203913,-5.617191791534424,-47.918514251708984,79.91201782226562,1.9240002632141113,-43.05983352661133,86.61548614501953,6.173501968383789,-37.88972473144531,83.79898834228516,-6.626882553100586,-27.964920043945312,71.44268035888672,,
1780510051.2328439,22087.219418865,-5.396122455596924,-48.04684829711914,79.63348388671875,0.36339840292930603,-45.37433624267578,85.69649505615234,6.741397857666016,-35.75392150878906,83.3624038696289,-5.376999855041504,-30.79219627380371,71.99201965332031,,
1780510051.2528102,22087.240373615,-5.931100845336914,-48.18147277832031,80.26994323730469,-2.431239128112793,-48.61405563354492,84.33020782470703,7.325290679931641,-32.8045539855957,82.5093002319336,-3.25719952583313,-34.38957977294922,74.41947174072266,,
1780510051.2729452,22087.259554686,-6.7381486892700195,-48.27675247192383,82.3409194946289,-6.032673358917236,-51.631492614746094,81.84913635253906,8.917652130126953,-29.231061935424805,80.88516998291016,-1.4253308773040771,-38.94879913330078,77.84032440185547,,
1780510051.2933977,22087.280384675,-8.05098819732666,-46.47126007080078,84.23192596435547,-7.460391044616699,-52.726219177246094,79.12581634521484,9.560917854309082,-27.887910842895508,79.02013397216797,-0.4719642698764801,-42.326141357421875,80.24771881103516,,
1780510051.3129294,22087.299999019,-7.460671901702881,-44.18620681762695,85.5037841796875,-7.435848712921143,-51.194793701171875,77.79277801513672,9.134649276733398,-28.001426696777344,77.25431823730469,0.94902104139328,-44.35612106323242,81.31791687011719,,
1780510051.3328733,22087.319514508,-6.093259811401367,-41.91840362548828,86.04900360107422,-7.2951884269714355,-49.9171257019043,77.29517364501953,8.187435150146484,-27.272533416748047,76.227783203125,1.5367985963821411,-44.98607635498047,82.09619140625,,
1780510051.3537238,22087.340588102,-6.086350917816162,-40.506317138671875,86.2610092163086,-6.760542392730713,-49.531368255615234,77.20848846435547,8.334729194641113,-27.425085067749023,75.7748031616211,0.48857030272483826,-44.03009796142578,82.07562255859375,,
1780510051.3734522,22087.360175748,-7.160850524902344,-39.9942741394043,86.20166015625,-5.598474502563477,-48.981571197509766,77.87472534179688,9.414849281311035,-29.023759841918945,75.44293212890625,-1.4782793521881104,-41.71025466918945,81.53140258789062,,
1780510051.3934286,22087.380724278,-8.504137992858887,-40.01020050048828,85.8060302734375,-4.294717311859131,-47.40251159667969,79.57586669921875,9.941208839416504,-31.60865592956543,75.2513427734375,-3.716153860092163,-38.39466857910156,80.99981689453125,,
1780510051.412821,22087.399722754,-10.372861862182617,-40.93968963623047,85.2097396850586,-2.19352388381958,-45.95803451538086,82.2548828125,8.88874626159668,-33.9067497253418,75.65982055664062,-6.368747711181641,-34.46721649169922,79.90200805664062,,
1780510051.4330773,22087.42089336,-11.904706001281738,-42.727108001708984,84.11677551269531,0.3808419108390808,-44.069671630859375,85.92406463623047,7.190044403076172,-35.48908233642578,78.04532623291016,-9.266566276550293,-30.745460510253906,77.29222869873047,,
1780510051.4527786,22087.439306494,-11.108460426330566,-44.67607116699219,82.91497802734375,1.7732551097869873,-41.751705169677734,88.23426055908203,5.515031337738037,-37.030364990234375,80.80159759521484,-10.480688095092773,-27.605636596679688,74.64495849609375,,
1780510051.4727547,22087.45936111,-9.337212562561035,-45.51750946044922,81.82742309570312,2.748034715652466,-40.627845764160156,88.10310363769531,4.338085174560547,-38.79442596435547,82.96125793457031,-9.107884407043457,-25.964982986450195,73.51002502441406,,
1780510051.493413,22087.480450215,-7.473005771636963,-46.18657684326172,80.86205291748047,3.249957323074341,-41.142513275146484,87.33367156982422,4.844777584075928,-39.676265716552734,83.740234375,-7.489487648010254,-26.160913467407227,72.70532989501953,,
1780510051.512672,22087.499318769,-6.1987104415893555,-47.13801193237305,79.6474609375,3.120256185531616,-42.23447799682617,86.56658172607422,5.914621353149414,-38.92453384399414,83.80306243896484,-6.409475326538086,-27.791086196899414,71.67494201660156,,
1780510051.5328233,22087.520266076,-5.748315334320068,-47.496185302734375,78.92547607421875,1.838857889175415,-44.27768325805664,85.76738739013672,6.682013988494873,-37.01054382324219,83.53172302246094,-5.2892303466796875,-30.533044815063477,71.66438293457031,,
1780510051.5528736,22087.539602774,-6.224247455596924,-47.46311569213867,79.25773620605469,-0.8069971799850464,-47.532020568847656,84.54744720458984,7.09432315826416,-34.08393096923828,82.83071899414062,-3.416574478149414,-34.064605712890625,73.65687561035156,,
1780510051.5728028,22087.559993684,-6.806514263153076,-47.660736083984375,81.2054443359375,-4.579300403594971,-50.9555778503418,82.34306335449219,8.302407264709473,-30.473573684692383,81.52992248535156,-1.4359055757522583,-38.62492752075195,77.29236602783203,,
1780510051.592777,22087.579466119,-8.130614280700684,-46.56783676147461,83.31456756591797,-6.701183319091797,-52.58135986328125,79.61712646484375,9.3672456741333,-28.346664428710938,79.64430236816406,-0.5863029956817627,-42.391990661621094,79.9986343383789,,
1780510051.6124716,22087.600268924,-7.988497257232666,-44.58775329589844,84.82817077636719,-6.854796886444092,-51.28557586669922,77.9001693725586,9.126324653625488,-28.651071548461914,77.5399169921875,0.7546076774597168,-44.709877014160156,81.09725952148438,,
1780510051.632536,22087.619093113,-6.630581855773926,-42.223838806152344,85.60137939453125,-6.5591325759887695,-49.657894134521484,77.26406860351562,8.119915008544922,-28.17131805419922,76.55772399902344,1.6932495832443237,-45.594032287597656,81.96943664550781,,
1780510051.6529658,22087.639427364,-6.193195343017578,-40.47216033935547,85.86619567871094,-6.180811882019043,-49.20924758911133,77.1604232788086,7.683279991149902,-27.87404441833496,75.84317016601562,0.9107676148414612,-45.01841735839844,82.09747314453125,,
1780510051.672705,22087.659274848,-6.989569187164307,-39.72919845581055,85.87552642822266,-5.323078632354736,-48.763553619384766,77.7218246459961,8.841568946838379,-29.164379119873047,75.44828796386719,-0.924623429775238,-42.76387023925781,81.56929779052734,,
1780510051.692696,22087.679407536,-8.217940330505371,-39.64868927001953,85.42689514160156,-4.032970428466797,-47.30349349975586,79.15107727050781,9.714585304260254,-31.652158737182617,75.4771957397461,-3.028616189956665,-39.45928955078125,81.06549072265625,,
1780510051.712886,22087.699206019,-9.934896469116211,-40.42084503173828,84.90729522705078,-2.103990316390991,-45.74329376220703,81.52703094482422,9.002708435058594,-34.0074348449707,75.89354705810547,-5.6073455810546875,-35.47328186035156,80.17034912109375,,
1780510051.7328904,22087.720235106,-11.8033447265625,-42.15511703491211,83.79351043701172,0.4856695532798767,-44.1254997253418,84.99249267578125,7.489206790924072,-35.6057243347168,77.90411376953125,-8.50129222869873,-31.40985870361328,77.77710723876953,,
1780510051.7529004,22087.740273391,-11.35588550567627,-44.148799896240234,82.83819580078125,1.9480890035629272,-41.95969772338867,87.57183074951172,6.002255439758301,-36.97264099121094,80.52379608154297,-10.351978302001953,-28.338388442993164,75.11585998535156,,
1780510051.772749,22087.760033524,-9.564384460449219,-45.30107116699219,81.88036346435547,2.7307472229003906,-40.808284759521484,87.79430389404297,4.694193363189697,-38.56350326538086,82.684814453125,-9.38376522064209,-26.277986526489258,73.6034927368164,,
1780510051.7929142,22087.779653453,-7.668516159057617,-46.01615905761719,80.95763397216797,3.0119593143463135,-41.29023361206055,87.25550842285156,4.926496982574463,-39.44759750366211,83.65129852294922,-7.7927470207214355,-26.005285263061523,72.80220794677734,,
1780510051.8128214,22087.799779899,-6.2678070068359375,-46.90542984008789,79.8500747680664,2.9047317504882812,-42.398738861083984,86.54182434082031,5.830366134643555,-38.879356384277344,83.83887481689453,-6.741686820983887,-27.430034637451172,71.8456802368164,,
1780510051.8327467,22087.819710156,-5.732659339904785,-47.47872543334961,78.97344970703125,1.692397117614746,-44.34674072265625,85.76502990722656,6.600157260894775,-37.06502151489258,83.6841049194336,-5.493241786956787,-29.819746017456055,71.61347961425781,,
1780510051.8528562,22087.839863262,-6.0263671875,-47.60075759887695,79.3387222290039,-0.8925190567970276,-47.451107025146484,84.60755157470703,7.023724555969238,-34.23976135253906,82.97407531738281,-3.696489095687866,-33.189369201660156,73.26744079589844,,
1780510051.8727543,22087.860512443,-6.663977146148682,-47.888572692871094,81.09081268310547,-4.596615314483643,-50.81467056274414,82.67051696777344,8.127808570861816,-30.713640213012695,81.81037139892578,-1.6736301183700562,-37.67664337158203,76.90682983398438,,
1780510051.8927984,22087.879446982,-7.93762731552124,-47.032833099365234,83.2647705078125,-7.078791618347168,-52.71285629272461,79.91938018798828,9.452522277832031,-28.09501838684082,79.8802261352539,-0.7798349261283875,-41.45176315307617,79.74964904785156,,
1780510051.9126992,22087.899313842,-8.060120582580566,-45.09940719604492,84.85045623779297,-7.298766613006592,-51.716060638427734,78.07355499267578,9.383323669433594,-28.238021850585938,77.7953109741211,0.4276435375213623,-44.002811431884766,80.912841796875,,
1780510051.9327066,22087.91933015,-6.720666408538818,-42.68851089477539,85.68900299072266,-7.108395099639893,-49.94280242919922,77.4035873413086,8.395293235778809,-27.950111389160156,76.69175720214844,1.5504307746887207,-45.170204162597656,81.87675476074219,,
1780510051.9527075,22087.939189924,-6.024665832519531,-40.78465270996094,85.98045349121094,-6.857046604156494,-49.30541229248047,77.24234771728516,7.799901962280273,-27.44801902770996,75.94256591796875,1.0931646823883057,-44.882286071777344,82.15294647216797,,
1780510051.972948,22087.959538367,-6.883106231689453,-40.165321350097656,86.17467498779297,-5.969243049621582,-49.12745666503906,77.6720962524414,8.943459510803223,-28.386531829833984,75.6046142578125,-0.8327366709709167,-42.723426818847656,81.52176666259766,,
1780510051.992653,22087.980861535,-8.095725059509277,-40.151424407958984,85.7794189453125,-4.795853614807129,-47.70791244506836,79.13358306884766,9.954954147338867,-30.895536422729492,75.52471160888672,-2.9472224712371826,-39.56111145019531,81.03269958496094,,
1780510052.0127401,22087.999648669,-9.669045448303223,-40.82357406616211,85.32659912109375,-3.0343332290649414,-46.310245513916016,81.4066390991211,9.513934135437012,-33.2181396484375,75.63825988769531,-5.445327281951904,-35.73334503173828,80.25884246826172,,
1780510052.0329335,22088.020354317,-11.539908409118652,-42.34038543701172,84.40113830566406,-0.7152637243270874,-44.85347366333008,84.67906188964844,7.851008892059326,-34.75547409057617,77.14815521240234,-8.16215991973877,-31.94462013244629,78.248046875,,
1780510052.0527005,22088.040669537,-11.556153297424316,-44.50021743774414,83.20948791503906,1.017714023590088,-42.58454132080078,87.7417221069336,6.448882102966309,-36.054595947265625,79.87385559082031,-10.366896629333496,-28.597536087036133,75.44246673583984,,
1780510052.0727317,22088.059729067,-9.848201751708984,-45.88236999511719,82.2547836303711,1.852967381477356,-41.17561340332031,88.38279724121094,4.918696880340576,-37.728599548339844,82.23661041259766,-9.764094352722168,-26.20318603515625,73.68048095703125,,
1780510052.0927358,22088.07934435,-7.982093811035156,-46.431514739990234,81.30294036865234,2.5871429443359375,-41.19077682495117,87.77881622314453,4.789815902709961,-39.04452896118164,83.55579376220703,-8.139259338378906,-25.763315200805664,73.02157592773438,,
1780510052.1127603,22088.09967417,-6.391870498657227,-47.32651901245117,80.34075164794922,2.7564001083374023,-42.07011032104492,86.99871063232422,5.798786640167236,-38.9964714050293,83.73497772216797,-6.940601825714111,-26.810260772705078,72.08081817626953,,
1780510052.1329386,22088.119853595,-5.715056896209717,-47.912567138671875,79.27340698242188,1.798793911933899,-43.67886734008789,86.20933532714844,6.556800365447998,-37.34996032714844,83.6248550415039,-5.818486213684082,-29.126108169555664,71.38859558105469,,
1780510052.1526804,22088.13926163,-5.8890814781188965,-48.03391647338867,79.31818389892578,-0.3219551742076874,-46.44636154174805,85.20083618164062,7.055079460144043,-34.830257415771484,83.00708770751953,-4.250114917755127,-32.200469970703125,72.58597564697266,,
1780510052.1727223,22088.159583905,-6.330988883972168,-48.15633773803711,80.72666931152344,-3.7591965198516846,-49.90174102783203,83.37052154541016,7.752900123596191,-31.54416275024414,81.97003936767578,-2.01655650138855,-36.46897506713867,75.91020202636719,,
1780510052.1927514,22088.179334798,-7.482746124267578,-47.576480865478516,82.86083984375,-6.657317638397217,-52.383602142333984,80.7024154663086,9.405865669250488,-28.435007095336914,80.23880004882812,-0.879217803478241,-40.754398345947266,79.08602905273438,,
1780510052.2127047,22088.199295256,-8.574819564819336,-45.983856201171875,84.92566680908203,-6.3996500968933105,-53.42671585083008,77.94729614257812,9.052879333496094,-27.638574600219727,78.41609191894531,0.007100408431142569,-43.28529357910156,81.0440902709961,,
1780510052.2331355,22088.219800945,-7.75516939163208,-43.88587951660156,85.77767944335938,-6.021049976348877,-52.06808090209961,76.9101333618164,8.034692764282227,-27.47258186340332,77.00811767578125,1.085099697113037,-44.67540740966797,82.23954010009766,,
1780510052.2527783,22088.239404416,-6.7237548828125,-41.693580627441406,86.03805541992188,-5.528369426727295,-51.08806228637695,76.38334655761719,7.478148937225342,-26.843366622924805,76.13587951660156,1.2380242347717285,-44.562095642089844,82.85598754882812,,
1780510052.2727268,22088.259643969,-7.037294387817383,-40.748661041259766,86.06454467773438,-4.931323528289795,-50.89888381958008,76.54007720947266,8.534440994262695,-27.18185806274414,75.61641693115234,-0.163526251912117,-42.66499328613281,82.40081024169922,,
1780510052.2927806,22088.279541688,-7.76024055480957,-40.32014846801758,85.74342346191406,-3.948765516281128,-49.88286590576172,77.4223861694336,9.91600227355957,-29.019346237182617,75.46063232421875,-1.9009549617767334,-39.98175048828125,81.84255981445312,,
1780510052.3127995,22088.299664943,-8.902524948120117,-40.456878662109375,85.29871368408203,-2.579319715499878,-48.795066833496094,78.92919158935547,10.173418045043945,-31.3126163482666,75.531005859375,-4.106804847717285,-36.86880111694336,81.10458374023438,,
1780510052.3329244,22088.320321308,-10.192872047424316,-41.36157989501953,84.8976821899414,-0.9358406066894531,-47.63826370239258,81.29476165771484,9.272418975830078,-33.23207473754883,75.92717742919922,-6.515129566192627,-33.64878463745117,79.94100189208984,,
1780510052.352759,22088.339943917,-11.223031044006348,-42.88835906982422,84.00312805175781,0.7887918949127197,-45.98860168457031,84.3813705444336,8.16230297088623,-34.604427337646484,77.69002532958984,-9.193910598754883,-30.76050567626953,77.60774230957031,,
1780510052.372728,22088.359607971,-10.678548812866211,-44.86772537231445,82.67701721191406,1.6890946626663208,-43.97220993041992,86.96414947509766,7.2769622802734375,-35.77178955078125,80.05960845947266,-10.764193534851074,-28.210285186767578,75.05196380615234,,
1780510052.3927276,22088.380348679,-8.926709175109863,-46.186763763427734,81.61589813232422,2.192762613296509,-42.8182258605957,87.48563385009766,6.288605213165283,-37.12606430053711,82.14350128173828,-10.05678939819336,-26.596221923828125,73.43724060058594,,
1780510052.412733,22088.399770628,-7.1909708976745605,-46.83903503417969,80.61048889160156,2.5480117797851562,-42.89705276489258,87.04796600341797,6.342669486999512,-37.90721130371094,83.26242065429688,-8.647793769836426,-26.60150146484375,72.77774810791016,,
1780510052.4329178,22088.420829776,-6.131785869598389,-47.53441619873047,79.55624389648438,2.326979637145996,-43.93235778808594,86.46768951416016,7.133972644805908,-37.12057113647461,83.42638397216797,-7.6491827964782715,-28.13493537902832,72.20257568359375,,
1780510052.4529405,22088.439725386,-5.798102855682373,-48.17251968383789,79.11318969726562,0.7707899212837219,-45.87397766113281,85.61041259765625,7.828315258026123,-34.96759033203125,83.17137145996094,-6.259674549102783,-30.788999557495117,72.33719635009766,,
1780510052.472763,22088.460302861,-6.073056221008301,-48.47261428833008,80.30902099609375,-2.7934091091156006,-49.22704315185547,84.04943084716797,8.085858345031738,-31.90418815612793,82.28203582763672,-3.902144193649292,-34.669158935546875,75.22408294677734,,
1780510052.4927483,22088.479679446,-7.381278038024902,-48.578060150146484,82.42385864257812,-6.4448933601379395,-52.34103012084961,81.71321868896484,9.698308944702148,-28.416385650634766,80.85536193847656,-2.2423102855682373,-39.05057907104492,79.00259399414062,,
1780510052.5135753,22088.500730748,-8.542119026184082,-47.366172790527344,84.25919342041016,-7.989157199859619,-53.25917434692383,79.19879913330078,10.256525993347168,-27.201364517211914,78.43653869628906,-1.2103227376937866,-41.91933822631836,80.76960754394531,,
1780510052.533056,22088.519928884,-7.8275675773620605,-45.27657699584961,85.57313537597656,-8.061469078063965,-51.552391052246094,77.84524536132812,9.574057579040527,-27.491878509521484,76.72357177734375,0.25886955857276917,-43.72651672363281,81.66209411621094,,
1780510052.5530324,22088.539943577,-6.5214762687683105,-43.1224479675293,86.11614990234375,-7.823296070098877,-50.31210708618164,77.37578582763672,8.267718315124512,-26.550193786621094,76.07479858398438,0.8307012319564819,-44.09334182739258,82.578857421875,,
1780510052.5730035,22088.560661244,-6.478760719299316,-41.7162971496582,86.41334533691406,-7.429001331329346,-49.969390869140625,77.39340209960938,8.627155303955078,-26.71352195739746,75.66806030273438,-0.26760658621788025,-42.60562515258789,82.34320831298828,,
1780510052.5929148,22088.579537038,-7.339993476867676,-41.380218505859375,86.44450378417969,-6.4590654373168945,-49.35093307495117,78.12358093261719,9.954730987548828,-28.346847534179688,75.33985900878906,-2.1079726219177246,-39.76785659790039,81.69892120361328,,
1780510052.6128507,22088.59952985,-8.473570823669434,-41.63955307006836,86.04310607910156,-5.234009742736816,-47.993656158447266,79.94471740722656,10.464295387268066,-30.933391571044922,75.2231216430664,-4.145471572875977,-36.25190734863281,81.09662628173828,,
1780510052.6330037,22088.620058542,-9.948287963867188,-42.50682830810547,85.6640396118164,-3.3566319942474365,-46.754451751708984,82.56143951416016,9.299201965332031,-33.080867767333984,75.74880981445312,-6.6950154304504395,-32.69824981689453,79.97036743164062,,
1780510052.6529481,22088.639605736,-11.057488441467285,-44.406707763671875,84.73269653320312,-1.3293653726577759,-45.01267623901367,85.94236755371094,7.80669641494751,-34.52971267700195,78.02043914794922,-9.288403511047363,-29.29395294189453,77.43769073486328,,
1780510052.6728199,22088.65959975,-10.13869857788086,-46.47245407104492,83.60750579833984,-0.04504146799445152,-42.86174392700195,88.3642349243164,6.290628433227539,-36.108821868896484,80.6975326538086,-10.637863159179688,-26.40389060974121,74.53062438964844,,
1780510052.6928039,22088.679759607,-8.332131385803223,-47.56346130371094,82.70547485351562,0.9639528393745422,-41.61436462402344,88.63379669189453,5.185822010040283,-37.96562194824219,82.753662109375,-9.53063678741455,-24.748151779174805,73.17947387695312,,
1780510052.7128017,22088.700616805,-6.625452518463135,-47.99791717529297,81.9092025756836,1.7269809246063232,-41.881378173828125,87.8980484008789,5.5350189208984375,-39.152862548828125,83.57230377197266,-7.9806294441223145,-24.89976692199707,72.48406982421875,,
1780510052.7336955,22088.720417475,-5.564850330352783,-48.70696258544922,80.9283447265625,1.7195285558700562,-42.54106521606445,87.12507629394531,6.404855728149414,-38.48463821411133,83.60317993164062,-7.0660400390625,-26.516647338867188,71.4325942993164,,
1780510052.7528114,22088.739477039,-5.1988043785095215,-49.18941116333008,80.18968200683594,0.5558272004127502,-43.960628509521484,86.40699768066406,6.935091018676758,-36.472618103027344,83.35266876220703,-6.09661340713501,-29.008089065551758,71.09798431396484,,
1780510052.7733965,22088.761428729,-5.5038862228393555,-49.076576232910156,80.29270935058594,-1.3558439016342163,-46.56828689575195,85.39989471435547,7.35214376449585,-33.97333526611328,82.68351745605469,-4.5981764793396,-32.091773986816406,72.672119140625,,
1780510052.793634,22088.780228274,-6.134088039398193,-49.251426696777344,81.5940933227539,-4.624244213104248,-49.82679748535156,83.5171127319336,8.200504302978516,-30.741201400756836,81.5149917602539,-2.3686301708221436,-36.16448211669922,75.71121215820312,,
1780510052.812906,22088.799705313,-7.1649580001831055,-48.32590103149414,83.65155029296875,-7.421638488769531,-52.49663543701172,80.72761535644531,9.628721237182617,-27.663707733154297,79.61629486083984,-1.1366777420043945,-40.348350524902344,78.89363098144531,,
1780510052.8329124,22088.819618311,-7.789045333862305,-46.09458541870117,85.19416809082031,-7.991561412811279,-52.43675231933594,78.54161834716797,10.039406776428223,-27.43254280090332,77.46373748779297,0.08955461531877518,-42.993263244628906,80.49303436279297,,
1780510052.8528214,22088.839836082,-6.574197769165039,-43.526432037353516,86.06987762451172,-7.649094581604004,-50.60940170288086,77.68517303466797,9.160347938537598,-27.48819351196289,76.0925064086914,1.5234181880950928,-44.54331588745117,81.6349868774414,,
1780510052.87279,22088.859695218,-5.777019023895264,-41.423065185546875,86.28567504882812,-7.221951007843018,-49.826904296875,77.26042175292969,8.283086776733398,-27.257705688476562,75.24475860595703,1.441872477531433,-44.61666488647461,82.2104721069336,,
1780510052.8928003,22088.879405623,-6.403384208679199,-40.31724166870117,86.41661071777344,-6.1919331550598145,-49.469871520996094,77.55068969726562,8.75689697265625,-28.28606414794922,74.827880859375,-0.192693293094635,-42.91636657714844,81.79608917236328,,
1780510052.9128604,22088.900636058,-7.6266045570373535,-39.841976165771484,86.18610382080078,-4.848179817199707,-48.05414581298828,78.9006118774414,9.751152038574219,-30.74230194091797,74.68904113769531,-2.449899435043335,-39.741085052490234,81.24639129638672,,
1780510052.9334373,22088.920241275,-9.365155220031738,-40.31640625,85.71728515625,-3.0182149410247803,-46.273681640625,81.26213073730469,9.515783309936523,-33.32291030883789,74.89888000488281,-5.241591453552246,-35.65339660644531,80.47252655029297,,
1780510052.9529197,22088.93980977,-11.678163528442383,-41.917572021484375,84.51173400878906,-0.02351132594048977,-44.42259979248047,85.1836929321289,7.765125751495361,-35.39508056640625,76.71896362304688,-8.262688636779785,-31.554109573364258,78.26347351074219,,
1780510052.9728484,22088.959350009,-11.592339515686035,-44.00315475463867,83.24723052978516,1.9451576471328735,-41.60533905029297,88.10151672363281,6.0923752784729,-36.971248626708984,79.7882308959961,-10.526598930358887,-28.299453735351562,75.32852935791016,,
1780510052.9928017,22088.979436107,-9.905803680419922,-44.93418884277344,82.31692504882812,2.9860057830810547,-40.04203414916992,88.3029556274414,4.2457804679870605,-38.59987258911133,82.3523941040039,-9.80948257446289,-26.509082794189453,73.73683166503906,,
1780510053.0127485,22088.99941606,-8.033063888549805,-45.39421844482422,81.17105102539062,3.5465002059936523,-40.240447998046875,87.66339874267578,4.255998134613037,-39.800018310546875,83.64777374267578,-7.898123264312744,-26.04422378540039,73.24552154541016,,
1780510053.032843,22089.020274716,-6.38323974609375,-46.308963775634766,79.8572006225586,3.765103816986084,-41.23044204711914,86.8757095336914,5.3629631996154785,-39.603004455566406,83.87803649902344,-6.604130268096924,-27.238100051879883,72.29578399658203,,
1780510053.0528762,22089.039434316,-5.733089923858643,-47.036006927490234,78.56979370117188,2.8856353759765625,-43.01640319824219,86.03630065917969,6.365512371063232,-38.156620025634766,83.77332305908203,-5.335104942321777,-29.6334171295166,71.6040267944336,,
1780510053.072839,22089.059999395,-6.025123119354248,-47.0751953125,78.50189208984375,0.8621724247932434,-46.00074005126953,85.03736877441406,6.9859137535095215,-35.6212272644043,83.27251434326172,-3.9462075233459473,-32.94542694091797,72.7251205444336,,
1780510053.0928617,22089.079409003,-6.509957313537598,-47.18683624267578,79.92959594726562,-2.7247703075408936,-49.62370300292969,83.15167236328125,7.5434417724609375,-32.223594665527344,82.21640014648438,-1.6645852327346802,-37.37311553955078,76.13615417480469,,
1780510053.1132448,22089.100160919,-7.660919666290283,-46.84028625488281,82.18990325927734,-6.001145362854004,-52.10512924194336,80.63687133789062,9.055779457092285,-28.955718994140625,80.4767074584961,-0.5260100364685059,-41.689456939697266,79.36019134521484,,
1780510053.13355,22089.120316159,-8.243987083435059,-45.00688171386719,83.99015808105469,-6.548067092895508,-51.55577087402344,78.28533172607422,9.014098167419434,-28.867380142211914,78.46499633789062,0.604587197303772,-44.50572204589844,80.97974395751953,,
1780510053.1534674,22089.14010907,-6.958277702331543,-42.71025466918945,85.0948715209961,-6.265106678009033,-49.536109924316406,77.28884887695312,8.032556533813477,-28.85222625732422,77.13029479980469,2.01125431060791,-45.899539947509766,81.95356750488281,,
1780510053.1734073,22089.16015163,-5.763797760009766,-40.49150848388672,85.45523834228516,-6.110185623168945,-48.56770706176758,77.05097198486328,7.270003795623779,-28.049636840820312,76.4714126586914,1.9889854192733765,-45.83198165893555,82.39321899414062,,
1780510053.1928036,22089.179889644,-6.4106221199035645,-39.439781188964844,85.6704330444336,-5.283031463623047,-48.59506607055664,77.2342758178711,8.037595748901367,-28.506765365600586,76.17115783691406,0.1356411576271057,-44.08486557006836,81.86238098144531,,
1780510053.212937,22089.199896773,-7.58629035949707,-39.39111328125,85.29849243164062,-4.074498176574707,-47.43571090698242,78.4669189453125,9.394674301147461,-30.956090927124023,75.95153045654297,-1.805614709854126,-41.06833267211914,81.3094482421875,,
1780510053.2328908,22089.219846873,-9.097415924072266,-39.75554656982422,84.74630737304688,-2.4026339054107666,-45.99461364746094,80.25520324707031,9.365731239318848,-33.40397262573242,76.1633529663086,-4.146711826324463,-37.283302307128906,80.68507385253906,,
1780510053.2528203,22089.239464744,-11.012231826782227,-41.04640579223633,83.90471649169922,-0.2233477234840393,-44.775245666503906,83.12862396240234,8.028555870056152,-35.176483154296875,77.33453369140625,-6.766866683959961,-33.29545593261719,79.13390350341797,,
1780510053.2728,22089.259786884,-11.696869850158691,-43.13429641723633,82.76950073242188,1.6970816850662231,-42.8066520690918,86.29234313964844,6.90153169631958,-36.49478530883789,79.57237243652344,-9.309188842773438,-29.818395614624023,76.3452377319336,,
1780510053.293436,22089.280242698,-10.29460620880127,-44.85190200805664,81.81837463378906,2.600724935531616,-41.22738265991211,87.5737533569336,5.564908504486084,-37.93431854248047,81.84576416015625,-9.43990707397461,-27.235336303710938,74.28134155273438,,
1780510053.313406,22089.300759919,-8.503385543823242,-45.75187683105469,80.9916763305664,2.972200393676758,-41.242244720458984,87.26019287109375,5.279284477233887,-39.21640396118164,83.23760986328125,-8.090194702148438,-26.139968872070312,73.27717590332031,,
1780510053.3335152,22089.320206958,-6.835590362548828,-46.67074966430664,80.0989761352539,3.13263201713562,-42.13912582397461,86.61983489990234,6.054615497589111,-39.218292236328125,83.63192749023438,-7.0460309982299805,-26.870393753051758,72.4265365600586,,
1780510053.3536203,22089.340943342,-5.966854095458984,-47.542930603027344,79.14459228515625,2.1710643768310547,-43.7927131652832,85.91060638427734,6.964707374572754,-37.779815673828125,83.49324798583984,-6.0302605628967285,-28.630178451538086,71.74163818359375,,
1780510053.3727045,22089.35958196,-5.765678405761719,-47.76054763793945,79.29518127441406,-0.13319508731365204,-46.54310607910156,84.95633697509766,7.404799461364746,-35.15395736694336,82.99790954589844,-4.552643775939941,-31.56894874572754,72.94522857666016,,
1780510053.3927686,22089.379593188,-6.233244895935059,-48.05209732055664,80.61886596679688,-3.7200164794921875,-50.128971099853516,83.24073028564453,8.051430702209473,-31.844511032104492,82.07695770263672,-2.3084304332733154,-35.6393928527832,76.21674346923828,,
1780510053.4131858,22089.399912783,-7.406125068664551,-47.799564361572266,82.77165985107422,-6.733712196350098,-52.472774505615234,80.75468444824219,9.77261734008789,-28.56123161315918,80.41911315917969,-1.0679214000701904,-39.83169174194336,79.37003326416016,,
1780510053.4331298,22089.419997155,-8.233336448669434,-46.077186584472656,84.49198913574219,-7.387485504150391,-52.35395431518555,78.46128845214844,9.920938491821289,-28.142580032348633,78.22702026367188,-0.05503435432910919,-42.68852233886719,80.82174682617188,,
1780510053.453325,22089.440187625,-7.170686721801758,-43.84112548828125,85.58362579345703,-7.254324436187744,-50.54407501220703,77.54645538330078,9.066649436950684,-27.984880447387695,76.6950454711914,1.2809438705444336,-44.30061340332031,81.69470977783203,,
1780510053.4735422,22089.460109148,-6.0848517417907715,-41.92424011230469,86.00072479248047,-7.017719268798828,-49.68025588989258,77.35161590576172,8.282968521118164,-27.226043701171875,75.90339660644531,1.2646856307983398,-44.36433029174805,82.19833374023438,,
1780510053.4934201,22089.480250598,-6.517378330230713,-41.129581451416016,86.20500183105469,-6.314040660858154,-49.45403289794922,77.77737426757812,9.071850776672363,-27.85594940185547,75.38523864746094,-0.3532167375087738,-42.6793327331543,81.68158721923828,,
1780510053.5129473,22089.499441815,-7.476933002471924,-40.80929946899414,85.95474243164062,-5.303284168243408,-48.32819366455078,78.86734008789062,10.209003448486328,-29.901336669921875,75.31358337402344,-2.2776083946228027,-39.76841354370117,81.21987915039062,,
1780510053.532894,22089.519384515,-8.927385330200195,-41.3508186340332,85.5711669921875,-3.8871562480926514,-46.98305892944336,80.80680847167969,10.222757339477539,-32.181671142578125,75.48799896240234,-4.703667640686035,-36.10493469238281,80.54350280761719,,
1780510053.5528803,22089.539802354,-10.758337020874023,-42.77269744873047,84.81919860839844,-1.6718460321426392,-45.57051467895508,84.0247802734375,8.77614974975586,-34.09886169433594,76.58226013183594,-7.337164402008057,-32.266868591308594,78.88826751708984,,
1780510053.5728722,22089.559433207,-11.40919303894043,-44.72483444213867,83.68507385253906,0.23215146362781525,-43.38242721557617,87.36302185058594,7.263749122619629,-35.24509811401367,78.98285675048828,-10.088558197021484,-29.05785369873047,76.14558410644531,,
1780510053.5928223,22089.579575194,-9.89216136932373,-46.26763153076172,82.75199127197266,1.2661056518554688,-41.602725982666016,88.557373046875,5.562471389770508,-36.794490814208984,81.60458374023438,-10.320483207702637,-26.5371150970459,74.02091217041016,,
1780510053.6134992,22089.600741485,-7.994422435760498,-46.896209716796875,81.81768798828125,1.950954794883728,-41.252193450927734,88.21833038330078,5.026750564575195,-38.37738037109375,83.19229125976562,-8.707710266113281,-25.486669540405273,73.24578857421875,,
1780510053.6327798,22089.619342664,-6.502627849578857,-47.524959564208984,80.58204650878906,2.3371644020080566,-41.76344299316406,87.55450439453125,5.69777774810791,-38.671329498291016,83.69367980957031,-7.26314640045166,-26.101972579956055,72.48892211914062,,
1780510053.6529658,22089.639598533,-5.595760345458984,-48.15742111206055,79.46633911132812,1.8226430416107178,-43.017356872558594,86.70793151855469,6.518588542938232,-37.55682373046875,83.68914031982422,-6.20763635635376,-28.12784767150879,71.63555908203125,,
1780510053.672806,22089.659405938,-5.49193000793457,-48.3725700378418,79.27658081054688,0.21093711256980896,-45.41027069091797,85.75836944580078,7.145174026489258,-35.334877014160156,83.14680480957031,-4.925286293029785,-31.06954002380371,72.32479095458984,,
1780510053.6928964,22089.679464106,-5.998367786407471,-48.473785400390625,80.19245910644531,-2.7715916633605957,-48.756412506103516,84.13333129882812,7.702376842498779,-32.447322845458984,82.24642944335938,-2.671466112136841,-34.878662109375,75.05989837646484,,
1780510053.712878,22089.701704537,-6.87111759185791,-48.18865966796875,82.30520629882812,-6.218912601470947,-51.62689208984375,81.52387237548828,9.395886421203613,-28.99801254272461,80.5697021484375,-1.0125622749328613,-39.522918701171875,78.4451675415039,,
1780510053.7327828,22089.719614286,-7.9019856452941895,-46.37346267700195,84.09881591796875,-7.547145366668701,-52.35801315307617,79.0677261352539,9.804634094238281,-27.950044631958008,78.43170166015625,0.05317622423171997,-42.647918701171875,80.46341705322266,,
1780510053.7529597,22089.739574572,-7.049391269683838,-44.08470153808594,85.40612030029297,-7.439481258392334,-50.75364303588867,77.85546875,9.177292823791504,-27.950271606445312,76.84636688232422,1.4513521194458008,-44.44020080566406,81.42743682861328,,
1780510053.7729359,22089.759972569,-5.832237720489502,-41.910301208496094,85.8133544921875,-7.314785003662109,-49.59602737426758,77.42378234863281,8.12612533569336,-27.42965316772461,75.9565658569336,1.8049925565719604,-44.90987014770508,82.1829605102539,,
1780510053.7929056,22089.779469746,-5.963681221008301,-40.60930252075195,86.06798553466797,-6.600961685180664,-49.27037811279297,77.44273376464844,8.47961139678955,-27.752971649169922,75.59332275390625,0.5888328552246094,-43.57915496826172,81.98880004882812,,
1780510053.8131208,22089.799688499,-6.87619686126709,-40.192935943603516,85.89505004882812,-5.449939250946045,-48.20851135253906,78.43811798095703,9.529413223266602,-29.880516052246094,75.18525695800781,-1.1207008361816406,-41.06582260131836,81.4490737915039,,
1780510053.833139,22089.819759307,-8.357643127441406,-40.332576751708984,85.46638488769531,-3.7691783905029297,-46.72858810424805,80.115966796875,9.840909004211426,-32.434452056884766,75.1131820678711,-3.5032811164855957,-37.43476104736328,80.83193969726562,,
1780510053.8528564,22089.83956339,-10.51503849029541,-41.50299835205078,84.64946746826172,-1.2792283296585083,-45.157596588134766,83.18125915527344,8.550477981567383,-34.75041580200195,76.24048614501953,-6.337111949920654,-33.22644805908203,79.41136169433594,,
1780510053.8728478,22089.859609725,-11.647125244140625,-43.391117095947266,83.42731475830078,1.1534894704818726,-42.882755279541016,86.73426055908203,6.933189868927002,-36.33646011352539,78.79827880859375,-9.23133659362793,-29.752662658691406,76.67147827148438,,
1780510053.8933816,22089.880146211,-10.454950332641602,-45.15224075317383,82.35877990722656,2.3571479320526123,-40.76487350463867,88.22781372070312,5.313621520996094,-37.986915588378906,81.39856719970703,-9.654501914978027,-26.88945198059082,74.38279724121094,,
1780510053.9133875,22089.900203296,-8.720447540283203,-45.796478271484375,81.31689453125,3.039536714553833,-40.287315368652344,87.80084228515625,4.675194263458252,-39.554378509521484,83.1468734741211,-8.056037902832031,-25.72768211364746,73.44377899169922,,
1780510053.9335194,22089.920395674,-7.034090995788574,-46.57373809814453,80.29777526855469,3.4175593852996826,-41.000709533691406,87.06476593017578,5.414119243621826,-39.98067092895508,83.69242095947266,-6.631344318389893,-26.22026824951172,72.62631225585938,,
1780510053.952957,22089.9395414,-6.011453628540039,-47.37649154663086,79.07415008544922,3.000603675842285,-42.39014434814453,86.29778289794922,6.389437675476074,-38.9136962890625,83.67681884765625,-5.696883201599121,-28.103330612182617,71.69046783447266,,
1780510053.973214,22089.959978561,-5.844584941864014,-47.562217712402344,78.57345581054688,1.3167684078216553,-44.878570556640625,85.46686553955078,6.999237537384033,-36.65208435058594,83.32915496826172,-4.545755386352539,-30.98759651184082,72.13078308105469,,
1780510053.9935174,22089.980434007,-6.337094306945801,-47.63319778442383,79.13936614990234,-1.5367629528045654,-48.288734436035156,84.14579010009766,7.511119842529297,-33.58326721191406,82.62052917480469,-2.452188491821289,-34.56772232055664,74.56018829345703,,
1780510054.0130296,22090.000056685,-6.972927093505859,-47.62936782836914,81.3373794555664,-5.191286563873291,-51.27882385253906,81.68640899658203,9.003000259399414,-30.094099044799805,81.14682006835938,-0.7423371076583862,-39.40996551513672,78.21846008300781,,
1780510054.0328588,22090.019434275,-8.152636528015137,-46.14353942871094,83.39767456054688,-6.726259708404541,-52.081947326660156,79.13180541992188,9.641286849975586,-28.686946868896484,78.9384765625,0.1910359114408493,-42.92091751098633,80.39228820800781,,
1780510054.0528543,22090.039843187,-7.463164806365967,-43.7093505859375,84.78855895996094,-6.5863776206970215,-50.29094314575195,77.69722747802734,9.090421676635742,-28.887737274169922,77.26106262207031,1.6253619194030762,-45.08019256591797,81.3227310180664,,
1780510054.072715,22090.068186978,-6.074639320373535,-41.69028091430664,85.47057342529297,-6.418388843536377,-48.974143981933594,77.44597625732422,8.171079635620117,-28.126340866088867,76.21710968017578,2.1471450328826904,-45.57402420043945,81.93428802490234,,
1780510054.0928984,22090.079781083,-6.00679349899292,-40.26873016357422,85.67986297607422,-5.874997615814209,-48.68133544921875,77.47139739990234,8.311728477478027,-28.284400939941406,75.66627502441406,0.8941382765769958,-44.52473831176758,81.82081604003906,,
1780510054.112972,22090.099998748,-7.0556416511535645,-39.79536056518555,85.45722961425781,-4.867729187011719,-47.86366653442383,78.36173248291016,9.444849014282227,-30.142459869384766,75.50432586669922,-1.0966078042984009,-41.98540496826172,81.28837585449219,,
1780510054.1329532,22090.120252719,-8.586609840393066,-40.10090255737305,85.0260009765625,-3.269721269607544,-46.2656135559082,80.212158203125,9.948907852172852,-32.69282150268555,75.5091781616211,-3.4479825496673584,-38.21305465698242,80.65626525878906,,
1780510054.152855,22090.139396283,-10.619281768798828,-41.16157531738281,84.34613800048828,-1.164781093597412,-44.796836853027344,83.01242065429688,8.715492248535156,-34.714561462402344,76.28535461425781,-6.26406717300415,-34.05438232421875,79.3940658569336,,
1780510054.1729584,22090.15998538,-11.847878456115723,-43.093040466308594,83.1590805053711,1.0993746519088745,-42.91769790649414,86.55915069580078,7.163840293884277,-36.019386291503906,78.80067443847656,-9.098471641540527,-30.309513092041016,76.77748107910156,,
1780510054.1930668,22090.181137713,-10.616466522216797,-44.913330078125,82.31441497802734,2.1406641006469727,-40.99547576904297,88.14861297607422,5.492105484008789,-37.40953063964844,81.33998107910156,-9.7988920211792,-27.391990661621094,74.52533721923828,,
1780510054.2129788,22090.200295072,-8.865288734436035,-45.688392639160156,81.29521942138672,2.662071704864502,-40.548641204833984,87.86336517333984,4.7343010902404785,-38.84000778198242,83.16963958740234,-8.33309555053711,-25.899677276611328,73.48102569580078,,
1780510054.2329419,22090.219525322,-7.118851184844971,-46.48371124267578,80.31390380859375,2.8486344814300537,-41.3693962097168,87.24571228027344,5.396884441375732,-39.25480651855469,83.73823547363281,-6.940548896789551,-26.14483642578125,72.71984100341797,,
1780510054.2529664,22090.23953291,-5.9716620445251465,-47.367305755615234,79.22779846191406,2.349212884902954,-42.8207893371582,86.43707275390625,6.372962951660156,-38.2673454284668,83.71957397460938,-5.897132396697998,-27.795717239379883,71.87479400634766,,
1780510054.272888,22090.259483912,-5.693028926849365,-47.79887008666992,78.82329559326172,0.5854697823524475,-45.202392578125,85.56513977050781,6.970336437225342,-36.05343246459961,83.37781524658203,-4.516733169555664,-30.550739288330078,72.32044219970703,,
1780510054.292991,22090.27961314,-6.0596771240234375,-47.958717346191406,79.78544616699219,-2.470479965209961,-48.658775329589844,84.10765838623047,7.484166145324707,-33.00860595703125,82.44633483886719,-2.4075846672058105,-34.27775955200195,74.89353942871094,,
1780510054.3128667,22090.299464501,-6.893727779388428,-47.963356018066406,81.85877990722656,-5.980053424835205,-51.51889419555664,81.68769073486328,9.118372917175293,-29.553808212280273,80.95305633544922,-0.828328013420105,-39.01251983642578,78.34727478027344,,
1780510054.3328736,22090.319857396,-7.931994438171387,-46.4710693359375,83.80778503417969,-7.417341232299805,-52.26580047607422,79.21794891357422,9.785869598388672,-28.140178680419922,78.75878143310547,0.09515915811061859,-42.2694091796875,80.34374237060547,,
1780510054.3528633,22090.339709623,-7.169775009155273,-44.0854606628418,85.15385437011719,-7.461275577545166,-50.65086364746094,77.84212493896484,9.189652442932129,-28.147695541381836,77.08735656738281,1.436802864074707,-44.33027648925781,81.30262756347656,,
1780510054.3728545,22090.35946523,-5.8536810874938965,-42.07708740234375,85.78653717041016,-7.224740982055664,-49.33637619018555,77.52877807617188,8.346158027648926,-27.50436782836914,76.23075103759766,1.9411131143569946,-44.78468322753906,81.94918823242188,,
1780510054.392847,22090.379585868,-5.792317867279053,-40.64748764038086,85.94854736328125,-6.836793422698975,-48.964534759521484,77.55447387695312,8.485456466674805,-27.728748321533203,75.68096923828125,0.801487386226654,-43.703948974609375,81.8994140625,,
1780510054.412852,22090.399126342,-6.834614276885986,-40.35454177856445,85.85447692871094,-5.637572288513184,-48.128665924072266,78.52095794677734,9.741844177246094,-29.79765510559082,75.30255889892578,-1.0304087400436401,-41.187191009521484,81.19695281982422,,
1780510054.4328578,22090.421496041,-8.252314567565918,-40.62039566040039,85.48304748535156,-4.040985107421875,-46.59237289428711,80.2853012084961,10.001051902770996,-32.326480865478516,75.39772033691406,-3.3382880687713623,-37.535667419433594,80.63833618164062,,
1780510054.4528778,22090.439527187,-10.283900260925293,-41.710018157958984,84.7498550415039,-1.857065200805664,-45.19099044799805,83.26416015625,8.74754810333252,-34.463035583496094,76.1650390625,-6.1516242027282715,-33.47904586791992,79.38902282714844,,
1780510054.472821,22090.459500443,-11.533023834228516,-43.84154510498047,83.4570083618164,0.5614176988601685,-43.0054931640625,86.8262939453125,7.155367851257324,-36.02411651611328,78.74199676513672,-8.913887977600098,-29.7332763671875,76.6705093383789,,
1780510054.4928417,22090.479426332,-10.419384002685547,-45.66079330444336,82.4534912109375,1.6892447471618652,-40.99565505981445,88.44214630126953,5.443894386291504,-37.525848388671875,81.32379913330078,-9.539817810058594,-26.80728530883789,74.30266571044922,,
1780510054.5129106,22090.499240445,-8.620698928833008,-46.27473831176758,81.53797149658203,2.408620595932007,-40.516056060791016,88.05952453613281,4.653436183929443,-39.15303039550781,83.11795043945312,-8.035112380981445,-25.40428924560547,73.44047546386719,,
1780510054.532833,22090.521245025,-6.922544479370117,-46.97201156616211,80.57228088378906,2.814265489578247,-41.23752975463867,87.3311996459961,5.262497901916504,-39.65317916870117,83.64912414550781,-6.661275386810303,-25.850461959838867,72.63111114501953,,
1780510054.552845,22090.539979001,-5.911794662475586,-47.85405731201172,79.33080291748047,2.401811361312866,-42.362701416015625,86.56473541259766,6.160112380981445,-38.63688659667969,83.6865463256836,-5.607390880584717,-27.656137466430664,71.5253677368164,,
1780510054.5728538,22090.559804897,-5.715580940246582,-48.04200744628906,78.8638916015625,0.8477675318717957,-44.614532470703125,85.73754119873047,6.703335762023926,-36.4880256652832,83.36495971679688,-4.476200103759766,-30.502042770385742,71.9185791015625,,
1780510054.5928197,22090.579159944,-6.278539657592773,-48.00931167602539,79.19499969482422,-1.634881854057312,-47.897003173828125,84.50601196289062,7.289944648742676,-33.61566162109375,82.6758804321289,-2.4996581077575684,-33.96258544921875,74.0809555053711,,
1780510054.612885,22090.599886472,-6.773702144622803,-47.97758483886719,81.24507904052734,-5.180610656738281,-50.8921012878418,82.10337829589844,8.849379539489746,-30.22178077697754,81.16397094726562,-0.7574014067649841,-38.88129425048828,77.6187515258789,,
1780510054.6328685,22090.619668264,-7.956442832946777,-46.46901321411133,83.30506134033203,-6.829436779022217,-52.10424041748047,79.53580474853516,9.77249813079834,-28.57489013671875,79.06451416015625,0.12211871147155762,-42.58562469482422,79.9770736694336,,
1780510054.6539907,22090.641316789,-7.495988368988037,-44.096412658691406,84.8115005493164,-6.772565841674805,-50.679176330566406,77.98014068603516,9.357946395874023,-28.71485710144043,77.1892318725586,1.4801939725875854,-44.86668014526367,80.98628997802734,,
1780510054.673665,22090.660352258,-6.086496353149414,-41.8607292175293,85.4936294555664,-6.564291954040527,-49.21974563598633,77.596435546875,8.437638282775879,-28.160478591918945,76.09290313720703,2.185286045074463,-45.60409927368164,81.69742584228516,,
1780510054.6928513,22090.680039739,-5.699292182922363,-40.048736572265625,85.74960327148438,-5.973814487457275,-48.6840934753418,77.52013397216797,8.279478073120117,-28.09227752685547,75.60454559326172,1.257773756980896,-44.945011138916016,81.83779907226562,,
1780510054.713223,22090.699888648,-6.723222732543945,-39.5587158203125,85.59265899658203,-4.945613384246826,-47.97575378417969,78.17912292480469,9.340500831604004,-29.800317764282227,75.38615417480469,-0.7043769359588623,-42.634185791015625,81.31084442138672,,
1780510054.7328358,22090.719396463,-8.153082847595215,-39.599830627441406,85.16847229003906,-3.4755258560180664,-46.46765899658203,79.75326538085938,9.778051376342773,-32.41526412963867,75.21549224853516,-2.874070405960083,-39.165130615234375,80.83301544189453,,
1780510054.7524984,22090.739030379,-10.352076530456543,-40.52775192260742,84.4355239868164,-1.180232048034668,-44.84391403198242,82.43799591064453,8.780407905578613,-34.82566833496094,75.84125518798828,-5.685667991638184,-34.9623908996582,79.70401000976562,,
1780510054.772901,22090.759496564,-11.987799644470215,-42.389984130859375,83.31241607666016,1.4488236904144287,-42.838863372802734,86.17708587646484,7.068112373352051,-36.25910568237305,78.31829833984375,-8.736207962036133,-31.059383392333984,77.16222381591797,,
1780510054.7928166,22090.779485746,-11.059517860412598,-44.256351470947266,82.33042907714844,2.6613247394561768,-40.7573356628418,88.06200408935547,5.386410236358643,-37.62212371826172,80.93022918701172,-9.834579467773438,-27.894826889038086,74.77750396728516,,
1780510054.8127613,22090.799662821,-9.349652290344238,-45.14038848876953,81.22142791748047,3.2509207725524902,-39.997074127197266,87.8133316040039,4.487751483917236,-39.22230529785156,82.97736358642578,-8.303821563720703,-26.147541046142578,73.67499542236328,,
1780510054.8327458,22090.81965373,-7.4808430671691895,-45.91313934326172,80.29903411865234,3.513664484024048,-40.78897476196289,87.10195922851562,5.099312782287598,-39.7940673828125,83.67823028564453,-6.890171051025391,-26.411083221435547,72.8304672241211,,
1780510054.852874,22090.839897062,-6.159232139587402,-46.86101531982422,79.09846496582031,3.1060519218444824,-42.28898620605469,86.27776336669922,6.114490032196045,-38.921600341796875,83.71257019042969,-5.816771984100342,-27.929628372192383,71.92205047607422,,
1780510054.872615,22090.859438348,-5.77907133102417,-47.31364440917969,78.535888671875,1.4421145915985107,-44.65764236450195,85.46231079101562,6.786081314086914,-36.776702880859375,83.49893951416016,-4.602267742156982,-30.60655403137207,72.12903594970703,,
1780510054.8928273,22090.879703407,-6.234750747680664,-47.46040725708008,79.07341003417969,-1.3775299787521362,-48.06907272338867,84.1849365234375,7.272228717803955,-33.81863021850586,82.730224609375,-2.608464479446411,-34.16379165649414,74.33303833007812,,
1780510054.9130228,22090.899676259,-6.902831554412842,-47.479881286621094,81.30524444580078,-5.086851119995117,-51.227928161621094,81.8063735961914,8.626643180847168,-30.28701400756836,81.3676528930664,-0.9033970832824707,-38.93682861328125,78.02124786376953,,
1780510054.9329531,22090.91979934,-8.045477867126465,-46.41084289550781,83.3083267211914,-6.918166637420654,-52.28620529174805,79.32027435302734,9.487709999084473,-28.402355194091797,79.3694839477539,-0.049198705703020096,-42.27873611450195,80.32180786132812,,
1780510054.9539487,22090.940891552,-7.485752582550049,-44.07295227050781,84.80508422851562,-6.884296417236328,-50.57517623901367,77.61807250976562,9.101937294006348,-28.615684509277344,77.60475158691406,1.3616814613342285,-44.46292495727539,81.32591247558594,,
1780510054.9730084,22090.95985736,-6.120114803314209,-41.924530029296875,85.42463684082031,-6.848879337310791,-49.15322494506836,77.31819152832031,8.108663558959961,-27.981800079345703,76.6871566772461,2.0038559436798096,-45.14842987060547,82.04124450683594,,
1780510054.9933343,22090.979996945,-5.788571357727051,-40.351802825927734,85.80382537841797,-6.377173900604248,-48.81938552856445,77.30938720703125,8.044270515441895,-27.665075302124023,76.08837127685547,1.003981590270996,-44.37873458862305,82.0160140991211,,
1780510055.0130928,22091.000014979,-6.814132213592529,-39.99723815917969,85.70123291015625,-5.435641288757324,-48.18013000488281,78.08439636230469,9.321917533874512,-29.41570472717285,75.730224609375,-0.8499775528907776,-42.0792236328125,81.403564453125,,
1780510055.0330858,22091.019704166,-8.11880874633789,-40.13896179199219,85.30720520019531,-4.035367965698242,-46.786563873291016,79.62053680419922,9.861254692077637,-31.87552261352539,75.70549011230469,-3.0361554622650146,-38.72230529785156,80.90003967285156,,
1780510055.0529037,22091.03941898,-10.051130294799805,-41.128700256347656,84.643310546875,-2.1262366771698,-45.44062423706055,82.05622100830078,8.992210388183594,-34.12165832519531,76.26548767089844,-5.710093021392822,-34.651611328125,79.84834289550781,,
1780510055.0726979,22091.059523808,-11.544746398925781,-43.066688537597656,83.6363296508789,0.2394346296787262,-43.62482452392578,85.69876098632812,7.3831562995910645,-35.541412353515625,78.34268951416016,-8.47250747680664,-30.685829162597656,77.41790771484375,,
1780510055.092561,22091.079300914,-10.706101417541504,-45.058101654052734,82.7424545288086,1.5481942892074585,-41.649253845214844,87.97782135009766,5.8903326988220215,-36.94621658325195,80.86502838134766,-9.89493465423584,-27.580732345581055,74.83843994140625,,
1780510055.113298,22091.100070659,-9.023280143737793,-46.07919692993164,81.7076187133789,2.223848581314087,-40.86056137084961,88.01590728759766,4.892270565032959,-38.47317886352539,82.7859878540039,-8.685921669006348,-25.707700729370117,73.55331420898438,,
1780510055.1336553,22091.120272953,-7.289159297943115,-46.729408264160156,80.8248062133789,2.5921878814697266,-41.45472717285156,87.42887878417969,5.27237606048584,-39.20140075683594,83.61421203613281,-7.301337242126465,-25.760826110839844,72.7720947265625,,
1780510055.153536,22091.140280567,-6.010168552398682,-47.58577346801758,79.77993774414062,2.400285243988037,-42.531002044677734,86.62358093261719,6.186101913452148,-38.61533737182617,83.71810150146484,-6.248007774353027,-27.2189998626709,71.80769348144531,,
1780510055.1734247,22091.160219274,-5.607275485992432,-47.912410736083984,79.13960266113281,1.1182907819747925,-44.56956481933594,85.85447692871094,6.854987621307373,-36.602195739746094,83.43561553955078,-5.254019737243652,-29.82478141784668,71.7977294921875,,
1780510055.193653,22091.180305917,-5.985146999359131,-47.995513916015625,79.5418701171875,-1.4621933698654175,-47.64889907836914,84.62444305419922,7.300746440887451,-33.82071304321289,82.73665618896484,-3.3135101795196533,-33.1717643737793,73.73709106445312,,
1780510055.2128863,22091.199508135,-6.52349853515625,-48.172828674316406,81.38610076904297,-5.028228759765625,-50.8280029296875,82.50352478027344,8.626180648803711,-30.421125411987305,81.46047973632812,-1.330518126487732,-37.80766677856445,77.39295196533203,,
1780510055.2327423,22091.219353623,-7.823479652404785,-46.79635238647461,83.47384643554688,-7.066981315612793,-52.48829650878906,79.67375183105469,9.660248756408691,-28.244354248046875,79.33131408691406,-0.41990455985069275,-41.77561569213867,79.91434478759766,,
1780510055.252686,22091.23977716,-7.692212104797363,-44.76163101196289,84.97982788085938,-7.193416118621826,-51.305782318115234,77.93730163574219,9.537023544311523,-28.37698745727539,77.4471664428711,0.9404378533363342,-44.06047821044922,80.9459228515625,,
1780510055.2735088,22091.26048643,-6.338752746582031,-42.48516845703125,85.73226165771484,-6.928766250610352,-49.83486557006836,77.49675750732422,8.478114128112793,-27.85826301574707,76.30040740966797,1.7934600114822388,-45.037811279296875,81.81513214111328,,
1780510055.293426,22091.280176914,-5.870117664337158,-40.81511688232422,86.01407623291016,-6.420763969421387,-49.238983154296875,77.3642349243164,8.205046653747559,-27.82408905029297,75.63333892822266,1.1224051713943481,-44.44028091430664,81.99341583251953,,
1780510055.313764,22091.300426978,-6.665122032165527,-40.11204147338867,85.95655822753906,-5.472636699676514,-48.72529220581055,77.9570541381836,9.192873001098633,-29.073646545410156,75.29214477539062,-0.7249054908752441,-42.26300048828125,81.46951293945312,,
1780510055.333243,22091.32054892,-7.91033935546875,-40.15739822387695,85.58090209960938,-4.154096603393555,-47.22849655151367,79.51435852050781,9.947757720947266,-31.570322036743164,75.22770690917969,-2.8298261165618896,-38.86833572387695,80.96124267578125,,
1780510055.3533032,22091.340018578,-9.896900177001953,-41.06377410888672,84.93301391601562,-2.142726421356201,-45.73117446899414,82.06602478027344,9.194585800170898,-34.04008865356445,75.66484832763672,-5.605793476104736,-34.79020690917969,79.95012664794922,,
1780510055.3730228,22091.359939802,-11.56045913696289,-42.89030456542969,83.85665893554688,0.437690794467926,-43.772003173828125,85.66761779785156,7.472250938415527,-35.67259979248047,77.89797973632812,-8.502527236938477,-30.936416625976562,77.51107025146484,,
1780510055.392939,22091.379517501,-10.857928276062012,-44.818321228027344,82.89945220947266,1.8762344121932983,-41.554588317871094,88.00189208984375,5.767278671264648,-37.12387466430664,80.62147521972656,-10.094371795654297,-27.787418365478516,74.87712860107422,,
1780510055.4129922,22091.39934161,-9.168201446533203,-45.64667510986328,81.88101196289062,2.743898630142212,-40.43195343017578,88.02741241455078,4.499093055725098,-38.693328857421875,82.7465591430664,-8.979382514953613,-26.11056137084961,73.60609436035156,,
1780510055.4329188,22091.419523658,-7.481531143188477,-46.23773193359375,80.76969146728516,3.189972400665283,-40.912696838378906,87.43762969970703,4.893324375152588,-39.598350524902344,83.62723541259766,-7.3708906173706055,-26.01395606994629,72.94170379638672,,
1780510055.4528968,22091.440162122,-6.112674713134766,-47.0465087890625,79.56652069091797,3.1999099254608154,-41.970924377441406,86.6102523803711,5.8431596755981445,-39.03623962402344,83.77790832519531,-6.275249004364014,-27.54413414001465,71.97474670410156,,
1780510055.472832,22091.459936842,-5.77233362197876,-47.544979095458984,78.61286926269531,1.992517113685608,-43.957359313964844,85.80404663085938,6.606761932373047,-37.23307800292969,83.55712890625,-5.081093788146973,-30.149721145629883,71.68435668945312,,
1780510055.4928825,22091.479799516,-6.1321306228637695,-47.556495666503906,78.97596740722656,-0.5597365498542786,-47.09067153930664,84.59915924072266,6.996211051940918,-34.49885559082031,82.8749771118164,-3.2432498931884766,-33.648033142089844,73.47068786621094,,
1780510055.512918,22091.499683138,-6.668389320373535,-47.80264663696289,80.70660400390625,-4.205333709716797,-50.40319061279297,82.62086486816406,8.106202125549316,-31.01861000061035,81.7300796508789,-1.180176019668579,-38.1732292175293,77.03126525878906,,
1780510055.5329041,22091.519892933,-7.837349891662598,-46.668907165527344,82.96698760986328,-6.5970377922058105,-52.24519729614258,79.77276611328125,9.21147346496582,-28.47014045715332,79.83367919921875,-0.29750126600265503,-42.070499420166016,79.85782623291016,,
1780510055.552912,22091.540067508,-7.862333297729492,-44.74168395996094,84.54108428955078,-6.944180965423584,-51.30399703979492,77.98126220703125,9.056709289550781,-28.562591552734375,77.8431167602539,0.860902726650238,-44.433387756347656,81.03158569335938,,
1780510055.5727663,22091.560247514,-6.438235282897949,-42.29635238647461,85.4072036743164,-6.661712646484375,-49.44655227661133,77.31063079833984,8.072250366210938,-28.25324821472168,76.86306762695312,1.9931443929672241,-45.471309661865234,82.02185821533203,,
1780510055.5928288,22091.580111988,-5.789794921875,-40.46872329711914,85.64441680908203,-6.313512325286865,-48.78887939453125,77.09973907470703,7.649933338165283,-27.840879440307617,76.24776458740234,1.4599145650863647,-44.992488861083984,82.26497650146484,,
1780510055.6129103,22091.599982723,-6.6598615646362305,-39.67810821533203,85.74534606933594,-5.380124092102051,-48.554039001464844,77.50626373291016,8.684553146362305,-28.85266876220703,75.97496795654297,-0.44786712527275085,-42.88946533203125,81.6871337890625,,
1780510055.6329596,22091.620216394,-7.875374794006348,-39.72328567504883,85.36309814453125,-4.001089572906494,-47.24909210205078,78.91755676269531,9.702735900878906,-31.396848678588867,75.78125762939453,-2.480717897415161,-39.75197982788086,81.10948181152344,,
1780510055.6529953,22091.639474431,-9.450837135314941,-40.313846588134766,84.8808822631836,-2.3386363983154297,-45.82880783081055,81.06096649169922,9.221271514892578,-33.66304397583008,75.92061614990234,-4.991658687591553,-35.89199447631836,80.4380874633789,,
1780510055.6729684,22091.659707255,-11.370184898376465,-41.992984771728516,83.8953857421875,0.05333118513226509,-44.42228317260742,84.41986846923828,7.726132392883301,-35.3438606262207,77.75231170654297,-7.719527721405029,-31.96358871459961,78.35066223144531,,
1780510055.692842,22091.67985647,-11.375865936279297,-44.1005973815918,82.75761413574219,1.7408055067062378,-42.174564361572266,87.35027313232422,6.418329238891602,-36.703346252441406,80.18973541259766,-9.895648956298828,-28.682897567749023,75.5889892578125,,
1780510055.7129056,22091.699431438,-9.735987663269043,-45.355995178222656,81.78324890136719,2.5893726348876953,-40.86080551147461,87.85514068603516,5.052420616149902,-38.25394821166992,82.41747283935547,-9.284819602966309,-26.417097091674805,73.9041748046875,,
1780510055.7328458,22091.719699306,-7.915776252746582,-46.084598541259766,80.94921875,2.9299747943878174,-41.209407806396484,87.34491729736328,5.1085968017578125,-39.35840606689453,83.51838684082031,-7.819029808044434,-25.861007690429688,73.11143493652344,,
1780510055.7528381,22091.740018597,-6.344343185424805,-46.917354583740234,79.98876190185547,2.9080862998962402,-42.277156829833984,86.62458801269531,5.984203338623047,-38.98715591430664,83.74468231201172,-6.832217693328857,-27.02975845336914,72.17414093017578,,
1780510055.7729049,22091.759420629,-5.650115489959717,-47.67348861694336,79.19705963134766,1.633175015449524,-44.10696792602539,85.84762573242188,6.789431095123291,-37.225341796875,83.56511688232422,-5.62993049621582,-29.162899017333984,71.67359161376953,,
1780510055.7928333,22091.779776391,-5.844733238220215,-47.74288558959961,79.36747741699219,-0.7927415370941162,-47.11921310424805,84.79374694824219,7.240133762359619,-34.508453369140625,82.97430419921875,-3.955043315887451,-32.32757568359375,73.31871032714844,,
1780510055.812853,22091.80005904,-6.328617095947266,-48.079341888427734,81.03083038330078,-4.278221607208252,-50.4986686706543,82.8962631225586,8.309161186218262,-31.078336715698242,81.88371276855469,-1.8999491930007935,-36.66912078857422,76.76172637939453,,
1780510055.8329058,22091.820110964,-7.610336780548096,-47.320640563964844,83.16206359863281,-6.916688919067383,-52.53892517089844,80.1250991821289,9.7078857421875,-28.284570693969727,80.00703430175781,-0.824984610080719,-40.73847961425781,79.68235778808594,,
1780510055.8528304,22091.839898329,-7.978026390075684,-45.51743698120117,84.77867889404297,-7.291853427886963,-51.91316223144531,78.23853302001953,9.712472915649414,-28.13179588317871,77.87936401367188,0.3600291311740875,-43.332557678222656,80.888671875,,
1780510055.8730092,22091.859697664,-6.754645347595215,-43.229896545410156,85.71804809570312,-7.118635177612305,-50.252960205078125,77.4800796508789,8.758262634277344,-27.777021408081055,76.51615905761719,1.5024847984313965,-44.653526306152344,81.78528594970703,,
1780510055.8929121,22091.879945914,-6.56489372253418,-41.70924377441406,85.55831909179688,-6.764091491699219,-49.97655487060547,77.46383666992188,7.329254150390625,-27.7365779876709,76.12564086914062,1.2097703218460083,-45.82238006591797,82.19869232177734,,
1780510055.9128988,22091.899558183,-6.831820487976074,-40.588783264160156,86.11843872070312,-6.054145336151123,-49.36980056762695,77.73599243164062,8.580947875976562,-28.359159469604492,75.55032348632812,-0.49046584963798523,-43.5327033996582,81.59004974365234,,
1780510055.9329557,22091.920265282,-7.765247344970703,-40.377742767333984,85.74284362792969,-5.042568683624268,-48.02541732788086,78.75709533691406,9.901689529418945,-30.592987060546875,75.33114624023438,-2.3821053504943848,-40.23350143432617,81.16211700439453,,
1780510055.9528697,22091.940295811,-9.170608520507812,-40.79780578613281,85.28421783447266,-3.5651042461395264,-46.45916748046875,80.8907699584961,9.806828498840332,-32.8641471862793,75.6009750366211,-4.7795023918151855,-36.28585433959961,80.58021545410156,,
1780510055.972886,22091.962439573,-11.105145454406738,-42.0932502746582,84.58042907714844,-0.9324182868003845,-45.034202575683594,83.94011688232422,8.14289379119873,-34.75228500366211,76.90827941894531,-7.564418315887451,-32.465789794921875,78.82667541503906,,
1780510055.9930217,22091.979782579,-11.559041023254395,-44.0310173034668,83.36817169189453,1.1486546993255615,-42.79891586303711,87.12225341796875,6.65890645980835,-36.201446533203125,79.55268096923828,-10.166528701782227,-29.253395080566406,75.95821380615234,,
1780510056.0136607,22092.000772787,-10.089638710021973,-45.59172058105469,82.46485137939453,2.1424105167388916,-41.075523376464844,88.2124252319336,5.192342758178711,-37.761722564697266,81.9038314819336,-10.128260612487793,-26.811445236206055,73.90766143798828,,
1780510056.033619,22092.020397407,-8.114109992980957,-46.22808837890625,81.52401733398438,2.7912135124206543,-40.903804779052734,87.74043273925781,4.877666473388672,-39.241798400878906,83.37535858154297,-8.365525245666504,-25.860002517700195,73.1844711303711,,
1780510056.0533302,22092.040139126,-6.562649250030518,-46.971981048583984,80.39866638183594,3.148038387298584,-41.63444900512695,86.99860382080078,5.6749701499938965,-39.39930725097656,83.76033782958984,-7.110627174377441,-26.75030517578125,72.34700012207031,,
1780510056.0736501,22092.060529585,-5.7554826736450195,-47.608238220214844,79.17430114746094,2.5815272331237793,-43.06258010864258,86.21974182128906,6.5159478187561035,-38.01380920410156,83.7016372680664,-6.121100425720215,-28.970853805541992,71.50914764404297,,
1780510056.0928757,22092.079945994,-5.688502788543701,-47.79407501220703,79.11083221435547,0.6836564540863037,-45.65461349487305,85.22681427001953,7.052520751953125,-35.66259002685547,83.1322250366211,-4.746545314788818,-32.02131271362305,72.36235046386719,,
1780510056.1130106,22092.100486385,-6.181278705596924,-47.93072509765625,80.1445083618164,-2.4846768379211426,-49.15632629394531,83.70092010498047,7.615689754486084,-32.50101089477539,82.23413848876953,-2.480699300765991,-35.84104919433594,75.3183822631836,,
1780510056.1328564,22092.120555738,-7.197094917297363,-47.64455795288086,82.22721862792969,-5.864943027496338,-51.889076232910156,81.11798858642578,9.215301513671875,-29.07916831970215,80.67279815673828,-0.9450766444206238,-40.34895706176758,78.72713470458984,,
1780510056.152804,22092.140809923,-8.204033851623535,-45.94196319580078,84.04744720458984,-6.949026584625244,-52.32063293457031,78.66294860839844,9.373437881469727,-28.263134002685547,78.63389587402344,0.005908220540732145,-43.32520294189453,80.69490051269531,,
1780510056.1726747,22092.160127253,-7.284401893615723,-43.65790557861328,85.26099395751953,-6.9316487312316895,-50.658206939697266,77.49279022216797,8.593021392822266,-28.323591232299805,76.98622131347656,1.3386472463607788,-44.99838638305664,81.67569732666016,,
1780510056.192875,22092.180152483,-6.127376556396484,-41.50733184814453,85.78050231933594,-6.496057510375977,-49.470176696777344,77.0214614868164,7.646362781524658,-27.87814712524414,76.18427276611328,1.696947693824768,-45.2802734375,82.32911682128906,,
1780510056.2127383,22092.199631621,-6.306309223175049,-40.332305908203125,85.91551208496094,-5.698306083679199,-49.22080993652344,77.12060546875,8.086798667907715,-28.223466873168945,75.72184753417969,0.34476783871650696,-43.765174865722656,82.02103424072266,,
1780510056.2327504,22092.219972256,-7.245171070098877,-39.91495132446289,85.62744903564453,-4.445953369140625,-48.177284240722656,78.2291030883789,9.458970069885254,-30.450529098510742,75.32100677490234,-1.517485499382019,-41.011810302734375,81.37043762207031,,
1780510056.2528088,22092.239599387,-8.763171195983887,-40.224334716796875,85.12017059326172,-2.5142335891723633,-46.58412170410156,80.181396484375,9.586238861083984,-33.10871887207031,75.46023559570312,-3.887840986251831,-37.277076721191406,80.72035217285156,,
1780510056.273039,22092.262390029,-10.90493106842041,-41.27345657348633,84.1596450805664,0.029039615765213966,-44.98689651489258,83.31954956054688,8.07922077178955,-35.22061538696289,76.59860229492188,-6.772444248199463,-33.309654235839844,79.15617370605469,,
1780510056.2927864,22092.279592158,-11.786417961120605,-43.15568161010742,82.7342758178711,2.244225025177002,-42.529090881347656,86.67267608642578,6.662195205688477,-36.63703536987305,79.13813018798828,-9.50752067565918,-29.857524871826172,76.39604949951172,,
1780510056.3128884,22092.299550912,-10.422907829284668,-44.6080322265625,81.79904174804688,3.355238199234009,-40.5609130859375,87.76241302490234,5.081659317016602,-38.30384063720703,81.7128677368164,-9.617242813110352,-27.362545013427734,74.43658447265625,,
1780510056.3328578,22092.31954321,-8.66800308227539,-45.21474838256836,80.75654602050781,3.899392604827881,-40.33512878417969,87.2441177368164,4.773036003112793,-39.72646713256836,83.23809051513672,-8.010825157165527,-26.405677795410156,73.59832763671875,,
1780510056.3527412,22092.339786811,-7.062202453613281,-46.20378875732422,79.70072937011719,4.115285396575928,-41.13154220581055,86.55421447753906,5.762639045715332,-39.822757720947266,83.61396026611328,-6.792938232421875,-27.19588279724121,72.56604766845703,,
1780510056.3726656,22092.359812912,-6.075217247009277,-47.2085075378418,78.69791412353516,3.246487855911255,-42.80990219116211,85.77384948730469,6.795533180236816,-38.57772445678711,83.49103546142578,-5.713293552398682,-29.140932083129883,71.67464447021484,,
1780510056.3928587,22092.380356855,-5.962514877319336,-47.37392044067383,78.71102142333984,1.0069373846054077,-45.64545822143555,84.86949157714844,7.232750415802002,-36.12080001831055,83.06682586669922,-4.342714309692383,-32.171058654785156,72.71654510498047,,
1780510056.41262,22092.399811579,-6.411652088165283,-47.53718948364258,79.94368743896484,-2.406919479370117,-49.2435302734375,83.28173828125,7.798098564147949,-32.74543380737305,82.25822448730469,-2.2930538654327393,-36.038726806640625,75.65554809570312,,
1780510056.4328322,22092.419830117,-7.340867042541504,-47.31336975097656,82.2193832397461,-5.841822147369385,-51.990840911865234,80.7150650024414,9.07852554321289,-29.089435577392578,80.73609161376953,-0.8858938813209534,-40.19591522216797,79.06999969482422,,
1780510056.452973,22092.439679493,-8.247584342956543,-45.69610595703125,83.9188003540039,-7.067502975463867,-52.1578254699707,78.39433288574219,9.427486419677734,-28.434011459350586,78.72899627685547,-0.03634834662079811,-42.97408676147461,80.80597686767578,,
1780510056.4728959,22092.459674009,-7.24916934967041,-43.47945022583008,85.17375946044922,-6.913143157958984,-50.33146667480469,77.2796401977539,8.63203239440918,-28.405101776123047,77.27618408203125,1.3077590465545654,-44.59531021118164,81.80489349365234,,
1780510056.4928396,22092.47980547,-6.103982925415039,-41.412353515625,85.5786361694336,-6.812304973602295,-49.28757095336914,76.95191192626953,7.715622425079346,-27.73873519897461,76.5076904296875,1.4820953607559204,-44.84770584106445,82.41344451904297,,
1780510056.5128217,22092.500324662,-6.380794525146484,-40.434913635253906,85.83599090576172,-6.25014591217041,-49.048919677734375,77.1258544921875,8.369648933410645,-27.8852596282959,76.17633819580078,0.033131007105112076,-43.18656921386719,82.04084014892578,,
1780510056.5328505,22092.524101677,-7.374640464782715,-40.29769515991211,85.63384246826172,-5.258416652679443,-47.95838928222656,78.20738220214844,9.663966178894043,-29.99301528930664,76.18101501464844,-1.8246252536773682,-40.35947036743164,81.47930908203125,,
1780510056.5526774,22092.539337019,-8.663818359375,-40.7326774597168,85.2306137084961,-3.9449939727783203,-46.72592544555664,79.99966430664062,10.000527381896973,-32.2720832824707,76.12981414794922,-4.087425231933594,-36.57865905761719,80.86809539794922,,
1780510056.5726566,22092.559398162,-10.234281539916992,-41.94683074951172,84.80500793457031,-2.1491684913635254,-45.5849494934082,82.56686401367188,8.860474586486816,-34.066898345947266,76.96781158447266,-6.671661376953125,-32.841522216796875,79.56665802001953,,
1780510056.5929785,22092.579816505,-11.102027893066406,-44.11497497558594,83.87744140625,-0.30420082807540894,-43.96418762207031,85.97785186767578,7.616912364959717,-35.27949142456055,79.02962493896484,-9.31104564666748,-29.339082717895508,76.86831665039062,,
1780510056.6128623,22092.600053253,-9.89941692352295,-46.13167953491211,83.05516052246094,0.6667822599411011,-42.30695343017578,87.99000549316406,6.254432201385498,-36.586265563964844,81.34345245361328,-10.21957778930664,-26.57636070251465,74.40326690673828,,
1780510056.6328385,22092.619970901,-8.105812072753906,-47.108402252197266,82.18595886230469,1.2282822132110596,-41.84756088256836,88.03047180175781,5.394817352294922,-38.103553771972656,83.05813598632812,-8.97407341003418,-25.04867172241211,73.19639587402344,,
1780510056.6528006,22092.63988962,-6.476138591766357,-47.59022903442383,81.27847290039062,1.6020315885543823,-42.35877227783203,87.45558166503906,5.666009902954102,-38.56980895996094,83.78667449951172,-7.728341102600098,-25.37223243713379,72.54965209960938,,
1780510056.6730435,22092.660037134,-5.444388389587402,-48.22084426879883,80.28773498535156,1.088290810585022,-43.51389694213867,86.69841003417969,6.404904365539551,-37.623470306396484,83.76726531982422,-6.650121688842773,-26.93589210510254,71.72964477539062,,
1780510056.6930652,22092.680501066,-5.170310020446777,-48.51170349121094,79.84123229980469,-0.4309273064136505,-45.487613677978516,85.93730926513672,6.894814491271973,-35.416561126708984,83.45980072021484,-5.35509729385376,-29.53264045715332,72.12630462646484,,
1780510056.713063,22092.699947262,-5.56561803817749,-48.71751403808594,80.58760833740234,-3.14768123626709,-48.46162033081055,84.5634536743164,7.4842634201049805,-32.5876579284668,82.5895767211914,-3.3231770992279053,-33.052650451660156,74.49809265136719,,
1780510056.7329512,22092.720655954,-6.411759376525879,-48.87873077392578,82.4415512084961,-6.535089492797852,-51.41427230834961,82.25032043457031,9.276269912719727,-29.263572692871094,80.92140197753906,-1.5756572484970093,-37.69802474975586,77.88895416259766,,
1780510056.752982,22092.740572522,-7.650410175323486,-47.2911262512207,84.30232238769531,-8.093185424804688,-52.72394943237305,79.64173889160156,10.282180786132812,-27.62588882446289,78.62220764160156,-0.45501193404197693,-41.20854568481445,80.07918548583984,,
1780510056.773048,22092.760028903,-7.262238025665283,-45.111637115478516,85.65010070800781,-8.03525447845459,-51.55097961425781,78.28101348876953,10.035205841064453,-27.555124282836914,76.73021697998047,0.9340066909790039,-43.384307861328125,80.96971893310547,,
1780510056.7929513,22092.77962706,-5.952694416046143,-42.874671936035156,86.22021484375,-7.810918807983398,-50.158241271972656,77.8470230102539,9.009002685546875,-27.004985809326172,75.67655181884766,1.5990301370620728,-44.2181396484375,81.80409240722656,,
1780510056.8130693,22092.799736462,-5.837944030761719,-41.42319869995117,86.44038391113281,-7.285027503967285,-49.83484649658203,77.81453704833984,8.963861465454102,-27.139814376831055,74.99411010742188,0.5944898128509521,-43.3459587097168,81.79825592041016,,
1780510056.8330204,22092.81978403,-6.730444431304932,-41.01328659057617,86.39295196533203,-6.190633773803711,-49.00020217895508,78.63720703125,9.997827529907227,-29.02730369567871,74.5439224243164,-1.1579838991165161,-40.949161529541016,81.24658203125,,
1780510056.8529265,22092.839783575,-8.154374122619629,-41.22895431518555,86.02175903320312,-4.612576961517334,-47.298988342285156,80.53279876708984,10.29273796081543,-31.802934646606445,74.47835540771484,-3.491867780685425,-37.37937927246094,80.68209838867188,,
1780510056.8730032,22092.85981732,-10.343317031860352,-42.246849060058594,85.24515533447266,-2.239809036254883,-45.60251235961914,83.63456726074219,8.919916152954102,-34.174354553222656,75.31574249267578,-6.429431915283203,-33.232582092285156,79.32489776611328,,
1780510056.8930411,22092.880362443,-11.700752258300781,-44.1897087097168,83.8065185546875,0.36464405059814453,-43.119754791259766,87.41743469238281,7.153085708618164,-35.77326965332031,78.15392303466797,-9.380439758300781,-29.5101318359375,76.6203384399414,,
1780510056.9133177,22092.900481525,-10.487883567810059,-45.844974517822266,82.75004577636719,1.672998309135437,-40.73084259033203,88.89771270751953,5.060844898223877,-37.4432258605957,81.10448455810547,-9.951282501220703,-26.629507064819336,74.25159454345703,,
1780510056.9330442,22092.920358886,-8.623212814331055,-46.27524185180664,81.77499389648438,2.636991262435913,-40.012779235839844,88.31983947753906,4.2317938804626465,-39.29354476928711,83.08313751220703,-8.196669578552246,-25.448444366455078,73.48928833007812,,
1780510056.952994,22092.940162008,-7.037702560424805,-46.98317337036133,80.5463638305664,3.289977550506592,-40.4726676940918,87.54014587402344,5.043148040771484,-40.09251403808594,83.64180755615234,-6.553833961486816,-25.952795028686523,72.69205474853516,,
1780510056.972971,22092.959647729,-5.995448589324951,-47.78847122192383,79.2346420288086,3.0846991539001465,-41.574188232421875,86.70075988769531,6.028125762939453,-39.204193115234375,83.64303588867188,-5.594415664672852,-27.886951446533203,71.56401062011719,,
1780510056.9929328,22092.981175583,-5.809437274932861,-48.073848724365234,78.53048706054688,1.695200800895691,-43.84988784790039,85.8018569946289,6.695938587188721,-37.32379913330078,83.30711364746094,-4.408805847167969,-30.63277244567871,71.5720443725586,,
1780510057.0130072,22092.999910717,-6.388220310211182,-47.896827697753906,78.67524719238281,-0.7122253179550171,-47.136661529541016,84.61959075927734,7.0856781005859375,-34.549381256103516,82.61214447021484,-2.5697827339172363,-34.030513763427734,73.54997253417969,,
1780510057.0330374,22093.020400421,-6.75709342956543,-47.872467041015625,80.62451934814453,-4.45366096496582,-50.393550872802734,82.26472473144531,8.133810997009277,-31.009578704833984,81.32860565185547,-0.5613787770271301,-38.78524398803711,77.07695007324219,,
1780510057.0529368,22093.040439319,-7.838743209838867,-46.470458984375,82.84874725341797,-6.542396068572998,-51.87068176269531,79.5932388305664,9.078001022338867,-28.87874984741211,79.5307388305664,0.27288174629211426,-42.66506576538086,79.87486267089844,,
1780510057.0730443,22093.059752229,-7.514111518859863,-44.054683685302734,84.37044525146484,-6.629204273223877,-50.451656341552734,77.84426879882812,8.83619213104248,-29.26717758178711,77.64532470703125,1.6410515308380127,-45.03514862060547,81.06889343261719,,
1780510057.0929654,22093.081332592,-5.963879585266113,-41.56497573852539,85.17987823486328,-6.276275634765625,-48.690223693847656,77.26051330566406,7.94118595123291,-28.953372955322266,76.59571075439453,2.6499674320220947,-45.884098052978516,81.85750579833984,,
1780510057.112901,22093.100655285,-5.440121650695801,-39.521026611328125,85.4048843383789,-5.7389326095581055,-48.08745193481445,77.07495880126953,7.541727542877197,-28.77987289428711,76.16595458984375,1.8785374164581299,-45.386932373046875,82.02825164794922,,
1780510057.133057,22093.120340199,-6.400625228881836,-38.801422119140625,85.35010528564453,-4.616796016693115,-47.4760627746582,77.700439453125,8.595403671264648,-30.26941680908203,76.02063751220703,-0.04065360501408577,-43.12691879272461,81.53693389892578,,
1780510057.1526506,22093.140259512,-7.941658973693848,-38.666297912597656,84.81619262695312,-3.1458446979522705,-45.94846725463867,79.16514587402344,9.276952743530273,-32.97016906738281,75.82908630371094,-2.3157947063446045,-39.715999603271484,81.05643463134766,,
1780510057.1727083,22093.159392565,-10.112006187438965,-39.53955841064453,84.03902435302734,-0.901199996471405,-44.29338836669922,81.7369613647461,8.504558563232422,-35.487213134765625,76.47607421875,-5.033677577972412,-35.431453704833984,80.01138305664062,,
1780510057.1930625,22093.183992499,-11.944620132446289,-41.5162467956543,82.93450164794922,1.6731775999069214,-42.55532455444336,85.35506439208984,6.947660446166992,-36.91120529174805,78.59825134277344,-7.929662704467773,-31.31808090209961,77.53736877441406,,
1780510057.2136552,22093.200544786,-11.29850959777832,-43.49821853637695,81.9188461303711,3.0952444076538086,-40.539093017578125,87.44477081298828,5.546169281005859,-38.33102798461914,81.14163970947266,-9.290366172790527,-28.20056915283203,75.06929016113281,,
1780510057.2327785,22093.219494991,-9.69752311706543,-44.47903060913086,80.83352661132812,3.6093485355377197,-39.856468200683594,87.3435287475586,4.601475238800049,-39.61623001098633,83.07005310058594,-7.894773960113525,-26.2010440826416,73.88935089111328,,
1780510057.2526987,22093.239435613,-7.800276756286621,-45.090476989746094,79.897705078125,3.772573947906494,-40.79432678222656,86.71392822265625,4.9480414390563965,-40.11961364746094,83.92249298095703,-6.617695331573486,-26.246755599975586,73.16554260253906,,
1780510057.2735162,22093.260864961,-6.383263111114502,-46.116180419921875,78.72480773925781,3.2908153533935547,-42.390316009521484,86.00071716308594,5.936270713806152,-39.2181510925293,83.97330474853516,-5.547487258911133,-27.664941787719727,72.17568969726562,,
1780510057.2927642,22093.27998265,-5.901968002319336,-46.7214241027832,78.1142349243164,1.501754879951477,-44.863861083984375,85.22105407714844,6.64564323425293,-37.0714225769043,83.77398681640625,-4.147846698760986,-30.30560302734375,72.33927917480469,,
1780510057.3131943,22093.300441085,-6.3513712882995605,-46.819252014160156,78.7417984008789,-1.4521677494049072,-48.460636138916016,83.96043395996094,7.24048376083374,-34.01670455932617,83.12608337402344,-2.1475322246551514,-34.10976791381836,74.87188720703125,,
1780510057.3333645,22093.320672857,-7.144158840179443,-47.031429290771484,80.99776458740234,-5.070950984954834,-51.42005920410156,81.7861099243164,9.090638160705566,-30.52779197692871,81.64075469970703,-0.7206239104270935,-38.979408264160156,78.53530883789062,,
1780510057.3533726,22093.340142198,-8.245074272155762,-45.89375686645508,83.0712661743164,-6.608283519744873,-51.764808654785156,79.25909423828125,9.839319229125977,-29.053077697753906,79.44110870361328,0.3052929639816284,-42.634788513183594,80.5528564453125,,
1780510057.3736575,22093.360262895,-7.522449493408203,-43.82784652709961,84.58961486816406,-6.504549026489258,-49.90091323852539,77.86758422851562,9.163349151611328,-29.09937858581543,77.50567626953125,1.752016305923462,-45.00640106201172,81.3105239868164,,
1780510057.393246,22093.379920589,-6.01357889175415,-41.642738342285156,85.2657470703125,-6.56894063949585,-48.58026123046875,77.66533660888672,8.204317092895508,-28.17916488647461,76.4946517944336,2.2968435287475586,-45.71440887451172,81.85466766357422,,
1780510057.4139,22093.400632715,-5.879799842834473,-40.423770904541016,85.66720581054688,-6.1254096031188965,-48.3885383605957,77.81722259521484,8.334543228149414,-27.915061950683594,75.983154296875,0.9941672086715698,-44.700862884521484,81.68265533447266,,
1780510057.4328418,22093.419777214,-6.880072116851807,-40.33467102050781,85.54222106933594,-5.151777744293213,-47.542972564697266,78.83525085449219,9.691787719726562,-29.976943969726562,75.6117935180664,-0.8988789319992065,-42.22673797607422,81.07023620605469,,
1780510057.4529295,22093.440276769,-8.337525367736816,-40.682273864746094,85.08502197265625,-3.7293245792388916,-46.09393310546875,80.60621643066406,10.106120109558105,-32.398231506347656,75.50166320800781,-3.1693577766418457,-38.46736145019531,80.53893280029297,,
1780510057.4727604,22093.459705793,-10.398602485656738,-41.89689254760742,84.31649017333984,-1.6082115173339844,-44.738136291503906,83.38795471191406,8.86650276184082,-34.36375427246094,76.34258270263672,-5.9264235496521,-34.14051055908203,79.27311706542969,,
1780510057.49309,22093.480369768,-11.632257461547852,-43.93402099609375,83.2066421508789,0.5804257392883301,-42.7481575012207,86.8718490600586,7.291973114013672,-35.70525360107422,78.81979370117188,-8.748698234558105,-30.170591354370117,76.7343521118164,,
1780510057.5128717,22093.500162717,-10.455538749694824,-45.694950103759766,82.31989288330078,1.556510090827942,-40.878665924072266,88.47832489013672,5.590956687927246,-37.22182083129883,81.34759521484375,-9.345489501953125,-27.132610321044922,74.5457763671875,,
1780510057.532658,22093.519921774,-8.651775360107422,-46.48845672607422,81.43421173095703,2.099475145339966,-40.532737731933594,88.14396667480469,4.8556084632873535,-38.79944610595703,83.07884216308594,-7.928304195404053,-25.51932716369629,73.49872589111328,,
1780510057.5528367,22093.540365436,-7.00203275680542,-47.227054595947266,80.57709503173828,2.3802192211151123,-41.340599060058594,87.49177551269531,5.528658866882324,-39.258853912353516,83.57984161376953,-6.724502086639404,-25.773427963256836,72.68421173095703,,
1780510057.572735,22093.56006098,-5.922812461853027,-48.10967254638672,79.51526641845703,1.8973362445831299,-42.58834457397461,86.65454864501953,6.396149635314941,-38.38046646118164,83.55902099609375,-5.687307357788086,-27.379638671875,71.7108383178711,,
1780510057.5928228,22093.580331206,-5.619832515716553,-48.43693161010742,79.15927124023438,0.22849127650260925,-44.88612365722656,85.7613525390625,6.883796215057373,-36.278709411621094,83.1758041381836,-4.411862373352051,-30.005754470825195,72.01227569580078,,
1780510057.612799,22093.599854441,-6.086253643035889,-48.52406311035156,79.73609924316406,-2.417013168334961,-48.120784759521484,84.43634796142578,7.2273406982421875,-33.467655181884766,82.43452453613281,-2.4510412216186523,-33.478153228759766,74.11741638183594,,
1780510057.6328313,22093.620184831,-6.584897518157959,-48.364864349365234,81.69100189208984,-5.865466117858887,-51.01220703125,82.06138610839844,8.723865509033203,-30.08475112915039,80.97614288330078,-0.7154484391212463,-38.21385955810547,77.61947631835938,,
1780510057.652832,22093.63969222,-7.690679550170898,-46.719173431396484,83.64592742919922,-7.467644691467285,-52.25386047363281,79.42900848388672,9.772916793823242,-28.266223907470703,78.92830657958984,0.11567869782447815,-41.69876480102539,79.9198226928711,,
1780510057.6728575,22093.660234674,-7.167990684509277,-44.40414810180664,85.08401489257812,-7.465139865875244,-50.902488708496094,77.94595336914062,9.457544326782227,-28.237892150878906,77.16068267822266,1.4458836317062378,-43.91501998901367,80.9745101928711,,
1780510057.6928425,22093.679907888,-5.7912702560424805,-42.07183837890625,85.67475891113281,-7.122242450714111,-49.4089241027832,77.49555969238281,8.518214225769043,-27.95258140563965,76.1729507446289,2.198678493499756,-44.814979553222656,81.77238464355469,,
1780510057.7128432,22093.699968327,-5.487574100494385,-40.40870666503906,85.88506317138672,-6.541520118713379,-48.86130905151367,77.42523193359375,8.42576789855957,-28.09572982788086,75.63642883300781,1.3874965906143188,-44.09318923950195,81.82234954833984,,
1780510057.732802,22093.719343723,-6.3796257972717285,-39.80206298828125,85.80590057373047,-5.397577285766602,-48.069332122802734,78.07311248779297,9.31321907043457,-29.869016647338867,75.4292984008789,-0.34652987122535706,-41.865684509277344,81.3586196899414,,
1780510057.7528663,22093.7396061,-7.924118995666504,-39.89288330078125,85.32151794433594,-3.7582807540893555,-46.5008544921875,79.78363800048828,9.75606632232666,-32.620243072509766,75.28578186035156,-2.6547627449035645,-38.41705322265625,80.76978302001953,,
1780510057.7728105,22093.759964345,-10.017793655395508,-40.752567291259766,84.66960144042969,-1.4773939847946167,-44.94540786743164,82.5756607055664,8.693524360656738,-34.912620544433594,75.90444946289062,-5.511263370513916,-34.37858200073242,79.66145324707031,,
1780510057.7928276,22093.779637542,-11.659449577331543,-42.93006896972656,83.26158142089844,1.1290252208709717,-42.84138488769531,86.29100799560547,7.1231865882873535,-36.539268493652344,78.45606994628906,-8.341980934143066,-30.35719108581543,76.99636840820312,,
1780510057.8127785,22093.799651681,-10.88497543334961,-44.740562438964844,82.22882080078125,2.4697699546813965,-40.61016082763672,88.20716857910156,5.3519368171691895,-37.83286666870117,81.02618408203125,-9.510335922241211,-27.476839065551758,74.61831665039062,,
1780510057.8327823,22093.819539266,-9.204282760620117,-45.258731842041016,81.14917755126953,3.2293143272399902,-39.90578842163086,87.7952880859375,4.304437637329102,-39.35576629638672,83.09980773925781,-8.038793563842773,-26.194623947143555,73.57447052001953,,
1780510057.8527844,22093.840230944,-7.420799732208252,-45.865089416503906,80.01856231689453,3.606912851333618,-40.75904083251953,87.087890625,4.858776092529297,-39.88052749633789,83.72695922851562,-6.4960503578186035,-26.31625747680664,72.95863342285156,,
1780510057.8727715,22093.85994467,-6.2756757736206055,-46.60144805908203,78.53909301757812,3.374807596206665,-42.17936325073242,86.29657745361328,5.8344340324401855,-38.969520568847656,83.83120727539062,-5.384973049163818,-28.070755004882812,72.0321044921875,,
1780510057.892774,22093.880752218,-5.992641448974609,-47.008270263671875,77.84008026123047,1.8548296689987183,-44.51824188232422,85.4310531616211,6.536907196044922,-36.92436981201172,83.62535095214844,-3.9548561573028564,-31.045562744140625,72.21075439453125,,
1780510057.912944,22093.90172954,-6.482754707336426,-46.95468521118164,78.34436798095703,-0.8977687358856201,-48.114559173583984,84.12877655029297,7.093419075012207,-34.033912658691406,82.93771362304688,-1.8745185136795044,-34.87332534790039,74.66670227050781,,
1780510057.9328136,22093.919511066,-7.171285629272461,-46.907588958740234,80.64213562011719,-4.647515296936035,-51.0140495300293,81.68033599853516,8.755083084106445,-30.63488006591797,81.47428131103516,-0.31267890334129333,-40.001007080078125,78.4326400756836,,
1780510057.9528122,22093.939652001,-8.357816696166992,-45.711849212646484,82.76480865478516,-6.155213356018066,-51.7789306640625,79.2435531616211,9.50493049621582,-29.20033073425293,79.28263092041016,0.4307723343372345,-43.53544616699219,80.46015930175781,,
1780510057.9727986,22093.959741799,-7.514646053314209,-43.505859375,84.3431396484375,-6.055322647094727,-49.854610443115234,77.80038452148438,9.015362739562988,-29.388612747192383,77.43489074707031,1.9000693559646606,-45.5882568359375,81.30217742919922,,
1780510057.992845,22093.981870517,-6.07420015335083,-41.26750183105469,85.01382446289062,-5.9423065185546875,-48.468902587890625,77.42344665527344,7.921754360198975,-28.606721878051758,76.54194641113281,2.367027997970581,-46.17424774169922,81.94258880615234,,
1780510058.012765,22094.003791202,-5.942780494689941,-39.72038650512695,85.30464935302734,-5.458602428436279,-48.19999694824219,77.51394653320312,7.83256721496582,-28.557947158813477,75.98603057861328,1.0952900648117065,-45.27406692504883,81.82852935791016,,
1780510058.0328782,22094.019788679,-6.961388111114502,-39.39513397216797,85.16702270507812,-4.4385905265808105,-47.454349517822266,78.34979248046875,9.125039100646973,-30.449443817138672,75.60830688476562,-0.8396949172019958,-42.70585632324219,81.25923919677734,,
1780510058.0527558,22094.039870288,-8.439496994018555,-39.64301681518555,84.6639633178711,-2.823122024536133,-45.896888732910156,79.97332000732422,9.597270011901855,-32.944175720214844,75.7535171508789,-3.07035756111145,-39.0379524230957,80.70538330078125,,
1780510058.07299,22094.059845621,-10.520071983337402,-40.62022018432617,83.9102554321289,-0.6729860901832581,-44.462005615234375,82.68464660644531,8.458731651306152,-34.99928665161133,76.53421783447266,-5.8304877281188965,-34.823143005371094,79.59069061279297,,
1780510058.0928168,22094.080351298,-11.27200984954834,-41.99235534667969,83.32788848876953,2.2013323307037354,-43.41411590576172,85.53363037109375,7.455424785614014,-35.82770538330078,78.84178924560547,-9.193708419799805,-31.38138198852539,77.08480834960938,,
1780510058.1127203,22094.099797641,-10.016716003417969,-43.680904388427734,82.56183624267578,3.218419313430786,-41.82783126831055,87.31002807617188,6.912505149841309,-36.94822311401367,80.8528060913086,-10.352110862731934,-28.902576446533203,74.94603729248047,,
1780510058.132876,22094.119804481,-8.257489204406738,-44.99091720581055,81.58805847167969,3.4490244388580322,-41.55914306640625,87.48653411865234,6.802664756774902,-38.027252197265625,82.2677993774414,-9.479994773864746,-27.731843948364258,73.6406478881836,,
1780510058.1529582,22094.139826282,-6.7342448234558105,-46.14657974243164,80.69159698486328,3.383979558944702,-42.56303405761719,86.95933532714844,7.5446882247924805,-38.052528381347656,82.82569122314453,-8.562390327453613,-28.287992477416992,72.65423583984375,,
1780510058.172801,22094.160383431,-5.662939071655273,-47.23460006713867,80.1717529296875,2.694230794906616,-44.18990707397461,86.11865997314453,8.654541015625,-36.63743591308594,82.74935913085938,-7.941335678100586,-30.013338088989258,72.22417449951172,,
1780510058.1928487,22094.180670802,-5.334519863128662,-47.584007263183594,80.58970642089844,0.1451328694820404,-47.0717658996582,84.83222198486328,9.380931854248047,-33.68050003051758,82.23139190673828,-6.712795257568359,-32.92953872680664,73.74462127685547,,
1780510058.2128305,22094.200149193,-6.139983177185059,-48.08342742919922,82.46307373046875,-3.7000820636749268,-51.13704299926758,82.65667724609375,10.105504035949707,-29.86078643798828,81.09815979003906,-4.2752909660339355,-36.68692398071289,77.57669830322266,,
1780510058.2328196,22094.219757391,-8.027512550354004,-47.62042999267578,84.2454605102539,-6.7884111404418945,-53.927330017089844,79.70801544189453,11.051297187805176,-26.86181640625,79.76847076416016,-2.563147783279419,-39.75215148925781,80.77757263183594,,
1780510058.2528617,22094.239826043,-8.666943550109863,-46.34975051879883,85.54997253417969,-7.593927383422852,-53.29185485839844,77.71116638183594,10.339156150817871,-26.903322219848633,77.91734313964844,-1.120694637298584,-42.025726318359375,82.13825225830078,,
1780510058.2729938,22094.260555445,-7.66189432144165,-44.78298568725586,86.31547546386719,-7.54429817199707,-51.56871795654297,77.00218200683594,9.094320297241211,-26.658918380737305,76.52348327636719,0.1417742371559143,-42.88066101074219,82.98089599609375,,
1780510058.292815,22094.279997166,-6.960260391235352,-43.52971649169922,86.62384033203125,-7.324521541595459,-51.09646224975586,76.73873138427734,8.446170806884766,-25.811203002929688,75.85726928710938,-0.1643371284008026,-42.00634002685547,83.188232421875,,
1780510058.312845,22094.30006058,-7.279509544372559,-43.04928207397461,86.7704086303711,-6.891802787780762,-50.93499755859375,77.2821273803711,9.627108573913574,-26.405471801757812,75.50641632080078,-1.8499746322631836,-39.562744140625,82.48677062988281,,
1780510058.3329203,22094.320515663,-7.97503662109375,-43.07065963745117,86.58057403564453,-6.036883354187012,-49.960731506347656,78.59966278076172,10.95776653289795,-28.527555465698242,75.29192352294922,-3.618124485015869,-36.30784606933594,81.7802734375,,
1780510058.353039,22094.339657887,-8.841848373413086,-43.58391571044922,86.13262176513672,-4.936888694763184,-48.88762664794922,80.50666046142578,10.619943618774414,-30.888776779174805,75.48426055908203,-5.597709655761719,-32.986473083496094,81.00211334228516,,
1780510058.3729808,22094.359799033,-9.841604232788086,-44.81740951538086,85.84689331054688,-3.411860466003418,-47.63514709472656,83.3306655883789,9.372511863708496,-32.63623809814453,76.53518676757812,-8.007213592529297,-29.924427032470703,79.34197998046875,,
1780510058.3928647,22094.379802413,-10.098626136779785,-46.575347900390625,84.84943389892578,-1.8630698919296265,-45.670928955078125,86.54571533203125,8.003500938415527,-34.06550979614258,78.90380096435547,-10.535666465759277,-27.255809783935547,76.42741394042969,,
1780510058.4129543,22094.400449443,-8.911624908447266,-48.10758590698242,83.81463623046875,-0.9527794718742371,-43.77900314331055,88.3443832397461,6.493031024932861,-35.70513153076172,81.3669204711914,-11.098260879516602,-25.06907844543457,73.8531494140625,,
1780510058.4329088,22094.420287351,-7.083069324493408,-48.60491180419922,82.88838195800781,0.24617239832878113,-42.81474304199219,88.33806610107422,5.6371541023254395,-37.64689254760742,83.10633087158203,-9.694587707519531,-24.159330368041992,72.77111053466797,,
1780510058.4528973,22094.440493124,-5.813958168029785,-48.76774978637695,81.91465759277344,1.0929813385009766,-42.787208557128906,87.6950454711914,5.89764928817749,-38.29657745361328,83.70683288574219,-8.448041915893555,-25.07976722717285,72.00992584228516,,
1780510058.472972,22094.460236224,-5.174990177154541,-49.18279266357422,80.84062957763672,1.0324383974075317,-43.35364532470703,87.07237243652344,6.517868995666504,-37.12503433227539,83.6783447265625,-7.5948920249938965,-27.091869354248047,71.18350219726562,,
1780510058.4929764,22094.480312088,-5.122604846954346,-49.59803009033203,80.41525268554688,-0.0538194365799427,-44.81315231323242,86.26431274414062,7.069619178771973,-35.20381164550781,83.22437286376953,-6.398850917816162,-29.92015838623047,71.2855224609375,,
1780510058.512933,22094.500433286,-5.51585054397583,-49.58683395385742,80.88917541503906,-2.3219778537750244,-47.565574645996094,84.97657775878906,7.51359224319458,-32.535308837890625,82.31985473632812,-4.537754058837891,-33.40127182006836,73.27108001708984,,
1780510058.5329094,22094.519764994,-6.2761006355285645,-49.691890716552734,82.34761047363281,-5.762685298919678,-50.80427169799805,82.87290954589844,8.729082107543945,-29.249732971191406,80.88585662841797,-2.2749245166778564,-37.68819046020508,76.78092193603516,,
1780510058.5529327,22094.539919875,-7.558664798736572,-48.17777633666992,84.31840515136719,-7.855065822601318,-53.156272888183594,80.12881469726562,9.92099666595459,-27.01360511779785,78.80937194824219,-1.264626383781433,-41.13692092895508,79.59175872802734,,
1780510058.572908,22094.559919041,-7.643610000610352,-45.87958908081055,85.71122741699219,-8.11916732788086,-52.63070297241211,78.20291900634766,9.869160652160645,-27.06881332397461,76.92552185058594,-0.00649188132956624,-43.23708724975586,80.90410614013672,,
1780510058.5935378,22094.581095378,-6.399433135986328,-43.37128829956055,86.36566162109375,-7.864860534667969,-51.08475875854492,77.38909912109375,8.814228057861328,-26.857919692993164,75.74040985107422,1.036009430885315,-44.1627311706543,82.05526733398438,,
1780510058.6130574,22094.600443378,-5.913546562194824,-41.38002014160156,86.56501770019531,-7.23174524307251,-50.37712478637695,76.93677520751953,8.349894523620605,-26.88677406311035,75.19209289550781,0.6868894100189209,-43.62769317626953,82.45278930664062,,
1780510058.6335895,22094.621285876,-6.661484241485596,-40.391029357910156,86.54875183105469,-5.9445061683654785,-49.732940673828125,77.38208770751953,9.140931129455566,-28.395849227905273,74.83979034423828,-0.9629817605018616,-41.545074462890625,81.94196319580078,,
1780510058.6531036,22094.639936168,-7.9157843589782715,-40.04547882080078,86.17758178710938,-4.414600372314453,-48.21847915649414,78.90603637695312,9.685276985168457,-31.175722122192383,74.61375427246094,-3.146967649459839,-38.272464752197266,81.42032623291016,,
1780510058.6730132,22094.660025615,-9.834223747253418,-40.6705322265625,85.57279205322266,-2.071204423904419,-46.447364807128906,81.51114654541016,8.799725532531738,-34.02119827270508,75.21944427490234,-6.056087970733643,-34.23046875,80.35588073730469,,
1780510058.6931374,22094.680526991,-11.694330215454102,-42.274600982666016,84.18157196044922,0.956972599029541,-44.06774139404297,85.40982818603516,7.047188758850098,-36.159725189208984,77.66332244873047,-9.14289665222168,-30.47638511657715,77.70101928710938,,
1780510058.71299,22094.700857012,-11.033482551574707,-44.03078842163086,83.14981842041016,2.7294154167175293,-41.29526138305664,87.78467559814453,5.264561653137207,-37.93423080444336,80.61991882324219,-10.832596778869629,-27.838245391845703,74.81682586669922,,
1780510058.732995,22094.721572628,-9.305822372436523,-44.790985107421875,82.09413146972656,3.7924108505249023,-39.95750427246094,87.64055633544922,4.000658988952637,-39.708194732666016,82.84646606445312,-9.409414291381836,-26.412954330444336,73.5909194946289,,
1780510058.7529294,22094.739750167,-7.467646598815918,-45.459983825683594,81.0242919921875,4.3621978759765625,-40.31986618041992,86.95673370361328,4.614096164703369,-40.547786712646484,83.70781707763672,-7.69152307510376,-26.64301300048828,72.86204528808594,,
1780510058.7731543,22094.759709023,-6.072011470794678,-46.59904098510742,79.8957290649414,4.408428192138672,-41.34680938720703,86.1773681640625,5.994930744171143,-39.912109375,83.6533432006836,-6.644290924072266,-28.290170669555664,71.7181625366211,,
1780510058.7929423,22094.780029266,-5.67725944519043,-47.1327018737793,78.98497772216797,3.2544403076171875,-43.33392333984375,85.45323944091797,6.845029830932617,-37.95344543457031,83.44149780273438,-5.789459705352783,-30.95551300048828,71.33796691894531,,
1780510058.8129847,22094.80059164,-6.040585517883301,-46.96648025512695,79.14848327636719,0.8483259081840515,-46.554691314697266,84.3956527709961,7.229145526885986,-35.191070556640625,82.74373626708984,-4.307370185852051,-34.142696380615234,73.04546356201172,,
1780510058.8329868,22094.820421341,-6.649113178253174,-47.09348678588867,80.7806396484375,-2.8662526607513428,-50.27214431762695,82.43046569824219,7.778924465179443,-31.539575576782227,81.84819030761719,-2.1000723838806152,-38.30176544189453,76.52906799316406,,
1780510058.852965,22094.840222817,-7.919973373413086,-46.38886642456055,82.92697143554688,-5.913619518280029,-52.5449333190918,79.72746276855469,8.814992904663086,-28.627670288085938,80.33101654052734,-1.0464013814926147,-42.12004470825195,79.75736236572266,,
1780510058.872913,22094.859774382,-8.33980655670166,-44.583709716796875,84.535888671875,-6.503449440002441,-51.851341247558594,77.62033081054688,8.658711433410645,-28.75539207458496,78.36993408203125,0.08007019758224487,-44.486167907714844,81.28324127197266,,
1780510058.8929305,22094.879439191,-7.177140712738037,-42.43562316894531,85.4557876586914,-6.074103355407715,-49.86650466918945,76.63977813720703,7.585293769836426,-28.67936897277832,77.278076171875,1.3859907388687134,-45.639495849609375,82.36688232421875,,
1780510058.9129307,22094.899726303,-6.375436782836914,-40.523921966552734,85.71074676513672,-5.822633266448975,-49.25727462768555,76.41565704345703,6.924240589141846,-27.968446731567383,76.51200103759766,1.0132273435592651,-45.30614471435547,82.65159606933594,,
1780510058.9332635,22094.920422225,-6.93287467956543,-39.822532653808594,85.95785522460938,-5.0244269371032715,-49.095638275146484,76.81234741210938,8.076579093933105,-28.53012466430664,76.11637115478516,-0.7363306879997253,-43.060306549072266,82.1026611328125,,
1780510058.9529917,22094.940381442,-8.030926704406738,-39.58953857421875,85.48643493652344,-4.054018974304199,-47.907108306884766,78.04414367675781,9.262674331665039,-30.664779663085938,76.134521484375,-2.8769564628601074,-39.86147689819336,81.62792205810547,,
1780510058.972984,22094.95965422,-9.524965286254883,-40.169898986816406,84.99217224121094,-2.494044065475464,-46.69386672973633,79.97626495361328,9.251042366027832,-32.99482345581055,76.31389617919922,-5.333651065826416,-36.05024719238281,80.81546783447266,,
1780510058.9930284,22094.980131351,-11.206875801086426,-41.58838653564453,84.2962417602539,-0.24346497654914856,-45.49732971191406,82.94562530517578,7.93778133392334,-34.7427978515625,77.57101440429688,-8.037581443786621,-32.21674346923828,78.97166442871094,,
1780510059.0131478,22094.999549013,-11.23930549621582,-43.54269790649414,83.35564422607422,1.5112954378128052,-43.5068359375,86.04310607910156,6.782876968383789,-36.172142028808594,79.9101791381836,-10.446991920471191,-29.048017501831055,76.05426025390625,,
1780510059.0329516,22095.019623387,-9.53589916229248,-45.206241607666016,82.5934829711914,2.2274701595306396,-42.06539535522461,87.2501449584961,5.479094505310059,-37.78303527832031,82.0617446899414,-10.407001495361328,-26.71256446838379,73.92010498046875,,
1780510059.0529282,22095.039559869,-7.757428169250488,-46.012062072753906,81.66168212890625,2.6808090209960938,-41.961116790771484,87.14892578125,5.196776866912842,-38.94012451171875,83.39451599121094,-9.063007354736328,-26.018095016479492,72.99343872070312,,
1780510059.0734713,22095.060215047,-6.168868541717529,-46.813148498535156,80.80754089355469,2.7552077770233154,-42.70488739013672,86.54496765136719,5.898365020751953,-38.7503547668457,83.78646850585938,-8.049100875854492,-27.00352668762207,72.06299591064453,,
1780510059.093662,22095.080340379,-5.446898460388184,-47.55735778808594,79.85157012939453,1.9170855283737183,-44.1337776184082,85.8525619506836,6.693554401397705,-37.262718200683594,83.7136001586914,-6.834632873535156,-29.020362854003906,71.415771484375,,
1780510059.1133385,22095.100125628,-5.39558219909668,-47.70885467529297,80.03057861328125,-0.05000125244259834,-46.69801712036133,84.93870544433594,7.316220283508301,-34.76499557495117,83.0482406616211,-5.481667995452881,-31.990922927856445,72.6128158569336,,
1780510059.133648,22095.132271016,-6.031826972961426,-48.020530700683594,81.28936767578125,-3.3564207553863525,-50.10990905761719,83.26614379882812,8.008538246154785,-31.479839324951172,82.07554626464844,-3.257106065750122,-35.965545654296875,75.7604751586914,,
1780510059.1536434,22095.140298773,-7.352246284484863,-47.74519348144531,83.35151672363281,-6.569547176361084,-52.81916046142578,80.53569030761719,9.447685241699219,-28.036346435546875,80.47297668457031,-1.752213716506958,-39.89936065673828,79.13726806640625,,
1780510059.1734688,22095.16009604,-8.248467445373535,-45.95626449584961,85.02664184570312,-7.495611667633057,-53.0383415222168,78.09446716308594,9.38553524017334,-27.567764282226562,78.500244140625,-0.6467751860618591,-42.688270568847656,80.93567657470703,,
1780510059.1929443,22095.179423436,-7.196717739105225,-43.7103271484375,86.01467895507812,-7.476266384124756,-51.17987060546875,77.13278198242188,8.443578720092773,-27.499710083007812,76.96673583984375,0.7950496077537537,-44.29636001586914,82.03147888183594,,
1780510059.212857,22095.200263717,-6.20961332321167,-41.73341369628906,86.36891174316406,-7.137061595916748,-50.25547790527344,76.68436431884766,7.501499652862549,-26.83977508544922,76.22810363769531,0.9630792140960693,-44.44425964355469,82.71082305908203,,
1780510059.2327774,22095.219333262,-6.614559173583984,-40.911468505859375,86.51704406738281,-6.493133544921875,-50.187923431396484,76.97879028320312,8.202921867370605,-27.461849212646484,75.40528869628906,-0.5104687809944153,-42.85032272338867,82.15916442871094,,
1780510059.252901,22095.23953873,-7.496310234069824,-40.541812896728516,86.34181213378906,-5.280350208282471,-49.124969482421875,77.96673583984375,9.545004844665527,-29.479963302612305,75.26942443847656,-2.3436834812164307,-39.93206787109375,81.64419555664062,,
1780510059.2728963,22095.259798232,-8.783106803894043,-40.810081481933594,85.87136840820312,-3.7238519191741943,-47.678707122802734,79.87977600097656,9.6976957321167,-31.866371154785156,75.51585388183594,-4.683962821960449,-36.215980529785156,80.99346160888672,,
1780510059.2928112,22095.280018383,-10.573906898498535,-41.91408920288086,85.15315246582031,-1.3610444068908691,-46.17619705200195,82.96989440917969,8.32260799407959,-34.15333938598633,76.45159912109375,-7.354817867279053,-32.41888427734375,79.43315124511719,,
1780510059.312931,22095.29962173,-11.335624694824219,-43.849971771240234,83.90734100341797,0.8553622961044312,-43.87881851196289,86.46471405029297,6.912637710571289,-35.79570388793945,78.93306732177734,-10.165595054626465,-29.061569213867188,76.38591003417969,,
1780510059.3329751,22095.319739028,-9.924887657165527,-45.492454528808594,83.00173950195312,2.101267099380493,-41.70586013793945,87.98356628417969,5.230466365814209,-37.60206985473633,81.50086212158203,-10.607705116271973,-26.774484634399414,74.07293701171875,,
1780510059.352981,22095.339743899,-8.134414672851562,-46.17918014526367,82.0147705078125,2.9794838428497314,-41.10017776489258,87.67340850830078,4.680320739746094,-39.353240966796875,83.1447525024414,-9.013707160949707,-25.867328643798828,73.25086212158203,,
1780510059.3729322,22095.359808016,-6.612220287322998,-46.981510162353516,80.87902069091797,3.5092945098876953,-41.43354415893555,86.98136138916016,5.468497276306152,-39.71693420410156,83.65560913085938,-7.6384806632995605,-26.708614349365234,72.24424743652344,,
1780510059.3929741,22095.379760577,-5.6913299560546875,-47.753360748291016,79.74637603759766,3.2080018520355225,-42.54558563232422,86.21650695800781,6.478175163269043,-38.64159393310547,83.53659057617188,-6.533951282501221,-28.744470596313477,71.27136993408203,,
1780510059.4129143,22095.399692001,-5.588590145111084,-47.859893798828125,79.30728912353516,1.7643928527832031,-44.74372482299805,85.37515258789062,7.036065101623535,-36.47489929199219,83.15914154052734,-5.450414180755615,-31.820024490356445,71.73847198486328,,
1780510059.4328454,22095.420148257,-6.143290996551514,-47.79961395263672,79.7311019897461,-1.0139527320861816,-48.11031723022461,84.11658477783203,7.434381008148193,-33.4217414855957,82.32372283935547,-3.4518322944641113,-35.221099853515625,74.02035522460938,,
1780510059.453483,22095.440765863,-6.881673336029053,-47.75593566894531,81.84029388427734,-4.685647010803223,-51.39402389526367,81.569580078125,8.467283248901367,-29.787363052368164,81.01685333251953,-1.5183717012405396,-39.855712890625,77.64584350585938,,
1780510059.4732842,22095.460760868,-8.219132423400879,-46.292972564697266,83.72785949707031,-6.596546649932861,-52.747798919677734,78.97904205322266,9.073110580444336,-28.258832931518555,79.30614471435547,-0.6225184798240662,-42.99599075317383,80.32649230957031,,
1780510059.4933057,22095.479993656,-7.682009220123291,-43.9859733581543,85.14608001708984,-6.491453170776367,-51.14076232910156,77.28398132324219,8.549324035644531,-28.656585693359375,77.46237182617188,0.9171251654624939,-44.93198013305664,81.5708236694336,,
1780510059.5134559,22095.500195303,-6.3166680335998535,-41.68779754638672,85.6667709350586,-6.219804763793945,-49.51599884033203,76.62852478027344,7.463832855224609,-28.36942481994629,76.5633544921875,1.7417263984680176,-45.545265197753906,82.44834899902344,,
1780510059.5333123,22095.520194216,-6.061230659484863,-39.924072265625,85.86688995361328,-5.606252193450928,-49.25381088256836,76.52592468261719,7.176852226257324,-28.185256958007812,75.97039794921875,0.8275176882743835,-44.690185546875,82.45060729980469,,
1780510059.5534732,22095.53991373,-7.054765701293945,-39.28297424316406,85.75544738769531,-4.398540019989014,-48.595985412597656,77.15771484375,8.50895881652832,-29.84580421447754,75.89061737060547,-1.1424179077148438,-42.143611907958984,81.87953186035156,,
1780510059.57295,22095.559722874,-8.375227928161621,-39.22919845581055,85.18258666992188,-3.018252372741699,-47.0035514831543,78.78351593017578,9.128503799438477,-32.480133056640625,75.82623291015625,-3.3529093265533447,-38.560726165771484,81.3365478515625,,
1780510059.5928335,22095.579601109,-10.398896217346191,-40.16387176513672,84.34832000732422,-0.7450862526893616,-45.343109130859375,81.52362823486328,8.248327255249023,-35.118778228759766,76.59317779541016,-6.018465518951416,-34.288307189941406,80.0705337524414,,
1780510059.6129491,22095.600058843,-11.696436882019043,-41.93950271606445,83.28057861328125,1.9265944957733154,-43.2503547668457,85.16986846923828,6.759189128875732,-36.77573013305664,78.9100570678711,-9.017571449279785,-30.56645393371582,77.28273010253906,,
1780510059.6329458,22095.620155467,-10.59190845489502,-43.7929801940918,82.43575286865234,3.2167911529541016,-41.257930755615234,87.0444107055664,5.286224842071533,-38.39753723144531,81.38108825683594,-10.038433074951172,-27.724515914916992,74.72491455078125,,
1780510059.6529987,22095.641696692,-8.9739351272583,-44.67581558227539,81.39940643310547,3.8772528171539307,-40.46220779418945,86.98963165283203,4.553833961486816,-39.78948974609375,83.14878845214844,-8.761784553527832,-26.45634651184082,73.58185577392578,,
1780510059.6729484,22095.660238883,-7.265415668487549,-45.53635025024414,80.37361145019531,4.046055316925049,-41.141700744628906,86.46340942382812,5.1657209396362305,-40.14781951904297,83.79151153564453,-7.348204612731934,-26.75839614868164,72.70494842529297,,
1780510059.6928048,22095.679969419,-5.959821701049805,-46.57970428466797,79.26438903808594,3.58178973197937,-42.53596496582031,85.7420883178711,6.216538906097412,-39.27801513671875,83.78485107421875,-6.190009117126465,-28.365808486938477,71.74237823486328,,
1780510059.712775,22095.699593525,-5.687084197998047,-47.01897048950195,78.69249725341797,1.9086421728134155,-44.8936882019043,85.04380798339844,6.86849308013916,-37.019649505615234,83.50418853759766,-4.976937770843506,-31.108503341674805,72.02233123779297,,
1780510059.7328596,22095.719421162,-6.0954718589782715,-47.14623260498047,79.44905090332031,-1.1397134065628052,-48.33949279785156,83.78712463378906,7.228671073913574,-33.84054183959961,82.69172668457031,-3.0115253925323486,-34.71282196044922,74.38800811767578,,
1780510059.7527966,22095.739512373,-6.982868671417236,-47.32260513305664,81.57279205322266,-4.875784873962402,-51.592227935791016,81.54119873046875,8.437204360961914,-30.16518783569336,81.45332336425781,-1.2954661846160889,-39.206974029541016,78.1335220336914,,
1780510059.7731936,22095.760302776,-8.483901023864746,-46.41239929199219,83.85851287841797,-5.955448627471924,-53.52720260620117,78.68186950683594,8.912895202636719,-27.953454971313477,79.8283920288086,-0.665813148021698,-42.28186798095703,80.86132049560547,,
1780510059.7929296,22095.780291238,-8.342449188232422,-44.733463287353516,85.13937377929688,-5.8913655281066895,-52.37019348144531,76.96112060546875,8.480900764465332,-28.0958309173584,78.12411499023438,0.5782605409622192,-44.01540756225586,82.04600524902344,,
1780510059.8127737,22095.799876679,-7.092084884643555,-42.68754577636719,85.6569595336914,-5.6630330085754395,-50.991355895996094,76.3995361328125,7.435070514678955,-27.18423080444336,77.10870361328125,1.330461859703064,-44.54555130004883,82.96442413330078,,
1780510059.8329158,22095.820169074,-6.936644554138184,-41.49203872680664,85.85835266113281,-5.052258014678955,-50.910945892333984,76.30503845214844,7.571232318878174,-26.7296085357666,76.35063171386719,0.4947943687438965,-43.493961334228516,82.85023498535156,,
1780510059.8527827,22095.839334593,-7.622938632965088,-41.15340042114258,85.79901885986328,-4.0900726318359375,-50.82036209106445,76.79573059082031,9.137496948242188,-27.61699867248535,75.90696716308594,-1.2555915117263794,-41.04871368408203,82.18048858642578,,
1780510059.8727741,22095.859437487,-8.397466659545898,-41.0900993347168,85.36298370361328,-3.046347141265869,-50.001258850097656,77.87744903564453,10.207791328430176,-29.358476638793945,75.90807342529297,-3.101121664047241,-38.169036865234375,81.66472625732422,,
1780510059.8926558,22095.879490154,-9.189953804016113,-41.66196823120117,85.04962158203125,-2.163336992263794,-49.133644104003906,79.5171127319336,10.235993385314941,-31.173295974731445,75.86837005615234,-5.101078987121582,-35.033729553222656,80.9281234741211,,
1780510059.9127655,22095.89978102,-9.990188598632812,-42.800838470458984,84.7232894897461,-1.2712326049804688,-48.184696197509766,81.64717864990234,9.560994148254395,-32.60402297973633,76.35588073730469,-7.1676926612854,-32.29969024658203,79.7162857055664,,
1780510059.9325664,22095.919658141,-10.321553230285645,-44.57067108154297,83.97837829589844,-0.3954964578151703,-46.853515625,84.5073013305664,8.959050178527832,-33.56410217285156,77.96611785888672,-9.193877220153809,-29.882715225219727,77.58385467529297,,
1780510059.9528654,22095.940147451,-9.645462036132812,-46.446529388427734,82.85693359375,0.036805007606744766,-45.524375915527344,86.68315887451172,8.341385841369629,-34.364017486572266,80.0635757446289,-10.573113441467285,-27.895748138427734,75.31208801269531,,
1780510059.9727778,22095.960093658,-8.134435653686523,-47.827728271484375,81.81648254394531,0.4240783452987671,-44.61085891723633,87.30280303955078,7.662422180175781,-35.3177375793457,81.93226623535156,-10.222529411315918,-26.576452255249023,73.8185043334961,,
1780510059.9929407,22095.979894339,-6.67102575302124,-48.563411712646484,81.01630401611328,0.7475742101669312,-44.63377380371094,87.02696228027344,7.7523417472839355,-36.02094650268555,82.8759994506836,-9.065763473510742,-26.482452392578125,73.12914276123047,,
1780510060.0127866,22095.999613456,-5.90544319152832,-49.11283493041992,80.35490417480469,0.19767378270626068,-45.559913635253906,86.54397583007812,8.249553680419922,-35.079524993896484,82.9541244506836,-8.100606918334961,-27.874530792236328,72.73954010009766,,
1780510060.0328522,22096.01977582,-5.542789459228516,-49.88252639770508,80.61327362060547,-1.817080020904541,-47.49042892456055,85.53418731689453,8.764725685119629,-32.85469055175781,82.37908935546875,-6.565878868103027,-30.23964500427246,73.32105255126953,,
1780510060.0530596,22096.040156207,-5.910068511962891,-50.456790924072266,81.96717071533203,-5.562811851501465,-50.63373947143555,83.81468963623047,9.191776275634766,-29.835494995117188,81.25630187988281,-4.158191204071045,-33.87974548339844,76.46554565429688,,
1780510060.072925,22096.059988158,-7.284755229949951,-49.91026306152344,83.91036224365234,-8.440390586853027,-53.21583557128906,81.3033676147461,10.879449844360352,-26.795015335083008,79.6767349243164,-2.6257944107055664,-37.64749526977539,79.63922119140625,,
1780510060.0929475,22096.07968695,-8.028402328491211,-48.409202575683594,85.45906829833984,-9.368566513061523,-53.46031951904297,79.17288208007812,11.246051788330078,-26.071712493896484,77.45305633544922,-1.3846445083618164,-39.993141174316406,81.01273345947266,,
1780510060.1128879,22096.099802794,-7.078195571899414,-46.33549499511719,86.48810577392578,-9.314021110534668,-52.16432189941406,78.05855560302734,10.464703559875488,-26.0531005859375,75.994873046875,-0.08185213059186935,-41.18796920776367,81.85482788085938,,
1780510060.1328762,22096.120180624,-6.119152545928955,-44.535072326660156,86.8925552368164,-9.072017669677734,-51.42431640625,77.67903900146484,9.699652671813965,-25.620784759521484,75.27275085449219,0.09662065654993057,-40.80909729003906,82.40845489501953,,
1780510060.1530335,22096.140306579,-6.178597450256348,-43.49583053588867,87.35057830810547,-8.582448959350586,-51.60755920410156,77.41494750976562,9.989791870117188,-26.996673583984375,74.0079116821289,-1.1703369617462158,-38.86017990112305,81.97695922851562,,
1780510060.1731246,22096.160299604,-6.822676181793213,-43.378719329833984,87.67011260986328,-7.740966796875,-51.420536041259766,77.61477661132812,10.740002632141113,-30.548931121826172,72.26170349121094,-2.7685670852661133,-35.390830993652344,81.25435638427734,,
1780510060.1935558,22096.180497096,-7.732402324676514,-44.1262092590332,87.71089172363281,-6.046879291534424,-50.10580062866211,79.0307846069336,10.314779281616211,-34.10399627685547,71.15633392333984,-4.928599834442139,-31.46061134338379,80.4879379272461,,
1780510060.2135193,22096.20018854,-9.312204360961914,-46.19910430908203,87.38753509521484,-3.4670193195343018,-48.361724853515625,81.80147552490234,8.177457809448242,-36.722862243652344,70.97759246826172,-7.903005123138428,-28.354944229125977,78.54901123046875,,
1780510060.233567,22096.220481482,-10.311485290527344,-50.57688903808594,85.7196273803711,-0.5876238942146301,-44.802059173583984,85.80208587646484,5.529731750488281,-37.88451385498047,73.37518310546875,-11.339649200439453,-26.248746871948242,73.52925872802734,,
1780510060.253017,22096.242329107,-8.23282241821289,-56.473167419433594,83.66758728027344,1.3289964199066162,-40.142879486083984,88.6214828491211,2.405386447906494,-37.5442008972168,77.82587432861328,-12.299816131591797,-26.19521141052246,67.78929138183594,,
1780510060.272956,22096.25984577,-5.9020676612854,-58.72087860107422,81.64582061767578,3.8956291675567627,-36.7452392578125,88.3427505493164,0.8322425484657288,-37.58285903930664,80.55810546875,-10.19733715057373,-28.258378982543945,66.01881408691406,,
1780510060.2929318,22096.279669642,-4.277957439422607,-57.89826583862305,78.92314147949219,6.2145676612854,-35.556732177734375,87.3304214477539,1.8231565952301025,-37.078495025634766,80.75006103515625,-7.637711524963379,-31.628385543823242,65.743408203125,,
1780510060.3130016,22096.299986455,-4.262121677398682,-59.100711822509766,75.91211700439453,8.097113609313965,-35.15827178955078,86.87684631347656,3.044992685317993,-35.477962493896484,80.740966796875,-5.336618900299072,-35.06681823730469,62.721397399902344,,
1780510060.332882,22096.32001386,-5.252100944519043,-59.69171905517578,73.62085723876953,8.609209060668945,-35.97441101074219,87.1509017944336,2.4714910984039307,-33.95936584472656,81.02947235107422,-3.7810518741607666,-39.03998565673828,60.1893196105957,,
1780510060.3535209,22096.340197723,-6.936646938323975,-57.86298370361328,71.94316864013672,8.24617862701416,-38.26778030395508,86.89915466308594,2.3222484588623047,-32.40168762207031,80.20893096923828,-2.5474846363067627,-43.04705047607422,60.09672164916992,,
1780510060.3734765,22096.360166671,-8.343263626098633,-56.43995666503906,71.325927734375,6.546871185302734,-41.57903289794922,85.50712585449219,2.288062572479248,-30.546401977539062,79.1610107421875,-0.32240745425224304,-46.541934967041016,60.90143585205078,,
1780510060.3935113,22096.381214451,-9.087604522705078,-55.48677444458008,73.71736145019531,2.628558397293091,-46.27581787109375,82.25953674316406,3.4855549335479736,-30.458938598632812,76.81526947021484,2.821927547454834,-51.90241622924805,65.81039428710938,,
1780510060.4136622,22096.400452055,-11.049068450927734,-50.39718246459961,78.13043975830078,0.7444570064544678,-52.52556228637695,76.72898864746094,6.404445171356201,-35.488685607910156,71.06399536132812,3.4877586364746094,-54.135345458984375,71.92528533935547,,
1780510060.4336834,22096.420788132,-9.315829277038574,-42.47809600830078,82.72490692138672,0.9849405884742737,-55.15326690673828,69.95970153808594,6.742313385009766,-41.95410919189453,64.42565155029297,5.9313063621521,-51.6917724609375,77.2503433227539,,
1780510060.4534335,22096.441361612,-4.3601579666137695,-34.932918548583984,84.8345718383789,2.6853137016296387,-52.01639938354492,66.96180725097656,4.495546340942383,-43.6660041809082,62.046504974365234,8.576470375061035,-49.2282600402832,82.21443939208984,,
1780510060.4730403,22096.461691236,-0.531770646572113,-30.47100257873535,85.15335845947266,4.769011497497559,-48.4764404296875,66.88525390625,2.972688674926758,-42.45795440673828,63.22990036010742,8.5424222946167,-46.347171783447266,84.8052749633789,,
1780510060.4931633,22096.480525422,-2.250321626663208,-29.24493408203125,86.64215850830078,8.788824081420898,-48.54277801513672,64.8414077758789,1.697426676750183,-48.49535369873047,59.19127655029297,4.608098030090332,-39.05927276611328,85.6503677368164,,
1780510060.5129445,22096.500084036,-9.387356758117676,-34.656517028808594,85.41059112548828,15.560842514038086,-46.027923583984375,69.4352798461914,-1.391720175743103,-54.13502883911133,57.56299591064453,-0.32238438725471497,-30.29191780090332,83.35604095458984,,
1780510060.532813,22096.519595564,-12.56956958770752,-43.32266616821289,82.2336196899414,18.751432418823242,-36.92933654785156,78.40441131591797,-3.985097885131836,-51.49419021606445,62.43207550048828,-6.230801582336426,-28.96723747253418,77.66062927246094,,
1780510060.5529053,22096.539606236,-11.100461959838867,-53.96940231323242,79.29835510253906,17.196285247802734,-30.284582138061523,84.40054321289062,-7.940256118774414,-44.0061149597168,68.93637084960938,-11.704587936401367,-33.071136474609375,69.23121643066406,,
1780510060.5729375,22096.559348945,-4.991993427276611,-59.13117218017578,74.18433380126953,15.45700454711914,-25.862821578979492,85.07096862792969,-9.714836120605469,-37.342830657958984,75.1921615600586,-8.675861358642578,-36.53147506713867,63.2763671875,,
1780510060.5928621,22096.579941342,0.17423151433467865,-57.604286193847656,70.30384063720703,14.24294662475586,-26.66155433654785,84.8726806640625,-6.531564712524414,-34.233028411865234,76.39550018310547,-3.159954309463501,-39.87888717651367,63.45743942260742,,
1780510060.612854,22096.600042307,1.4880162477493286,-55.55272674560547,66.29668426513672,13.930704116821289,-29.06358528137207,83.78427124023438,-2.3648576736450195,-33.64228820800781,76.33941650390625,0.4363009035587311,-42.38512420654297,63.20759963989258,,
1780510060.632784,22096.619864056,-3.350804090499878,-57.04771423339844,64.26210021972656,13.85446548461914,-32.92387390136719,84.89122009277344,-0.8310620188713074,-32.5701904296875,75.58748626708984,0.7274340987205505,-46.664188385009766,58.742557525634766,,
1780510060.6529312,22096.63966094,-7.568663120269775,-56.42377471923828,63.886348724365234,12.177108764648438,-36.868289947509766,85.45103454589844,-1.1931917667388916,-32.39560317993164,75.62651062011719,2.3351290225982666,-51.68166732788086,59.360103607177734,,
1780510060.672866,22096.65977319,-9.569894790649414,-54.639835357666016,66.84906768798828,8.838201522827148,-42.8990478515625,81.75984191894531,1.365202784538269,-34.39426040649414,72.61031341552734,4.903656482696533,-56.23923873901367,64.59728240966797,,
1780510060.6931374,22096.680425043,-10.93528938293457,-51.412696838378906,72.07763671875,5.8783674240112305,-51.39987564086914,75.19146728515625,3.2138702869415283,-41.032676696777344,65.13182830810547,6.651036739349365,-57.42753601074219,70.41641235351562,,
1780510060.7127624,22096.699429856,-8.506239891052246,-41.939151763916016,79.98736572265625,4.146790027618408,-56.71781539916992,67.74482727050781,2.3407697677612305,-48.510807037353516,56.623565673828125,9.50359058380127,-54.40198516845703,78.12223815917969,,
1780510060.732793,22096.719621328,-3.45418643951416,-34.108741760253906,83.55496978759766,5.193878650665283,-53.37151336669922,64.48033142089844,0.33099353313446045,-48.33946228027344,55.726436614990234,11.910649299621582,-50.55123519897461,84.07250213623047,,
1780510060.7529097,22096.739913219,1.4900367259979248,-29.766338348388672,83.72510528564453,7.2093892097473145,-48.056610107421875,65.46038818359375,-0.5829808712005615,-44.57958984375,60.93523025512695,11.61823844909668,-47.19712448120117,86.78328704833984,,
1780510060.7728949,22096.75973409,0.1991066336631775,-28.834959030151367,85.84054565429688,10.645861625671387,-48.691123962402344,63.90727615356445,-1.7309399843215942,-51.10346221923828,56.19944381713867,7.801064491271973,-40.0163459777832,87.71397399902344,,
1780510060.7928746,22096.779860928,-9.188311576843262,-35.84821701049805,84.04045867919922,17.56493377685547,-47.030052185058594,69.4407730102539,-4.854333400726318,-56.60578918457031,54.212791442871094,2.3692359924316406,-31.03340721130371,84.81816864013672,,
1780510060.8128006,22096.800034927,-12.891915321350098,-44.4951286315918,81.28181457519531,20.349916458129883,-37.23915100097656,79.00696563720703,-6.486098289489746,-52.523929595947266,59.94499969482422,-4.654177188873291,-30.600820541381836,78.36389923095703,,
1780510060.8328733,22096.820067965,-12.10522747039795,-54.962886810302734,77.56690216064453,18.12359619140625,-30.146282196044922,85.34571075439453,-8.465093612670898,-44.03624725341797,66.88059997558594,-10.536157608032227,-35.072662353515625,69.64408874511719,,
1780510060.8528914,22096.84018185,-6.315248966217041,-59.47039794921875,72.48312377929688,16.29143524169922,-25.097381591796875,86.29428100585938,-9.125680923461914,-36.701263427734375,73.47831726074219,-7.940160751342773,-38.21961212158203,63.7052001953125,,
1780510060.8729007,22096.85957262,-1.1446683406829834,-57.26416015625,68.99685668945312,15.28173542022705,-25.76873207092285,85.45951080322266,-6.021003723144531,-34.20345687866211,75.27305603027344,-2.5995211601257324,-40.69422912597656,63.964420318603516,,
1780510060.892883,22096.879857591,0.44968748092651367,-56.15644836425781,65.94241333007812,15.090208053588867,-28.057405471801758,84.09889221191406,-2.2400968074798584,-33.27524948120117,75.32411193847656,0.2907083332538605,-43.08627700805664,62.34600067138672,,
1780510060.9129012,22096.900213522,-4.303920745849609,-58.018104553222656,63.9180908203125,15.080769538879395,-31.84877586364746,85.25065612792969,-0.521185040473938,-32.02360534667969,74.61920166015625,0.1398773044347763,-47.224327087402344,57.83527374267578,,
1780510060.9328032,22096.919741977,-8.536136627197266,-56.9693489074707,63.77204132080078,13.212241172790527,-36.38010025024414,85.96646881103516,-0.30454787611961365,-31.746728897094727,74.66727447509766,1.3604587316513062,-52.234840393066406,58.408714294433594,,
1780510060.952979,22096.939811487,-10.417152404785156,-54.90406799316406,66.94437408447266,9.302093505859375,-42.962764739990234,82.16865539550781,1.8717479705810547,-33.58539962768555,71.99320983886719,4.191160202026367,-56.66878890991211,63.37965774536133,,
1780510060.9728367,22096.959906022,-11.47864818572998,-51.34202194213867,72.23954010009766,5.75681209564209,-52.12199401855469,75.30899810791016,3.474882125854492,-40.488834381103516,64.82552337646484,6.342746734619141,-57.89967727661133,69.88099670410156,,
1780510060.9928958,22096.979830504,-8.987232208251953,-41.72734451293945,80.0531234741211,3.6294946670532227,-57.40978240966797,67.7048568725586,2.386535882949829,-48.42906188964844,56.394744873046875,9.326996803283691,-54.751163482666016,78.20793914794922,,
1780510061.0129664,22096.999680199,-3.806147575378418,-33.872344970703125,83.34599304199219,4.966638088226318,-53.479251861572266,64.47949981689453,0.22464033961296082,-48.361324310302734,55.833656311035156,11.80077838897705,-50.86033630371094,84.45738983154297,,
1780510061.0331564,22097.020038869,1.4061890840530396,-29.91146469116211,83.41606903076172,6.989332675933838,-47.765113830566406,66.13825988769531,0.08717936277389526,-44.66468048095703,61.13588333129883,12.120265007019043,-47.58438491821289,86.77803802490234,,
1780510061.0531,22097.039936947,0.11426671594381332,-28.89716911315918,85.87821960449219,10.875276565551758,-48.61876678466797,64.11907196044922,-1.1365549564361572,-51.46558380126953,55.731143951416016,8.262083053588867,-40.209083557128906,87.54812622070312,,
1780510061.0728776,22097.060205492,-9.7191743850708,-36.13068771362305,84.02800750732422,18.27438735961914,-47.527381896972656,69.88729858398438,-5.121790885925293,-56.76826477050781,53.66579818725586,2.390063762664795,-30.827808380126953,84.5749740600586,,
1780510061.0928214,22097.079673823,-12.95596694946289,-44.853939056396484,81.49507141113281,20.53779411315918,-37.01808547973633,79.66153717041016,-6.51087760925293,-52.23514175415039,59.96902084350586,-4.9076128005981445,-30.629976272583008,78.323974609375,,
1780510061.1129532,22097.099644813,-11.769583702087402,-54.86024856567383,77.86409759521484,18.401845932006836,-30.106098175048828,85.43670654296875,-9.074413299560547,-43.80598449707031,66.70176696777344,-11.18640422821045,-34.909053802490234,69.9074478149414,,
1780510061.1328423,22097.119587778,-5.811001300811768,-58.830142974853516,72.1965560913086,16.52490997314453,-24.712373733520508,86.32205200195312,-9.8255615234375,-36.5507926940918,73.39991760253906,-8.338176727294922,-38.21247100830078,64.15028381347656,,
1780510061.1527936,22097.140277669,-0.4160967171192169,-57.12864303588867,68.93391418457031,15.331327438354492,-25.374618530273438,85.39791870117188,-6.475100517272949,-34.073509216308594,75.341796875,-2.722459077835083,-40.877601623535156,64.1009750366211,,
1780510061.1728017,22097.159983017,1.1201391220092773,-55.848724365234375,65.7303695678711,14.880997657775879,-27.832599639892578,83.93952941894531,-2.576310157775879,-33.39030838012695,75.56045532226562,0.6352722644805908,-43.298789978027344,62.93452072143555,,
1780510061.1930585,22097.180053188,-3.790900230407715,-57.571781158447266,63.43776321411133,14.818242073059082,-31.754024505615234,85.35546875,-0.6092542409896851,-32.29117202758789,75.00177764892578,0.5374290347099304,-47.4468879699707,58.777889251708984,,
1780510061.2130244,22097.199857766,-7.763633728027344,-56.552223205566406,63.16911315917969,13.098943710327148,-36.08101272583008,85.75669860839844,-0.460239052772522,-32.28516387939453,74.8880844116211,1.84342622756958,-52.1464729309082,59.91210174560547,,
1780510061.2330081,22097.220194516,-9.82573413848877,-54.337554931640625,66.64935302734375,9.165281295776367,-43.03569030761719,81.44794464111328,1.7422926425933838,-34.75733184814453,71.60344696044922,4.884245872497559,-56.747352600097656,65.3021469116211,,
1780510061.2529697,22097.240129426,-10.951526641845703,-50.39076232910156,72.43692016601562,5.937254905700684,-52.190025329589844,74.478271484375,3.096369743347168,-42.171470642089844,63.832637786865234,6.7689666748046875,-57.58757400512695,71.48243713378906,,
1780510061.2734227,22097.260656161,-7.99032735824585,-40.730690002441406,80.56055450439453,4.402447700500488,-56.67078399658203,66.95963287353516,1.9680509567260742,-49.64421081542969,55.26725387573242,10.312104225158691,-54.26146697998047,79.24400329589844,,
1780510061.2935052,22097.281227063,-2.891308546066284,-33.345252990722656,83.25566101074219,5.721179962158203,-52.43478012084961,64.60814666748047,0.08311966806650162,-48.27683639526367,55.981544494628906,12.28458023071289,-50.531829833984375,84.83450317382812,,
1780510061.3134038,22097.300571862,1.7574224472045898,-29.709224700927734,83.56461334228516,8.031352996826172,-47.452980041503906,65.80973815917969,-0.7021692991256714,-44.35239791870117,61.9429817199707,11.826106071472168,-47.3925895690918,86.90143585205078,,
1780510061.3332984,22097.320201683,-0.2735595405101776,-29.28234100341797,86.03237915039062,11.435474395751953,-49.066650390625,63.966796875,-2.1032721996307373,-52.34291458129883,55.48606872558594,7.563177585601807,-39.52357482910156,87.9004135131836,,
1780510061.3537273,22097.34059213,-10.225723266601562,-36.92505645751953,83.22541809082031,18.526147842407227,-46.73125457763672,70.44506072998047,-5.197850227355957,-56.73639678955078,54.11797332763672,2.181196689605713,-30.735788345336914,84.02201843261719,,
1780510061.3735635,22097.360330404,-12.850635528564453,-45.44748306274414,81.435791015625,20.592105865478516,-36.53775405883789,79.74127960205078,-6.474826335906982,-52.031795501708984,60.48481369018555,-4.845090389251709,-31.195632934570312,77.91947937011719,,
1780510061.393541,22097.38212163,-11.511245727539062,-55.524200439453125,77.12605285644531,17.88193130493164,-29.79474639892578,85.53252410888672,-8.526286125183105,-43.57335662841797,67.75668334960938,-10.230058670043945,-35.41289520263672,69.13446044921875,,
1780510061.4128284,22097.399586607,-5.557348728179932,-59.21966552734375,71.91133880615234,16.36773681640625,-24.785306930541992,86.40257263183594,-9.147388458251953,-36.17509460449219,73.73997497558594,-7.246150970458984,-38.65816116333008,63.70306396484375,,
1780510061.4329948,22097.420418462,-0.4639439582824707,-56.80730438232422,68.57283782958984,15.164182662963867,-25.597806930541992,85.25349426269531,-6.06491756439209,-34.18108367919922,75.41529846191406,-1.8218748569488525,-40.78465270996094,64.3462905883789,,
1780510061.4531267,22097.440683007,0.7010433673858643,-55.61878967285156,65.49419403076172,14.949569702148438,-28.28255271911621,83.98204803466797,-2.5230398178100586,-33.4190673828125,75.39552307128906,0.5511990189552307,-43.57685470581055,62.6174201965332,,
1780510061.4731758,22097.46035558,-4.644602298736572,-57.852630615234375,63.54656219482422,14.990646362304688,-31.99099349975586,85.3598403930664,-0.7604404091835022,-32.12091064453125,74.58404541015625,0.42823120951652527,-47.92094421386719,57.91929626464844,,
1780510061.4931512,22097.480814074,-8.518975257873535,-56.551597595214844,63.658626556396484,13.093628883361816,-36.499454498291016,85.64395141601562,-0.5205010771751404,-32.054344177246094,74.55303955078125,1.879973292350769,-52.9182014465332,59.273624420166016,,
1780510061.5129626,22097.500210497,-10.444438934326172,-54.361061096191406,67.0847396850586,9.085002899169922,-43.4027099609375,81.53353118896484,1.9649242162704468,-34.31992721557617,71.3176040649414,4.722429275512695,-57.205684661865234,64.54890441894531,,
1780510061.532961,22097.519502086,-11.352689743041992,-50.32378005981445,72.7813949584961,5.787692546844482,-52.7391471862793,74.33679962158203,3.2776527404785156,-41.62614440917969,63.667755126953125,6.598514080047607,-57.856597900390625,70.88719940185547,,
1780510061.5530035,22097.539653597,-8.301426887512207,-40.390464782714844,80.7470932006836,3.948960542678833,-57.10809326171875,66.87975311279297,1.8962916135787964,-49.18302917480469,55.64884948730469,9.871978759765625,-54.467002868652344,79.11805725097656,,
1780510061.5729795,22097.559984951,-3.1246137619018555,-33.15704345703125,83.17106628417969,5.337986469268799,-52.57954788208008,64.60780334472656,-0.12379888445138931,-47.739356994628906,56.65538024902344,11.857484817504883,-50.72132110595703,85.00619506835938,,
1780510061.5929978,22097.580394494,1.719079613685608,-29.418617248535156,83.56670379638672,7.691634654998779,-47.616172790527344,65.46797180175781,-1.1244279146194458,-44.00497055053711,62.05182647705078,11.55229377746582,-47.489986419677734,87.14483642578125,,
1780510061.6130557,22097.600343487,-0.3610277473926544,-29.027809143066406,85.97949981689453,10.96422004699707,-49.35812759399414,63.600582122802734,-2.293682336807251,-52.10102081298828,55.48851013183594,7.496142864227295,-39.49740982055664,88.07579040527344,,
1780510061.6329665,22097.619520264,-10.048239707946777,-36.536251068115234,83.58661651611328,18.44832420349121,-47.083736419677734,70.02552032470703,-5.216076374053955,-56.74357223510742,54.10027313232422,2.1698477268218994,-30.617156982421875,84.18087005615234,,
1780510061.6529741,22097.639681807,-12.658035278320312,-44.947959899902344,81.91273498535156,20.54940414428711,-36.88729476928711,79.51356506347656,-6.420522212982178,-52.15995407104492,60.30779266357422,-5.027459144592285,-30.874034881591797,78.31790924072266,,
1780510061.6728299,22097.660022282,-11.419730186462402,-54.615638732910156,77.8332290649414,18.454246520996094,-30.119274139404297,85.14681243896484,-9.292741775512695,-43.79946517944336,67.1766357421875,-11.3168363571167,-35.28853988647461,69.51602935791016,,
1780510061.692765,22097.679716034,-5.570478916168213,-58.71163558959961,72.18692016601562,16.71839141845703,-24.5889949798584,86.32284545898438,-9.831488609313965,-36.101932525634766,73.53071594238281,-8.153450965881348,-38.770450592041016,63.566162109375,,
1780510061.7127638,22097.700502293,-0.07415568083524704,-57.081298828125,69.05268096923828,15.389963150024414,-25.441326141357422,85.35498809814453,-6.411381721496582,-33.87261962890625,75.4136734008789,-2.8162331581115723,-41.1567497253418,63.699363708496094,,
1780510061.7328086,22097.720281425,1.1916234493255615,-55.61260223388672,65.78889465332031,14.914290428161621,-28.13671875,83.93106079101562,-2.485708236694336,-33.30494689941406,75.5931167602539,0.5199506878852844,-43.67029571533203,62.76455307006836,,
1780510061.752777,22097.739658087,-4.03317403793335,-57.577484130859375,63.790157318115234,14.900230407714844,-31.997310638427734,85.37720489501953,-0.31906193494796753,-32.05766677856445,74.93666076660156,0.37613388895988464,-47.75241470336914,58.38262939453125,,
1780510061.7729592,22097.760086336,-7.773454666137695,-56.47945022583008,63.664939880371094,13.082737922668457,-36.43010711669922,85.51644897460938,-0.36885806918144226,-32.11913299560547,74.71480560302734,1.7461211681365967,-52.36269760131836,59.896305084228516,,
1780510061.792831,22097.779970084,-9.744138717651367,-54.278358459472656,67.31890106201172,9.1058931350708,-43.62241744995117,81.11354064941406,1.9771122932434082,-34.72980499267578,71.21189880371094,4.736237525939941,-56.857967376708984,65.48068237304688,,
1780510061.812919,22097.800193633,-10.777802467346191,-50.11110305786133,73.30413818359375,5.978495121002197,-53.033103942871094,73.85413360595703,3.2234766483306885,-42.302268981933594,63.321624755859375,6.672342777252197,-57.33869934082031,71.77894592285156,,
1780510061.8329422,22097.820411841,-7.729715824127197,-40.16352081298828,81.1940689086914,4.526568412780762,-56.996307373046875,66.39448547363281,1.877165675163269,-49.64027404785156,55.04072952270508,10.299156188964844,-53.87845993041992,79.52641296386719,,
1780510061.8529172,22097.840398543,-2.646712303161621,-33.12653732299805,83.3656234741211,5.918748378753662,-52.20832824707031,64.54755401611328,0.18703821301460266,-47.739356994628906,56.398441314697266,12.194849014282227,-50.26396179199219,85.00360870361328,,
1780510061.8728886,22097.859537112,1.9207258224487305,-29.423673629760742,83.84230041503906,8.191667556762695,-47.42843246459961,65.63056182861328,-0.6137404441833496,-44.43442916870117,61.63584899902344,11.540815353393555,-46.97513961791992,86.89227294921875,,
1780510061.8929436,22097.879773936,-1.1459470987319946,-29.86153221130371,86.3497543334961,12.147174835205078,-49.25843811035156,64.08865356445312,-2.041598320007324,-53.21445846557617,54.541439056396484,6.771084308624268,-38.48944091796875,87.79888153076172,,
1780510061.9128659,22097.899759411,-10.683489799499512,-37.65520095825195,83.0453872680664,19.05232810974121,-46.12504577636719,71.38365173339844,-5.45868444442749,-56.5106201171875,54.428924560546875,1.2753337621688843,-30.082948684692383,83.5127182006836,,
1780510061.9328566,22097.919545755,-12.564725875854492,-46.454524993896484,81.69461822509766,20.374004364013672,-35.71580123901367,80.60552215576172,-6.657176494598389,-51.22148513793945,61.10195541381836,-5.938214302062988,-31.40491485595703,77.31233978271484,,
1780510061.9528954,22097.939437473,-10.753813743591309,-56.16777038574219,76.85884094238281,17.48418426513672,-29.22777557373047,85.75221252441406,-9.069406509399414,-42.528865814208984,68.60565948486328,-10.709115982055664,-35.697959899902344,68.23908233642578,,
1780510061.9728532,22097.959521465,-4.554441928863525,-59.01750946044922,71.75298309326172,16.168861389160156,-24.701580047607422,86.49613189697266,-9.144571304321289,-35.28355407714844,74.09246063232422,-6.985297679901123,-39.05851364135742,63.55954360961914,,
1780510061.9928854,22097.979742892,0.36755338311195374,-56.59879684448242,68.49462127685547,14.95881462097168,-26.10659408569336,85.17584991455078,-5.565868854522705,-33.8843994140625,75.6265640258789,-1.6981711387634277,-41.13505935668945,64.16717529296875,,
1780510062.0130277,22097.99972364,0.725792646408081,-55.79428482055664,65.35102844238281,14.830513954162598,-28.93761444091797,84.11405181884766,-2.2405357360839844,-33.09226989746094,75.43763732910156,0.46094945073127747,-44.21031951904297,62.08281326293945,,
1780510062.0331314,22098.019692771,-5.175251007080078,-57.7518310546875,63.62217330932617,14.672968864440918,-32.77605438232422,85.678955078125,-0.5499278903007507,-31.954883575439453,74.7833023071289,0.3750957250595093,-48.54875564575195,57.74088668823242,,
1780510062.0528896,22098.039838119,-8.588897705078125,-56.17710876464844,64.25019073486328,12.693476676940918,-37.535282135009766,85.29981994628906,-0.37394410371780396,-32.032135009765625,74.48444366455078,1.8303436040878296,-53.37267303466797,59.83064270019531,,
1780510062.0729294,22098.059935057,-8.759252548217773,-41.96206283569336,75.7153091430664,7.438956260681152,-42.826473236083984,81.18035125732422,3.4152863025665283,-31.236852645874023,78.21534729003906,5.636513710021973,-58.31801986694336,74.99690246582031,,
1780510062.0928822,22098.079877333,-9.314641952514648,-37.430137634277344,78.64634704589844,5.692880630493164,-45.95319366455078,76.12435150146484,4.4765777587890625,-35.11484909057617,74.70296478271484,5.9765472412109375,-58.200992584228516,78.35188293457031,,
1780510062.113042,22098.099885726,-6.829927921295166,-30.020383834838867,78.3131103515625,4.339859962463379,-45.64617919921875,74.81448364257812,3.6034388542175293,-39.4329948425293,73.65070343017578,7.280646800994873,-57.08575439453125,81.22801971435547,,
1780510062.1328611,22098.11994257,-3.00764799118042,-25.38070297241211,79.12396240234375,3.059539318084717,-42.9139518737793,76.17881774902344,0.3399670124053955,-38.23749923706055,78.94831085205078,8.28640365600586,-56.55921936035156,85.31110382080078,,
1780510062.1528428,22098.139977653,-4.480696201324463,-25.610836029052734,80.25145721435547,5.549845218658447,-42.15980529785156,73.99818420410156,-0.19753313064575195,-38.42583465576172,78.03536987304688,6.436854839324951,-55.787139892578125,84.97419738769531,,
1780510062.1728342,22098.160303182,-6.764217376708984,-25.91265296936035,79.55448913574219,7.477627754211426,-40.280494689941406,73.61666107177734,2.805316686630249,-41.357444763183594,77.69161224365234,4.91339111328125,-51.945194244384766,84.52017211914062,,
1780510062.192871,22098.179648049,-8.328103065490723,-27.412174224853516,79.57495880126953,9.670164108276367,-38.41880416870117,75.94209289550781,4.135805606842041,-41.5026969909668,79.2239761352539,2.3699963092803955,-47.56556701660156,83.49156188964844,,
1780510062.212943,22098.201707666,-10.69287395477295,-30.09503746032715,78.8711929321289,11.980478286743164,-37.046146392822266,78.79523468017578,4.024104595184326,-42.11012268066406,80.26239013671875,-0.5334867835044861,-42.49620056152344,81.52379608154297,,
1780510062.2329466,22098.220217247,-11.280292510986328,-32.02943801879883,77.94042205810547,13.020272254943848,-36.394508361816406,81.36785888671875,3.5109784603118896,-41.62383270263672,81.39785766601562,-3.643467903137207,-38.90894317626953,78.9336166381836,,
1780510062.2529404,22098.240190403,-10.454151153564453,-33.39507293701172,77.11615753173828,12.580434799194336,-36.53507614135742,82.61946868896484,4.039583683013916,-41.4925537109375,82.5233383178711,-4.433356285095215,-36.42811584472656,77.82081604003906,,
1780510062.2728224,22098.260169497,-8.74438190460205,-34.4406623840332,75.97200012207031,11.597953796386719,-38.534515380859375,82.82600402832031,4.867419242858887,-40.88389587402344,83.40571594238281,-4.365148067474365,-35.603553771972656,77.18254089355469,,
1780510062.2927587,22098.279796621,-7.628950595855713,-35.80567932128906,74.89132690429688,9.809170722961426,-41.73258972167969,82.61603546142578,6.360814094543457,-39.69209289550781,83.71784973144531,-3.3961071968078613,-36.23274230957031,76.57920837402344,,
1780510062.3129396,22098.299550238,-6.403083801269531,-37.44377136230469,75.64387512207031,6.157031536102295,-46.17072296142578,81.54408264160156,7.240326881408691,-36.9709587097168,83.68985748291016,-1.7321844100952148,-39.76490783691406,78.17879486083984,,
1780510062.3323977,22098.319477162,-7.011269569396973,-39.79298782348633,78.57109832763672,1.3122915029525757,-49.58950424194336,79.59485626220703,7.799014091491699,-33.703163146972656,83.34528350830078,-0.09475638717412949,-44.36370849609375,81.9852294921875,,
1780510062.3530345,22098.340464525,-8.932843208312988,-41.21535873413086,80.76051330566406,-0.6116816401481628,-49.844322204589844,77.89408111572266,7.560121059417725,-31.96154022216797,82.14362335205078,0.6864539980888367,-46.829185485839844,83.63040924072266,,
1780510062.3736215,22098.360173395,-8.90401840209961,-41.5014762878418,82.36094665527344,-0.9690713882446289,-48.414127349853516,76.69334411621094,6.927549839019775,-31.132488250732422,80.29845428466797,1.4414960145950317,-48.0916633605957,83.86441802978516,,
1780510062.3930001,22098.379691739,-8.308627128601074,-41.76777267456055,83.3240966796875,-0.8721879720687866,-48.050941467285156,76.42325592041016,6.2297282218933105,-29.20736312866211,78.9551010131836,1.2600531578063965,-48.17549133300781,83.87229919433594,,
1780510062.413622,22098.400732098,-8.17060375213623,-41.70447540283203,83.78286743164062,-0.8080889582633972,-48.440250396728516,76.73777770996094,7.061315536499023,-27.48982048034668,78.44003295898438,-0.11627372354269028,-47.1153564453125,83.54193115234375,,
1780510062.4336908,22098.42052398,-8.639639854431152,-41.786922454833984,83.77672576904297,-0.8714874386787415,-48.67572784423828,77.3173599243164,8.991424560546875,-27.64213752746582,77.89168548583984,-1.610568881034851,-45.04731369018555,83.02440643310547,,
1780510062.4530494,22098.440280062,-9.033233642578125,-41.859588623046875,83.55303192138672,-1.208181381225586,-48.87985610961914,77.658935546875,10.316070556640625,-28.31623077392578,77.35038757324219,-2.5925350189208984,-42.3981819152832,82.6395492553711,,
1780510062.4731622,22098.460901351,-9.245359420776367,-41.92528533935547,83.47586059570312,-1.543875813484192,-49.445919036865234,77.74203491210938,10.409197807312012,-28.66283416748047,77.01258087158203,-3.4244906902313232,-40.20929718017578,82.37906646728516,,
1780510062.492894,22098.480152184,-9.371889114379883,-42.175209045410156,83.80892944335938,-1.950982928276062,-50.28266906738281,77.83181762695312,10.29651165008545,-28.27102279663086,76.82633972167969,-4.458253383636475,-38.488548278808594,82.14558410644531,,
1780510062.5129774,22098.499659036,-9.20573902130127,-42.690467834472656,84.20328521728516,-2.7834784984588623,-50.943119049072266,77.97683715820312,10.78242015838623,-27.953388214111328,76.6666488647461,-5.0366530418396,-37.017173767089844,81.97393798828125,,
1780510062.533061,22098.519811549,-8.958199501037598,-43.48912048339844,84.36702728271484,-3.98468279838562,-51.67042541503906,78.14696502685547,11.533831596374512,-27.81334686279297,76.5505599975586,-5.127563953399658,-35.63201904296875,81.94113159179688,,
1780510062.5530806,22098.539870885,-8.805416107177734,-44.41551971435547,84.62379455566406,-4.944761753082275,-52.49297332763672,78.16493225097656,12.008177757263184,-27.336875915527344,76.66812896728516,-5.153533935546875,-34.53876876831055,82.0267562866211,,
1780510062.5729315,22098.559984923,-8.689754486083984,-45.46526336669922,84.9425048828125,-5.82058572769165,-53.208290100097656,78.19779205322266,12.242486000061035,-26.71982765197754,76.72432708740234,-5.177024841308594,-33.789337158203125,82.20172119140625,,
1780510062.5929966,22098.579946762,-8.581912994384766,-46.33389663696289,85.35202026367188,-6.755671501159668,-53.87187194824219,78.14828491210938,12.59943962097168,-26.071760177612305,76.6146011352539,-5.207417964935303,-33.07341384887695,82.35655212402344,,
1780510062.6128278,22098.600317543,-8.529733657836914,-47.12119674682617,85.7209701538086,-7.577617645263672,-54.54136657714844,78.12178802490234,12.967928886413574,-25.323223114013672,76.39256286621094,-5.305324554443359,-32.35371780395508,82.49137115478516,,
1780510062.6331103,22098.620503601,-8.437708854675293,-47.88429641723633,86.02627563476562,-8.226595878601074,-54.81806945800781,78.2475814819336,13.3614501953125,-25.049638748168945,76.15655517578125,-5.293068885803223,-31.69523811340332,82.55748748779297,,
1780510062.653112,22098.640818674,-8.41205883026123,-48.286136627197266,86.32551574707031,-8.715093612670898,-55.019832611083984,78.33109283447266,13.483539581298828,-24.701778411865234,75.9120101928711,-5.3606672286987305,-31.2330322265625,82.61910247802734,,
1780510062.6729965,22098.660212217,-8.350268363952637,-48.65657043457031,86.56219482421875,-9.109623908996582,-55.06160354614258,78.4412841796875,13.703943252563477,-24.631650924682617,75.69923400878906,-5.480670928955078,-30.528228759765625,82.57148742675781,,
1780510062.6929939,22098.68038621,-8.305177688598633,-48.98630142211914,86.86763763427734,-9.30732250213623,-54.991127014160156,78.69670104980469,13.702552795410156,-24.79265785217285,75.50814819335938,-5.751478672027588,-29.92288589477539,82.44034576416016,,
1780510062.7129765,22098.70062642,-8.266215324401855,-49.27473831176758,87.05992889404297,-9.543108940124512,-54.82607650756836,79.21305847167969,13.550641059875488,-25.359437942504883,75.20685577392578,-6.0874199867248535,-29.275835037231445,82.19470977783203,,
1780510062.7335901,22098.720725456,-8.232873916625977,-49.462642669677734,87.39312744140625,-9.711050033569336,-54.54317092895508,79.80206298828125,13.566515922546387,-25.855607986450195,75.10037231445312,-6.600354194641113,-28.388675689697266,81.87735748291016,,
1780510062.752761,22098.739612059,-8.208914756774902,-50.03765106201172,87.45648956298828,-9.813122749328613,-54.09810256958008,80.83364868164062,13.264036178588867,-26.66350746154785,75.17134094238281,-7.184847831726074,-27.556655883789062,81.41846466064453,,
1780510062.7729287,22098.759716102,-8.130032539367676,-50.5275993347168,87.60675811767578,-9.948959350585938,-53.674468994140625,81.81119537353516,12.883705139160156,-27.413711547851562,75.35557556152344,-7.799740314483643,-26.757080078125,80.8347396850586,,
1780510062.7935197,22098.795050018,-7.940540790557861,-51.24800491333008,87.5824966430664,-10.041672706604004,-53.121856689453125,82.96847534179688,12.360424041748047,-28.144323348999023,76.0027847290039,-8.215673446655273,-26.06029510498047,80.19001007080078,,
1780510062.8129747,22098.80190845,-7.65288782119751,-51.95343780517578,87.5210189819336,-10.041358947753906,-52.49503707885742,84.13520812988281,11.834358215332031,-28.591411590576172,76.77599334716797,-8.809367179870605,-25.63294792175293,79.31692504882812,,
1780510062.833486,22098.820504473,-7.242735385894775,-52.541465759277344,87.22655487060547,-9.923019409179688,-51.79438018798828,85.2002182006836,11.455968856811523,-28.964208602905273,77.77384185791016,-9.200125694274902,-25.359067916870117,78.30873107910156,,
1780510062.8529716,22098.839487233,-6.770246982574463,-53.196659088134766,86.89828491210938,-9.769787788391113,-51.1314582824707,86.08258056640625,11.241548538208008,-29.033836364746094,78.6707534790039,-9.34344482421875,-25.160999298095703,77.32137298583984,,
1780510062.873036,22098.859968457,-6.4679646492004395,-53.67912292480469,86.4284439086914,-9.264595031738281,-50.593013763427734,86.65015411376953,11.110404014587402,-29.05262565612793,79.55113220214844,-9.428422927856445,-25.37278175354004,76.4845962524414,,
1780510062.8929746,22098.880311693,-6.145682334899902,-54.022117614746094,86.15097045898438,-8.95656967163086,-50.36233139038086,86.81201171875,11.196028709411621,-28.823049545288086,79.89488220214844,-9.158443450927734,-25.9622745513916,76.14543151855469,,
1780510062.9130394,22098.900278609,-5.97857666015625,-54.54292297363281,86.01637268066406,-8.963078498840332,-50.45248031616211,86.57037353515625,11.494297981262207,-28.215055465698242,79.81785583496094,-8.67658805847168,-26.949825286865234,76.08366394042969,,
1780510062.9330554,22098.919640896,-6.086951732635498,-54.915462493896484,86.4072036743164,-9.772791862487793,-51.11978530883789,85.5993881225586,11.793184280395508,-27.29041862487793,79.24298858642578,-7.497655868530273,-28.437389373779297,76.99156951904297,,
1780510062.9529295,22098.940061552,-6.499112606048584,-54.61387252807617,87.083984375,-10.895627975463867,-52.84770584106445,84.0334701538086,12.321539878845215,-25.880521774291992,78.14048767089844,-6.0469465255737305,-30.1835880279541,78.61865234375,,
1780510062.9729671,22098.959513097,-6.841566562652588,-53.57793045043945,87.96884155273438,-11.898995399475098,-54.71378707885742,81.94035339355469,13.443519592285156,-24.447568893432617,76.55049896240234,-4.693870544433594,-31.519773483276367,80.22285461425781,,
1780510062.9929948,22098.980153179,-7.047539710998535,-51.69783020019531,88.63993072509766,-12.050573348999023,-55.82992172241211,80.19810485839844,13.8829984664917,-23.876344680786133,75.19059753417969,-3.6815736293792725,-32.403533935546875,81.3196029663086,,
1780510063.012949,22098.999654615,-6.723875999450684,-49.413021087646484,89.0531005859375,-11.59207820892334,-55.598628997802734,78.92601013183594,13.410590171813965,-23.8187198638916,74.37885284423828,-2.8632078170776367,-32.74277877807617,82.2199935913086,,
1780510063.0338788,22099.020686531,-6.441952228546143,-47.5649299621582,89.03579711914062,-10.862323760986328,-55.054412841796875,78.39987182617188,12.659451484680176,-24.589147567749023,73.76932525634766,-2.6352310180664062,-32.472633361816406,82.68214416503906,,
1780510063.053663,22099.040775417,-6.466268062591553,-46.24866485595703,89.09052276611328,-9.946675300598145,-54.187259674072266,78.62272644042969,12.25722885131836,-26.043649673461914,73.29043579101562,-3.2479519844055176,-31.372800827026367,82.60409545898438,,
1780510063.0735679,22099.060350014,-7.1880621910095215,-45.84046173095703,88.9045639038086,-8.6763916015625,-52.860870361328125,79.97319030761719,11.952197074890137,-28.392215728759766,73.22712707519531,-4.856881618499756,-29.62115478515625,81.91697692871094,,
1780510063.0935316,22099.080230785,-8.15859317779541,-46.29705047607422,88.50594329833984,-6.993524074554443,-50.983585357666016,82.51048278808594,11.013428688049316,-31.094371795654297,74.03763580322266,-7.046515941619873,-27.474441528320312,80.5982437133789,,
1780510063.1132207,22099.100042739,-9.098567008972168,-47.71665954589844,87.26487731933594,-4.666001796722412,-48.38117218017578,86.23439025878906,9.717497825622559,-33.28623580932617,76.35598754882812,-10.00633430480957,-25.406341552734375,77.6314926147461,,
1780510063.132967,22099.123155968,-8.63234806060791,-49.4312858581543,85.77265930175781,-2.537485361099243,-45.00826644897461,89.23316192626953,8.371740341186523,-35.192161560058594,79.61177825927734,-12.2857084274292,-23.783252716064453,74.10608673095703,,
1780510063.1530402,22099.139489524,-7.024931907653809,-49.89308547973633,84.71395874023438,-0.3485434949398041,-42.519004821777344,89.75567626953125,6.932921409606934,-37.37228012084961,81.98863983154297,-11.636563301086426,-23.16783905029297,72.66815185546875,,
1780510063.1729386,22099.160339546,-5.654214382171631,-49.55252456665039,83.58663940429688,1.3611403703689575,-41.60742950439453,89.13646697998047,6.964399337768555,-38.824058532714844,83.04927062988281,-10.142460823059082,-24.01880645751953,72.36394500732422,,
1780510063.1930299,22099.17973928,-4.908364772796631,-49.9742431640625,82.37177276611328,2.2301604747772217,-41.327877044677734,88.35250091552734,7.8453497886657715,-38.195560455322266,83.21390533447266,-9.22647762298584,-26.263975143432617,71.05635070800781,,
1780510063.2130482,22099.199725037,-4.8203043937683105,-50.59954071044922,81.3930892944336,2.162041664123535,-41.88648986816406,87.57225799560547,8.706530570983887,-36.39189529418945,82.99164581298828,-8.308566093444824,-29.149343490600586,70.36386108398438,,
1780510063.2329643,22099.219911102,-5.091078758239746,-50.633975982666016,80.97917175292969,1.2115764617919922,-43.853614807128906,86.59190368652344,9.628231048583984,-34.435184478759766,82.30413818359375,-7.1880340576171875,-32.093658447265625,71.33814239501953,,
1780510063.2529955,22099.239628694,-5.595911502838135,-50.45846939086914,81.65480041503906,-1.3314095735549927,-47.061485290527344,84.95782470703125,10.165042877197266,-31.410247802734375,81.29541015625,-5.473031520843506,-35.58662414550781,73.95915985107422,,
1780510063.2729883,22099.2598415,-6.803122520446777,-49.83660125732422,83.5743179321289,-5.105795860290527,-51.300838470458984,82.05363464355469,10.986632347106934,-27.744699478149414,79.8620834350586,-3.161879301071167,-39.58315658569336,77.91484069824219,,
1780510063.2930098,22099.279758899,-8.473799705505371,-47.85677719116211,85.27268981933594,-7.370382785797119,-53.98640823364258,79.02251434326172,11.198301315307617,-26.230607986450195,77.93706512451172,-1.988607406616211,-42.04520034790039,80.82605743408203,,
1780510063.313266,22099.300227404,-8.265812873840332,-45.899993896484375,86.26686096191406,-7.64786958694458,-52.663673400878906,77.45457458496094,10.43869400024414,-26.688858032226562,76.18350219726562,-0.33122488856315613,-43.4337043762207,82.39620208740234,,
1780510063.33297,22099.319663944,-7.299026966094971,-43.6676139831543,86.40669250488281,-6.9252495765686035,-50.836997985839844,76.7764892578125,8.955300331115723,-26.677316665649414,75.38265228271484,0.7479336261749268,-43.96780776977539,83.4879150390625,,
1780510063.35305,22099.339716455,-7.269515514373779,-42.00871658325195,86.44564056396484,-6.018512725830078,-50.60652542114258,76.35770416259766,8.434073448181152,-26.244632720947266,74.96448516845703,-0.23509490489959717,-42.5762939453125,83.34298706054688,,
1780510063.3729856,22099.359896615,-8.103072166442871,-41.0552978515625,86.42672729492188,-5.060751438140869,-50.510108947753906,76.95382690429688,9.498834609985352,-27.60637092590332,74.50247955322266,-2.3509154319763184,-39.83748245239258,82.56243133544922,,
1780510063.393083,22099.379688097,-9.182848930358887,-41.183746337890625,86.16085815429688,-3.479475498199463,-49.1813850402832,78.85277557373047,10.501593589782715,-30.19474220275879,74.72024536132812,-4.7214460372924805,-36.104984283447266,81.71488952636719,,
1780510063.4130409,22099.399611847,-10.359848022460938,-41.8076171875,85.57426452636719,-1.7762885093688965,-47.6501350402832,81.69132995605469,9.660677909851074,-32.64656448364258,75.34122467041016,-7.448996543884277,-32.49313735961914,80.45480346679688,,
1780510063.432995,22099.419725191,-11.205856323242188,-43.07503128051758,84.61695098876953,0.23447857797145844,-45.82170867919922,85.40958404541016,8.52042007446289,-34.01985549926758,77.3987808227539,-10.667093276977539,-29.3570499420166,77.61448669433594,,
1780510063.4529889,22099.43965229,-10.171618461608887,-44.735172271728516,83.68302154541016,1.3261029720306396,-43.57134246826172,87.83485412597656,7.346940994262695,-35.53346633911133,80.14138793945312,-12.265748023986816,-27.178407669067383,74.8850326538086,,
1780510063.4730258,22099.459738974,-8.063331604003906,-45.75692367553711,82.57272338867188,1.8502613306045532,-42.53135681152344,88.33892059326172,6.510207176208496,-37.07456970214844,82.30821990966797,-11.20417308807373,-25.8532657623291,73.59933471679688,,
1780510063.4930222,22099.479722363,-6.096457004547119,-46.39780807495117,81.64127349853516,2.3279683589935303,-42.816917419433594,87.87393951416016,7.146817684173584,-37.64912796020508,83.27684020996094,-10.002091407775879,-26.510217666625977,72.8257064819336,,
1780510063.5130415,22099.499770791,-5.138174533843994,-47.39866256713867,80.82234954833984,1.988944411277771,-43.938377380371094,87.06967163085938,8.505119323730469,-36.432861328125,83.27904510498047,-9.22496223449707,-28.406240463256836,71.9505386352539,,
1780510063.5331697,22099.520075152,-4.961295127868652,-48.08513259887695,80.79553985595703,0.22870701551437378,-46.279571533203125,85.89547729492188,9.601737976074219,-33.82105255126953,82.71704864501953,-8.170611381530762,-31.408281326293945,72.62211608886719,,
1780510063.5529842,22099.540366474,-5.623470306396484,-48.5842399597168,82.3458023071289,-3.3315072059631348,-50.042572021484375,83.91124725341797,10.357955932617188,-30.336694717407227,81.55734252929688,-5.753831386566162,-35.32054138183594,76.36410522460938,,
1780510063.5734262,22099.561088252,-7.633088111877441,-48.74064636230469,84.2948226928711,-6.717826843261719,-53.721092224121094,80.91181182861328,11.484126091003418,-26.58865737915039,80.11888122558594,-3.4982826709747314,-39.022178649902344,80.26278686523438,,
1780510063.5930178,22099.580195561,-9.067760467529297,-47.54399108886719,85.87901306152344,-7.976354598999023,-54.46687316894531,78.2125244140625,10.77953052520752,-26.097492218017578,78.00635528564453,-2.003600835800171,-41.58926010131836,82.01177978515625,,
1780510063.6130073,22099.600510813,-8.436161994934082,-45.83198928833008,86.78504180908203,-7.711767673492432,-52.78995132446289,77.03443908691406,9.203259468078613,-26.1513729095459,76.43299102783203,-0.38699349761009216,-43.0388069152832,83.17937469482422,,
1780510063.6329951,22099.619710441,-7.444911479949951,-44.56584548950195,87.13318634033203,-7.297900199890137,-51.924278259277344,76.58335876464844,8.179229736328125,-25.154722213745117,75.45651245117188,-0.017387954518198967,-42.515899658203125,83.71857452392578,,
1780510063.6530042,22099.639707267,-7.59097146987915,-43.21958923339844,87.11001586914062,-6.4357805252075195,-51.99695587158203,76.4496078491211,8.56739330291748,-25.685190200805664,75.14005279541016,-1.2344083786010742,-40.75590515136719,83.24617004394531,,
1780510063.6729403,22099.660037341,-8.105692863464355,-42.65201950073242,86.98930358886719,-5.259020805358887,-51.330238342285156,77.27427673339844,10.135587692260742,-27.452247619628906,75.21471405029297,-2.756382703781128,-37.45244216918945,82.58927917480469,,
1780510063.6929784,22099.679705532,-8.807129859924316,-42.58467102050781,86.42566680908203,-3.9907186031341553,-50.301109313964844,78.8012924194336,10.752507209777832,-29.979413986206055,75.28422546386719,-4.581905364990234,-33.75251007080078,81.8078384399414,,
1780510063.7129972,22099.699859859,-9.720125198364258,-42.982627868652344,85.90792846679688,-2.3307366371154785,-49.30839538574219,81.10003662109375,9.9107666015625,-32.33656311035156,75.82841491699219,-6.946620941162109,-30.788028717041016,80.45195007324219,,
1780510063.732891,22099.719924231,-10.034936904907227,-43.9488525390625,85.419921875,-0.823023796081543,-47.85292053222656,83.76348114013672,9.00770092010498,-33.79523849487305,77.44890594482422,-9.49848747253418,-28.603221893310547,78.17349243164062,,
1780510063.7530415,22099.740666105,-9.429560661315918,-45.57292175292969,84.18531036376953,0.36320337653160095,-46.042335510253906,86.4666519165039,8.392661094665527,-35.360206604003906,79.84041595458984,-11.309835433959961,-26.948148727416992,75.14253234863281,,
1780510063.7729897,22099.759950579,-7.933819770812988,-46.95261764526367,82.90394592285156,1.1977344751358032,-44.54021072387695,87.57563018798828,7.684401512145996,-36.84058380126953,81.71566772460938,-11.05434513092041,-25.764892578125,73.2718734741211,,
1780510063.792892,22099.779722894,-6.440700531005859,-47.4709587097168,81.73442840576172,2.0796070098876953,-44.127384185791016,87.3592758178711,7.828998565673828,-37.78071212768555,82.85125732421875,-10.036884307861328,-26.11284637451172,72.54298400878906,,
1780510063.8129683,22099.799489281,-5.574002742767334,-48.079471588134766,80.69561004638672,2.2496252059936523,-44.592124938964844,86.68606567382812,8.681032180786133,-36.917945861816406,83.02301025390625,-9.246040344238281,-28.0709228515625,71.82536315917969,,
1780510063.8329685,22099.820080794,-5.375750541687012,-48.686737060546875,80.20362091064453,1.265565276145935,-46.13454055786133,85.84840393066406,9.594588279724121,-34.51935577392578,82.6300277709961,-8.305706024169922,-31.171335220336914,72.06439971923828,,
1780510063.8529835,22099.840595061,-5.687544822692871,-49.12995147705078,81.25616455078125,-1.8440277576446533,-49.196624755859375,84.18533325195312,10.181221961975098,-31.27764129638672,81.66059875488281,-6.004826545715332,-35.23344802856445,75.0657958984375,,
1780510063.8729737,22099.859543888,-7.568664073944092,-48.977684020996094,83.34269714355469,-5.50592565536499,-53.06769561767578,81.43054962158203,11.05693531036377,-27.556903839111328,80.51960754394531,-3.4507408142089844,-39.55888366699219,79.51377868652344,,
1780510063.8930197,22099.879783598,-9.264036178588867,-47.77145004272461,84.96076965332031,-7.102291584014893,-54.84832000732422,78.72525024414062,10.726773262023926,-26.802349090576172,78.52857971191406,-2.2075624465942383,-42.262481689453125,81.65245819091797,,
1780510063.9129224,22099.899689615,-8.834851264953613,-45.964351654052734,86.22602844238281,-6.973008155822754,-53.243492126464844,76.990966796875,9.164539337158203,-27.42333984375,76.71382904052734,-0.5697216391563416,-43.813541412353516,82.85234832763672,,
1780510063.9332016,22099.920578583,-7.707327365875244,-44.16093444824219,86.6265869140625,-6.467469215393066,-51.87213134765625,76.27639770507812,7.655583381652832,-26.92766761779785,75.82686614990234,0.3054350018501282,-43.748085021972656,83.79808807373047,,
1780510063.9529903,22099.942122888,-7.527358531951904,-42.33675003051758,86.62462615966797,-5.4221577644348145,-51.46968078613281,75.9784927368164,7.742908954620361,-26.939332962036133,75.54254913330078,-0.5120776295661926,-42.142822265625,83.50702667236328,,
1780510063.9729786,22099.959806085,-8.136591911315918,-41.25920867919922,86.44840240478516,-4.168288707733154,-50.91352081298828,76.69055938720703,9.261859893798828,-28.405305862426758,75.41319274902344,-2.3061771392822266,-39.162818908691406,82.68018341064453,,
1780510063.993123,22099.98011885,-9.041330337524414,-40.94153594970703,85.91603088378906,-2.5417635440826416,-49.6557502746582,78.31790161132812,10.101667404174805,-31.001819610595703,75.48249053955078,-4.308304786682129,-35.72891616821289,81.81031799316406,,
1780510064.0131366,22100.000812771,-10.133238792419434,-41.45420455932617,85.1999282836914,-0.6752779483795166,-48.46025466918945,80.70039367675781,9.412590026855469,-33.41944885253906,76.05479431152344,-6.80076789855957,-32.45791244506836,80.43627166748047,,
1780510064.0329716,22100.020272114,-10.737648963928223,-42.510169982910156,84.35199737548828,1.2309931516647339,-46.70506286621094,83.95413208007812,8.549013137817383,-34.85226058959961,77.8121337890625,-9.718591690063477,-29.87451934814453,77.88701629638672,,
1780510064.0532196,22100.040375725,-10.053208351135254,-44.07505798339844,83.03062438964844,2.3815746307373047,-44.55729293823242,86.52936553955078,7.7967448234558105,-36.24751281738281,80.16046905517578,-11.477473258972168,-27.907573699951172,75.25912475585938,,
1780510064.0730944,22100.060319304,-8.206817626953125,-45.263671875,81.93248748779297,2.774223804473877,-43.406402587890625,87.26631164550781,7.143876075744629,-37.415931701660156,82.11399841308594,-10.995205879211426,-26.684383392333984,73.66442108154297,,
1780510064.0929215,22100.079667149,-6.509093761444092,-46.10499572753906,80.88847351074219,3.1956875324249268,-43.43571853637695,86.93092346191406,7.642419815063477,-37.928810119628906,83.11497497558594,-9.808605194091797,-27.296293258666992,72.78093719482422,,
1780510064.112972,22100.100142191,-5.72542667388916,-47.02873992919922,79.91576385498047,2.9895715713500977,-44.39627456665039,86.39241790771484,8.870062828063965,-36.67576599121094,83.20276641845703,-9.066061019897461,-29.388389587402344,72.21693420410156,,
1780510064.1330786,22100.120692337,-5.508129596710205,-47.681968688964844,80.06007385253906,1.0109161138534546,-46.78564453125,85.2859878540039,9.860833168029785,-33.90766906738281,82.61344909667969,-7.954742908477783,-32.44850158691406,73.02964782714844,,
1780510064.1528664,22100.140297507,-6.212804794311523,-48.178924560546875,81.91545867919922,-3.073216676712036,-50.731929779052734,83.15567779541016,10.424139022827148,-30.127378463745117,81.6028060913086,-5.285679340362549,-36.57743453979492,77.03131103515625,,
1780510064.172967,22100.160354242,-8.419395446777344,-48.1501350402832,84.04963684082031,-6.441287994384766,-54.23666763305664,80.14909362792969,11.149870872497559,-26.616636276245117,80.30995178222656,-3.418109893798828,-40.03881072998047,80.85638427734375,,
1780510064.1929505,22100.179731114,-9.495386123657227,-47.18362808227539,85.5955581665039,-7.447792053222656,-54.25223159790039,77.8082046508789,10.324971199035645,-26.72042465209961,78.20063781738281,-2.017509937286377,-42.385658264160156,82.33480072021484,,
1780510064.213249,22100.200289811,-8.683101654052734,-45.59356689453125,86.49275207519531,-7.186044692993164,-52.410831451416016,76.66331481933594,8.565613746643066,-26.767189025878906,76.72050476074219,-0.4769747257232666,-43.487548828125,83.47779083251953,,
1780510064.2330158,22100.219976721,-7.8275675773620605,-44.341064453125,86.79795837402344,-6.693367958068848,-51.72801971435547,76.23739624023438,7.540696144104004,-25.673824310302734,75.91709899902344,-0.31058642268180847,-42.730377197265625,83.88275146484375,,
1780510064.2532876,22100.24042293,-7.867281913757324,-43.23128128051758,86.89165496826172,-6.1209187507629395,-51.706844329833984,76.39411926269531,8.504514694213867,-25.880849838256836,75.60958099365234,-1.6935383081436157,-40.498748779296875,83.18742370605469,,
1780510064.2730713,22100.259890412,-8.395941734313965,-42.82603073120117,86.6151123046875,-5.206608772277832,-50.99266815185547,77.45063018798828,10.247831344604492,-27.614667892456055,75.69294738769531,-3.234524726867676,-37.177066802978516,82.5034408569336,,
1780510064.293065,22100.280039622,-9.086272239685059,-42.78209686279297,86.17550659179688,-4.005586624145508,-50.21880340576172,78.87933349609375,10.782814979553223,-29.924930572509766,75.82980346679688,-5.114696502685547,-33.721622467041016,81.6965103149414,,
1780510064.3129973,22100.299889703,-9.843904495239258,-43.316200256347656,85.76580810546875,-2.6636111736297607,-49.604766845703125,80.90472412109375,9.93369197845459,-31.84585952758789,76.29908752441406,-7.386840343475342,-30.92564582824707,80.3839340209961,,
1780510064.3330176,22100.320234903,-9.914525985717773,-44.427947998046875,85.48661804199219,-1.5054281949996948,-48.420963287353516,83.46482849121094,9.294238090515137,-32.999019622802734,77.72830200195312,-9.727490425109863,-28.754514694213867,78.23422241210938,,
1780510064.3531303,22100.340812806,-9.230488777160645,-45.923179626464844,84.53047943115234,-0.8727115392684937,-47.08271026611328,86.02906799316406,8.900196075439453,-34.100502014160156,79.75299835205078,-11.394372940063477,-27.132686614990234,75.56725311279297,,
1780510064.3730338,22100.359856763,-7.761979579925537,-47.39647674560547,83.42163848876953,-0.5077010989189148,-46.04730224609375,87.22506713867188,8.47400951385498,-35.16217041015625,81.54312896728516,-11.290231704711914,-25.76289176940918,73.60855102539062,,
1780510064.3929873,22100.379765868,-6.487893104553223,-48.186790466308594,82.39868927001953,0.2691876292228699,-45.56193542480469,87.26886749267578,8.626453399658203,-35.830604553222656,82.660888671875,-10.598230361938477,-26.110855102539062,72.65441131591797,,
1780510064.4130416,22100.400112826,-5.63490104675293,-48.669246673583984,81.58177947998047,0.19445489346981049,-46.13920211791992,86.74101257324219,9.091458320617676,-34.95790100097656,82.91790008544922,-9.887203216552734,-27.816486358642578,72.23884582519531,,
1780510064.4329991,22100.420192623,-5.2308573722839355,-49.42232894897461,81.6790771484375,-1.2852011919021606,-47.887821197509766,85.70367431640625,9.961800575256348,-32.49808120727539,82.26333618164062,-8.778268814086914,-30.498445510864258,72.78296661376953,,
1780510064.4530678,22100.439803816,-5.85582160949707,-50.18295669555664,82.9208984375,-4.530938625335693,-50.96847915649414,83.96760559082031,10.826875686645508,-29.292909622192383,81.24760437011719,-6.216200351715088,-34.414337158203125,76.09297943115234,,
1780510064.4729943,22100.459728459,-7.921115398406982,-49.85716247558594,84.78652954101562,-7.402245044708252,-54.45100021362305,81.06031799316406,11.763052940368652,-26.114389419555664,79.856201171875,-3.8983254432678223,-38.202392578125,80.06254577636719,,
1780510064.4931521,22100.480034565,-9.196332931518555,-48.71569061279297,86.26092529296875,-8.511543273925781,-55.60194396972656,78.6316909790039,11.350924491882324,-25.49875259399414,77.68828582763672,-2.547569751739502,-40.47673797607422,81.74107360839844,,
1780510064.5135639,22100.50120608,-8.556177139282227,-46.6931037902832,87.2305908203125,-8.366830825805664,-54.122257232666016,77.22699737548828,9.927985191345215,-25.70148468017578,76.0684814453125,-1.0739558935165405,-41.76598358154297,82.84848022460938,,
1780510064.5331922,22100.520306644,-7.704002380371094,-44.9459342956543,87.50248718261719,-7.6479105949401855,-53.15781784057617,76.51646423339844,8.644554138183594,-25.15886688232422,75.37200927734375,-0.5572270154953003,-41.47706985473633,83.60719299316406,,
1780510064.5532417,22100.541110042,-7.744624137878418,-43.60429763793945,87.52413940429688,-6.691443920135498,-52.9720573425293,76.37857055664062,8.971304893493652,-25.567481994628906,74.84064483642578,-1.6108653545379639,-39.72111129760742,83.18518829345703,,
1780510064.5731251,22100.56097225,-8.201302528381348,-42.60393142700195,87.26496124267578,-5.590729713439941,-52.211570739746094,77.12459564208984,10.1770658493042,-27.487682342529297,74.62945556640625,-3.0039920806884766,-37.01042938232422,82.5479507446289,,
1780510064.5932047,22100.579725974,-8.862114906311035,-42.4667854309082,86.84300231933594,-3.9909772872924805,-50.9755744934082,78.77470397949219,10.688429832458496,-29.979724884033203,74.76604461669922,-4.8244194984436035,-33.76640701293945,81.67813110351562,,
1780510064.6131048,22100.601059542,-9.90856647491455,-42.82482147216797,86.18083953857422,-2.109853506088257,-49.66590881347656,81.27780151367188,9.715607643127441,-32.48672103881836,75.3860092163086,-7.353719711303711,-31.032745361328125,80.22380828857422,,
1780510064.6329312,22100.620444547,-10.491609573364258,-43.78353500366211,85.17761993408203,-0.024801911786198616,-47.564537048339844,84.60160827636719,8.785656929016113,-34.20156478881836,77.42926025390625,-10.36021614074707,-28.630949020385742,77.45594787597656,,
1780510064.6529357,22100.641186988,-9.701176643371582,-45.518699645996094,83.73546600341797,1.2445476055145264,-44.9768180847168,87.25446319580078,8.036211013793945,-35.93687057495117,80.00663757324219,-11.891510963439941,-26.801219940185547,74.54507446289062,,
1780510064.672846,22100.660349321,-7.890442848205566,-46.53348159790039,82.45343017578125,2.2762181758880615,-43.39876937866211,87.83818054199219,7.188645839691162,-37.6582145690918,82.0519790649414,-11.017877578735352,-25.942129135131836,73.0975570678711,,
1780510064.6928904,22100.679938734,-6.328238487243652,-46.97298812866211,81.26957702636719,3.1328787803649902,-43.1383056640625,87.36526489257812,7.541525840759277,-38.33591079711914,83.01385498046875,-9.815695762634277,-26.860864639282227,72.4314956665039,,
1780510064.7128713,22100.69982083,-5.583273887634277,-47.70753860473633,80.23603820800781,3.2553133964538574,-43.805389404296875,86.66716003417969,8.667644500732422,-37.166351318359375,83.0830307006836,-9.14790153503418,-29.2322940826416,71.58975982666016,,
1780510064.7330487,22100.720351032,-5.614522457122803,-48.42775344848633,79.96199035644531,1.9496476650238037,-45.602962493896484,85.72388458251953,9.662369728088379,-34.66660690307617,82.59819793701172,-8.026971817016602,-32.44761276245117,71.92987060546875,,
1780510064.7535334,22100.740996034,-5.982173442840576,-48.62331771850586,81.37017059326172,-1.5210012197494507,-49.10598373413086,83.89075469970703,10.112144470214844,-31.241785049438477,81.61327362060547,-5.66672945022583,-36.60386276245117,75.36500549316406,,
1780510064.7730057,22100.761268192,-7.932626247406006,-48.522377014160156,83.38916778564453,-5.121267318725586,-53.08443069458008,81.1687240600586,10.894937515258789,-27.458423614501953,80.52780151367188,-3.357279062271118,-40.56953430175781,79.7437973022461,,
1780510064.7929518,22100.780009051,-9.412290573120117,-47.27534866333008,85.08161163330078,-6.748793601989746,-54.46782684326172,78.30709075927734,10.185518264770508,-26.906536102294922,78.47309112548828,-2.1348681449890137,-43.05317306518555,81.8838882446289,,
1780510064.812834,22100.79990084,-8.921279907226562,-45.49991226196289,86.18817138671875,-6.723565101623535,-52.797054290771484,76.7052993774414,8.525932312011719,-27.531396865844727,76.77623748779297,-0.5566835999488831,-44.42153549194336,83.14495849609375,,
1780510064.833013,22100.820294814,-7.766775608062744,-43.54967498779297,86.48798370361328,-5.991671562194824,-51.186256408691406,76.04179382324219,7.102916717529297,-27.01372528076172,76.12027740478516,0.3610679805278778,-44.27003479003906,84.10572814941406,,
1780510064.8529646,22100.84032903,-7.64475154876709,-42.07321548461914,86.53372955322266,-5.086933135986328,-51.01570129394531,75.80072784423828,7.336411952972412,-26.954965591430664,75.7002182006836,-0.6694221496582031,-42.30152130126953,83.57899475097656,,
1780510064.872943,22100.86075072,-8.231064796447754,-41.02127456665039,86.25382995605469,-4.088128566741943,-50.38196563720703,76.62403869628906,9.165349006652832,-28.49961280822754,75.78663635253906,-2.437678337097168,-38.90534591674805,82.79679870605469,,
1780510064.8928964,22100.88055321,-9.284749984741211,-41.04130935668945,85.68893432617188,-2.3244469165802,-49.385276794433594,78.2501449584961,10.068185806274414,-31.290767669677734,76.09907531738281,-4.578747749328613,-35.05830764770508,81.80599212646484,,
1780510064.9131236,22100.89984146,-10.240731239318848,-41.454429626464844,85.0506362915039,-0.6718413233757019,-48.27780532836914,80.60322570800781,9.26269245147705,-33.584022521972656,76.61459350585938,-7.02836275100708,-31.88399887084961,80.46392059326172,,
1780510064.9330485,22100.920120817,-10.465535163879395,-42.5302734375,84.52470397949219,0.9600155353546143,-46.88896179199219,83.4001693725586,8.49643611907959,-34.87198257446289,78.27950286865234,-9.66885757446289,-29.480287551879883,77.94086456298828,,
1780510064.9530532,22100.939877235,-9.687076568603516,-44.137298583984375,83.47210693359375,1.7517437934875488,-45.32054901123047,85.9586410522461,7.902317047119141,-35.98136520385742,80.31603240966797,-11.467351913452148,-27.72386360168457,75.1014175415039,,
1780510064.9729807,22100.959927853,-7.671275615692139,-45.56624221801758,83.31421661376953,2.0732083320617676,-43.36147689819336,86.98428344726562,6.799691200256348,-37.657081604003906,81.8174819946289,-11.102307319641113,-25.853469848632812,73.51025390625,,
1780510064.9930778,22100.979733231,-6.187979698181152,-46.467857360839844,81.74951171875,2.556647300720215,-43.659210205078125,86.95573425292969,7.5797834396362305,-38.248172760009766,82.95893096923828,-10.111837387084961,-26.44491958618164,72.50829315185547,,
1780510065.0130062,22100.999549584,-5.294809341430664,-47.395626068115234,80.92644500732422,2.475897789001465,-44.36104202270508,86.52264404296875,8.75190544128418,-36.926395416259766,83.08464813232422,-9.446743965148926,-28.44882583618164,71.7715072631836,,
1780510065.033666,22101.020904405,-4.991827964782715,-47.94919204711914,80.5057601928711,1.0859425067901611,-46.26754379272461,85.60564422607422,9.645155906677246,-34.35649871826172,82.79411315917969,-8.452305793762207,-31.32497215270996,72.36589050292969,,
1780510065.053054,22101.040192978,-5.446691036224365,-48.407649993896484,81.88377380371094,-2.3681371212005615,-49.74864959716797,83.8691635131836,10.33981704711914,-30.904273986816406,81.75623321533203,-6.237364768981934,-35.141929626464844,75.55612182617188,,
1780510065.0733595,22101.060181818,-7.511028289794922,-48.691368103027344,83.9953384399414,-6.048332691192627,-53.64220428466797,80.99093627929688,11.1257905960083,-27.05534553527832,80.43135833740234,-3.7584831714630127,-39.10144805908203,79.9399642944336,,
1780510065.0931015,22101.080047164,-9.269219398498535,-47.78994369506836,85.56993103027344,-7.5868120193481445,-54.890830993652344,78.44710540771484,10.647308349609375,-26.410860061645508,78.49488067626953,-2.4226014614105225,-41.766944885253906,81.89395904541016,,
1780510065.1130447,22101.10013494,-8.748757362365723,-46.051719665527344,86.66342163085938,-7.414649963378906,-52.986732482910156,76.9256591796875,9.08169937133789,-26.8405704498291,76.67203521728516,-0.6609102487564087,-43.36162185668945,83.09447479248047,,
1780510065.1330488,22101.119570995,-7.768377304077148,-44.71894454956055,87.03704833984375,-6.974668502807617,-52.01564407348633,76.3555908203125,7.869463920593262,-25.878055572509766,75.70059967041016,-0.05929617956280708,-42.95545959472656,83.76443481445312,,
1780510065.1530612,22101.139835662,-7.694673538208008,-43.175453186035156,87.0435791015625,-6.11330509185791,-51.94248962402344,76.2263412475586,8.187118530273438,-25.94826889038086,75.35470581054688,-1.181239128112793,-41.25271987915039,83.30024719238281,,
1780510065.1732428,22101.160216091,-8.24502182006836,-42.472084045410156,86.9593276977539,-5.058971881866455,-51.47081756591797,77.10438537597656,9.771698951721191,-27.401636123657227,75.19132232666016,-2.8759610652923584,-38.167510986328125,82.5519027709961,,
1780510065.1930485,22101.179698865,-9.023569107055664,-42.37636947631836,86.4559097290039,-3.6856913566589355,-50.389442443847656,78.72312927246094,10.579977989196777,-29.88028907775879,75.30307006835938,-4.790163516998291,-34.716312408447266,81.67511749267578,,
1780510065.2130299,22101.199976178,-9.965566635131836,-42.72639846801758,85.89341735839844,-2.120417594909668,-49.30790328979492,81.08312225341797,9.73798656463623,-32.12555694580078,75.7249526977539,-7.242595195770264,-31.792186737060547,80.36959838867188,,
1780510065.2330256,22101.220401019,-10.356493949890137,-43.69527053833008,85.31549835205078,-0.494076132774353,-47.80316162109375,84.050537109375,8.934121131896973,-33.41676330566406,77.37384796142578,-10.018064498901367,-29.264272689819336,77.92323303222656,,
1780510065.2530026,22101.240767834,-9.733598709106445,-45.278682708740234,83.98389434814453,0.5667834877967834,-45.743953704833984,86.79235076904297,8.221498489379883,-34.89393615722656,79.74533081054688,-11.704113960266113,-27.42791175842285,75.15919494628906,,
1780510065.2730408,22101.26031183,-8.010427474975586,-46.560401916503906,82.84223175048828,1.310293197631836,-44.345333099365234,87.68302917480469,7.602972030639648,-36.43374252319336,81.77674102783203,-11.304677963256836,-26.301151275634766,73.27478790283203,,
1780510065.2931042,22101.280481016,-6.452089309692383,-47.170684814453125,81.70787048339844,2.135284423828125,-44.080421447753906,87.40995788574219,7.76731014251709,-37.315486907958984,82.8475341796875,-10.24092960357666,-26.788175582885742,72.5722427368164,,
1780510065.312938,22101.300356278,-5.661907196044922,-47.84807205200195,80.75053405761719,2.2849338054656982,-44.68959426879883,86.8002700805664,8.7850341796875,-36.432979583740234,82.96390533447266,-9.577128410339355,-28.764162063598633,71.87806701660156,,
1780510065.333007,22101.320143164,-5.5040435791015625,-48.648468017578125,80.58692932128906,0.9546972513198853,-46.37578201293945,85.80632781982422,9.741693496704102,-33.94761657714844,82.46307373046875,-8.475597381591797,-31.763362884521484,72.11629486083984,,
1780510065.3528523,22101.339878587,-5.820022106170654,-49.13479995727539,81.98273468017578,-2.374004602432251,-49.72721481323242,84.00952911376953,10.311007499694824,-30.63414764404297,81.35120391845703,-6.0574445724487305,-35.734859466552734,75.37084197998047,,
1780510065.3728924,22101.360430928,-7.811203956604004,-48.90149688720703,83.9928207397461,-5.897042274475098,-53.66770935058594,81.17579650878906,11.071731567382812,-26.898117065429688,80.22806549072266,-3.630859375,-39.63340759277344,79.84036254882812,,
1780510065.3937838,22101.380919229,-9.384920120239258,-47.70417404174805,85.58868408203125,-7.445709705352783,-55.239463806152344,78.40775299072266,10.730813026428223,-26.206510543823242,78.32598876953125,-2.4270615577697754,-41.941951751708984,81.75747680664062,,
1780510065.413531,22101.400845485,-8.892258644104004,-45.83830642700195,86.667724609375,-7.099271774291992,-53.437522888183594,76.66461944580078,9.01744270324707,-26.89418601989746,76.65861511230469,-0.7647244334220886,-43.42548751831055,83.06739044189453,,
1780510065.4336462,22101.420498139,-7.730075359344482,-44.12977600097656,86.97545623779297,-6.439496040344238,-52.046844482421875,76.05045318603516,7.690258502960205,-26.300872802734375,75.8375244140625,0.11745892465114594,-43.17658615112305,83.92459869384766,,
1780510065.4531167,22101.440369756,-7.563215255737305,-42.42980194091797,86.88716888427734,-5.531099796295166,-51.68442916870117,75.83753204345703,7.932733535766602,-26.440174102783203,75.6106185913086,-0.7775039076805115,-41.39268493652344,83.58474731445312,,
1780510065.473094,22101.460405624,-8.203201293945312,-41.68907165527344,86.5223159790039,-4.646631717681885,-51.82460403442383,76.34466552734375,9.206583976745605,-27.788063049316406,75.63111114501953,-2.3681130409240723,-39.040828704833984,82.87857055664062,,
1780510065.4931138,22101.480762904,-8.968046188354492,-41.320465087890625,86.0584945678711,-3.0727474689483643,-50.750579833984375,77.55279541015625,10.170475959777832,-30.355642318725586,75.69087219238281,-4.003363609313965,-35.56631851196289,82.04905700683594,,
1780510065.5137508,22101.50104708,-9.936068534851074,-41.61440658569336,85.41764831542969,-1.3082278966903687,-49.71208572387695,79.63264465332031,9.633342742919922,-32.77824783325195,76.03759002685547,-6.2749433517456055,-32.370731353759766,80.78890228271484,,
1780510065.5335653,22101.520623711,-10.370434761047363,-42.53517532348633,84.88391876220703,0.25086602568626404,-48.23637390136719,82.28575134277344,8.907652854919434,-34.37326431274414,77.33924102783203,-8.705316543579102,-29.869430541992188,78.81145477294922,,
1780510065.553071,22101.54001286,-9.96224594116211,-43.948455810546875,83.84133911132812,1.4876770973205566,-46.47470474243164,85.15797424316406,8.291850090026855,-35.5744514465332,79.45660400390625,-11.06271743774414,-28.174713134765625,75.84673309326172,,
1780510065.5731602,22101.560025363,-8.534292221069336,-45.54166030883789,82.5041732788086,2.127072334289551,-44.87950897216797,86.76341247558594,7.8441853523254395,-36.8216438293457,81.44389343261719,-11.262754440307617,-26.869037628173828,73.75823211669922,,
1780510065.593059,22101.580865439,-6.86161994934082,-46.42893981933594,81.40044403076172,2.6973366737365723,-44.370174407958984,86.79328918457031,7.84826135635376,-37.62113571166992,82.75245666503906,-10.3277006149292,-26.940895080566406,72.7869644165039,,
1780510065.6130698,22101.600126814,-6.038456916809082,-47.12957763671875,80.1998519897461,2.9385266304016113,-44.734676361083984,86.40650939941406,8.697016716003418,-36.89712905883789,83.14934539794922,-9.431144714355469,-28.685352325439453,72.25196838378906,,
1780510065.633056,22101.620727004,-5.622884273529053,-47.745323181152344,79.87100219726562,1.6816027164459229,-46.49029541015625,85.59606170654297,9.587143898010254,-34.56407165527344,82.81781768798828,-8.48801040649414,-31.594396591186523,72.48204040527344,,
1780510065.6531925,22101.640116899,-5.883254051208496,-48.27143478393555,81.13887786865234,-1.6365329027175903,-49.789005279541016,83.90023040771484,10.28455924987793,-31.12635612487793,81.91690063476562,-6.277221202850342,-35.61883544921875,75.45219421386719,,
1780510065.6731737,22101.659552922,-7.847754955291748,-48.59636688232422,83.34664154052734,-5.546999454498291,-53.45738983154297,81.19825744628906,11.167169570922852,-27.291593551635742,80.7164077758789,-3.725688934326172,-39.61759948730469,80.04395294189453,,
1780510065.693088,22101.680024149,-9.56850814819336,-47.67959976196289,85.02999877929688,-7.070348262786865,-54.768516540527344,78.61348724365234,10.66334056854248,-26.62079429626465,78.79871368408203,-2.5016629695892334,-42.25912094116211,82.00907897949219,,
1780510065.7130504,22101.699945156,-9.026690483093262,-46.005516052246094,86.2630615234375,-7.054620265960693,-52.94257736206055,76.95466613769531,8.975044250488281,-27.1002197265625,76.97797393798828,-0.8441524505615234,-43.8248405456543,83.10333251953125,,
1780510065.7331038,22101.724660747,-8.017247200012207,-44.55571365356445,86.75711059570312,-6.690145015716553,-51.967498779296875,76.3626708984375,7.706635475158691,-26.112613677978516,75.97257232666016,-0.23198726773262024,-43.450897216796875,83.76709747314453,,
1780510065.7531075,22101.744203089,-7.835151672363281,-43.12818145751953,86.80631256103516,-5.947202682495117,-51.719764709472656,76.24353790283203,8.051614761352539,-25.999021530151367,75.67659759521484,-1.1926887035369873,-41.64707946777344,83.4266357421875,,
1780510065.7730353,22101.760129441,-8.386191368103027,-42.39861297607422,86.67249298095703,-4.941416263580322,-51.21446990966797,77.11327362060547,9.795445442199707,-27.34839630126953,75.59535217285156,-2.9052951335906982,-38.522377014160156,82.62672424316406,,
1780510065.7929971,22101.780243849,-9.1116304397583,-42.33781051635742,86.18910217285156,-3.804112672805786,-50.32050323486328,78.520263671875,10.701825141906738,-29.64589500427246,75.58120727539062,-4.734327793121338,-35.04716110229492,81.80314636230469,,
1780510065.8129706,22101.800468462,-9.972984313964844,-42.707210540771484,85.66397094726562,-2.3886072635650635,-49.50094985961914,80.5552978515625,10.030189514160156,-31.799644470214844,75.90093994140625,-6.97088098526001,-32.0827751159668,80.6207046508789,,
1780510065.833041,22101.820573843,-10.1731595993042,-43.70405960083008,85.37810516357422,-1.085178256034851,-48.3082389831543,83.18959045410156,9.270710945129395,-32.930171966552734,77.25167846679688,-9.474238395690918,-29.643798828125,78.63082885742188,,
1780510065.8530743,22101.840418861,-9.727201461791992,-45.27965545654297,84.2663803100586,-0.26731812953948975,-46.72368240356445,85.95713806152344,8.766084671020508,-34.07855987548828,79.35049438476562,-11.399402618408203,-27.741668701171875,75.93448638916016,,
1780510065.8730586,22101.860140267,-8.255908012390137,-46.874549865722656,83.22355651855469,0.057488102465867996,-45.51171112060547,87.32398986816406,8.316061019897461,-35.252017974853516,81.32315826416016,-11.481477737426758,-26.200973510742188,73.84980773925781,,
1780510065.8930767,22101.87988092,-6.528659820556641,-47.77707290649414,82.3768081665039,0.7493199110031128,-45.16547775268555,87.29132843017578,8.414347648620605,-36.27812194824219,82.53744506835938,-10.620420455932617,-26.10541534423828,72.89353942871094,,
1780510065.9130614,22101.900158055,-5.731479167938232,-48.424503326416016,81.46387481689453,0.91618812084198,-45.55708312988281,86.85115814208984,9.130108833312988,-35.672523498535156,82.83377075195312,-9.93228530883789,-27.669071197509766,72.31700134277344,,
1780510065.933115,22101.920426298,-5.313608169555664,-49.26203155517578,81.54348754882812,-0.4199514091014862,-47.05172348022461,85.89508056640625,9.990898132324219,-33.344886779785156,82.29421997070312,-9.092903137207031,-30.217754364013672,72.4229965209961,,
1780510065.953026,22101.940679389,-5.684150695800781,-49.880455017089844,82.55615234375,-3.46226167678833,-49.95307540893555,84.36721801757812,10.788021087646484,-30.154491424560547,81.41957092285156,-6.982929229736328,-33.68341064453125,75.17064666748047,,
1780510065.9730308,22101.959882408,-7.495802879333496,-49.86391830444336,84.60098266601562,-6.807584285736084,-53.65367126464844,81.50242614746094,11.766247749328613,-26.54343032836914,80.09134674072266,-4.3415703773498535,-37.38809585571289,79.35189819335938,,
1780510065.9942682,22101.981288391,-9.127575874328613,-48.70235061645508,86.0620346069336,-8.531682014465332,-55.58039474487305,78.87459564208984,11.670278549194336,-25.372514724731445,78.1966781616211,-3.0037312507629395,-39.85710525512695,81.46748352050781,,
1780510066.0130408,22101.999831898,-8.845444679260254,-46.890525817871094,87.1688003540039,-8.516631126403809,-54.41792678833008,77.26041412353516,10.263436317443848,-25.56976318359375,76.45610809326172,-1.5094563961029053,-41.42808151245117,82.67491149902344,,
1780510066.033022,22102.020608941,-7.863516330718994,-45.341495513916016,87.48505401611328,-8.139763832092285,-53.181495666503906,76.64453125,8.824114799499512,-24.87691307067871,75.40321350097656,-0.649229884147644,-41.549598693847656,83.6347427368164,,
1780510066.052994,22102.040271707,-7.6677446365356445,-43.97657775878906,87.52146911621094,-7.2779951095581055,-52.78834533691406,76.41849517822266,8.972107887268066,-25.138425827026367,75.037109375,-1.3369855880737305,-40.01607894897461,83.3697509765625,,
1780510066.0729697,22102.060202184,-8.046758651733398,-43.157798767089844,87.40459442138672,-6.330318927764893,-52.38257598876953,76.92427062988281,9.912205696105957,-26.680706024169922,74.70650482177734,-2.688646078109741,-37.52202224731445,82.72775268554688,,
1780510066.0933945,22102.080318371,-8.713984489440918,-42.94536209106445,86.97122955322266,-4.928558826446533,-51.419437408447266,78.31185150146484,10.879542350769043,-29.006681442260742,74.85963439941406,-4.406966209411621,-34.08781433105469,81.90341186523438,,
1780510066.1132655,22102.100677233,-9.504508018493652,-43.20268249511719,86.43045806884766,-3.2895514965057373,-50.30982208251953,80.51118469238281,10.236846923828125,-31.466354370117188,75.32534790039062,-6.622215747833252,-31.126468658447266,80.74639129638672,,
1780510066.133083,22102.11985512,-10.114128112792969,-44.172943115234375,85.732666015625,-1.5206096172332764,-48.62910079956055,83.50333404541016,9.380267143249512,-33.35360336303711,76.78809356689453,-9.233879089355469,-28.670427322387695,78.5114517211914,,
1780510066.153115,22102.14013956,-9.779269218444824,-45.75075149536133,84.52784729003906,-0.151629239320755,-46.428489685058594,86.52584075927734,8.576053619384766,-34.77935028076172,79.1596908569336,-11.59582233428955,-26.843782424926758,75.3842544555664,,
1780510066.1731112,22102.160367138,-8.212799072265625,-47.054935455322266,83.27635955810547,0.9471635818481445,-44.45564270019531,87.90509033203125,7.5987324714660645,-36.45689010620117,81.47400665283203,-11.57016372680664,-25.64674186706543,73.38165283203125,,
1780510066.193678,22102.180975017,-6.632147312164307,-47.54185485839844,82.13739776611328,2.0155844688415527,-43.608707427978516,87.77009582519531,7.505703449249268,-37.71098327636719,82.8224105834961,-10.379483222961426,-25.912473678588867,72.54489135742188,,
1780510066.2132494,22102.200344938,-5.62830924987793,-47.84583282470703,80.82890319824219,2.4554290771484375,-43.86345672607422,87.21468353271484,8.190081596374512,-37.101951599121094,83.22582244873047,-9.55804443359375,-27.784515380859375,71.86917114257812,,
1780510066.2336876,22102.220844614,-5.367781162261963,-48.5105094909668,80.12606048583984,1.944486141204834,-45.07468032836914,86.43484497070312,9.258485794067383,-35.1173210144043,82.9504623413086,-8.711503028869629,-30.6419620513916,71.63591003417969,,
1780510066.2535138,22102.240360585,-5.668130397796631,-48.999576568603516,80.62525177001953,-0.4690289795398712,-47.697486877441406,85.0982666015625,10.036829948425293,-32.2235107421875,82.11930084228516,-6.79775333404541,-34.35354232788086,73.74564361572266,,
1780510066.2735035,22102.260503651,-6.945989608764648,-49.142799377441406,82.67593383789062,-4.452143669128418,-51.77075958251953,82.60135650634766,10.62409496307373,-28.487592697143555,80.84866333007812,-3.939011812210083,-38.852840423583984,78.2926254272461,,
1780510066.293708,22102.28081293,-8.818989753723145,-48.23748779296875,84.57158660888672,-7.01445198059082,-54.507354736328125,79.65943908691406,10.862035751342773,-26.328907012939453,78.9747314453125,-2.500816583633423,-41.89791488647461,81.19685363769531,,
1780510066.313318,22102.300442424,-8.990071296691895,-46.611907958984375,85.97539520263672,-7.285585880279541,-53.62094497680664,77.52542114257812,9.554608345031738,-27.034530639648438,76.89026641845703,-0.9439983367919922,-43.84955596923828,82.47206115722656,,
1780510066.332976,22102.319937217,-7.807181358337402,-44.84437561035156,86.62828063964844,-6.847713947296143,-51.845237731933594,76.65106201171875,8.124069213867188,-26.774003982543945,75.89380645751953,0.3992050886154175,-43.997886657714844,83.6161117553711,,
1780510066.3528497,22102.339995691,-7.1923418045043945,-42.922569274902344,86.67953491210938,-5.897969722747803,-51.09965133666992,76.15135192871094,7.591198444366455,-26.59515380859375,75.599365234375,0.2137564867734909,-42.78767395019531,83.76750946044922,,
1780510066.3732145,22102.359953469,-7.694129467010498,-41.53187942504883,86.62074279785156,-4.7701640129089355,-50.979644775390625,76.47174072265625,8.722661972045898,-27.682024002075195,75.28750610351562,-1.5307660102844238,-40.039798736572266,82.90946960449219,,
1780510066.3928664,22102.380074221,-8.507932662963867,-40.98941421508789,86.19692993164062,-3.3554012775421143,-49.87946319580078,77.75556945800781,10.04514217376709,-30.100244522094727,75.39679718017578,-3.406358480453491,-36.4355354309082,82.1299057006836,,
1780510066.4133363,22102.400421965,-9.652256965637207,-41.32380294799805,85.52116394042969,-1.487660527229309,-48.632164001464844,79.93891906738281,9.785953521728516,-32.87202072143555,75.79367065429688,-5.802657127380371,-32.90427780151367,80.9385757446289,,
1780510066.4329202,22102.41982738,-10.551448822021484,-42.25529098510742,84.7847671508789,0.5480493903160095,-47.0689811706543,83.07881927490234,8.84261417388916,-34.677879333496094,77.1153335571289,-8.636298179626465,-30.17705535888672,78.79395294189453,,
1780510066.4529827,22102.440072567,-10.203205108642578,-43.96575164794922,83.63573455810547,1.904436469078064,-44.98427963256836,85.979248046875,8.156246185302734,-36.12077331542969,79.40718078613281,-10.935608863830566,-27.847909927368164,75.78394317626953,,
1780510066.4727497,22102.459990349,-8.507415771484375,-45.48262023925781,82.5354232788086,2.450512647628784,-43.46737289428711,87.27764892578125,7.279255390167236,-37.549652099609375,81.57917022705078,-10.956649780273438,-26.345951080322266,73.78648376464844,,
1780510066.4929411,22102.480542929,-6.759141445159912,-46.378787994384766,81.52845764160156,2.911827564239502,-43.18971252441406,87.11767578125,7.4369611740112305,-38.48088455200195,82.79993438720703,-9.85524845123291,-26.381887435913086,72.81417846679688,,
1780510066.5129824,22102.502859458,-5.708888530731201,-47.26844024658203,80.55304718017578,3.0135130882263184,-43.762184143066406,86.6146469116211,8.488653182983398,-37.661720275878906,83.06121063232422,-9.050344467163086,-28.029951095581055,72.03231048583984,,
1780510066.5330338,22102.520218897,-5.370428085327148,-48.11479187011719,80.13309478759766,1.7843129634857178,-45.47616195678711,85.81022644042969,9.476421356201172,-35.439208984375,82.70110321044922,-8.154276847839355,-30.707948684692383,71.95274353027344,,
1780510066.553178,22102.540220603,-5.501415729522705,-48.40216064453125,81.18074798583984,-1.486794352531433,-48.829769134521484,84.25711822509766,9.946717262268066,-32.02705383300781,81.79457092285156,-6.265873908996582,-34.33318328857422,74.66238403320312,,
1780510066.5731623,22102.560042263,-7.243319988250732,-48.695987701416016,83.34244537353516,-5.679637432098389,-53.04941940307617,81.54299926757812,10.69918441772461,-27.8635311126709,80.5997543334961,-3.659121036529541,-38.39505386352539,79.25484466552734,,
1780510066.5931678,22102.580105432,-9.070399284362793,-48.007259368896484,85.047607421875,-7.547186374664307,-54.75997543334961,78.82650756835938,10.79063892364502,-26.591676712036133,78.80157470703125,-2.4070582389831543,-41.143619537353516,81.59366607666016,,
1780510066.6129637,22102.600645449,-8.938139915466309,-46.244102478027344,86.18724060058594,-7.461399555206299,-52.90442657470703,77.1262435913086,9.091756820678711,-27.420103073120117,77.00300598144531,-0.4607492983341217,-43.23069763183594,83.01191711425781,,
1780510066.6330369,22102.619893695,-7.734190940856934,-44.74626922607422,86.84820556640625,-7.0106425285339355,-51.9127197265625,76.51859283447266,7.877193927764893,-26.5704345703125,75.84036254882812,0.3352578580379486,-43.217350006103516,83.50486755371094,,
1780510066.6534698,22102.640289725,-7.3552069664001465,-43.277320861816406,87.08661651611328,-6.126700401306152,-51.7929801940918,76.2535171508789,8.271768569946289,-26.36112403869629,75.58756256103516,-0.6569468975067139,-41.40563201904297,83.09675598144531,,
1780510066.6730118,22102.659880803,-7.924398899078369,-42.4691162109375,86.84477233886719,-5.181399822235107,-51.099266052246094,77.33384704589844,9.94969367980957,-27.678876876831055,75.54119110107422,-2.4852890968322754,-38.390052795410156,82.42365264892578,,
1780510066.6925647,22102.680361888,-8.657449722290039,-42.27440643310547,86.3775863647461,-4.102581024169922,-49.936580657958984,78.88217163085938,10.819327354431152,-29.954471588134766,75.56396484375,-4.2918596267700195,-34.8013801574707,81.73469543457031,,
1780510066.7127173,22102.699977546,-9.932517051696777,-43.01873016357422,85.68775177001953,-2.32389497756958,-48.87877655029297,81.15145874023438,10.143722534179688,-32.4590950012207,75.96782684326172,-6.803221225738525,-31.55747413635254,80.2234878540039,,
1780510066.7327197,22102.719522225,-10.246132850646973,-44.305057525634766,85.17491149902344,-0.5224699974060059,-46.97248077392578,84.32024383544922,9.337896347045898,-34.025089263916016,77.72801208496094,-9.67211627960205,-28.803558349609375,77.7685775756836,,
1780510066.752881,22102.739701787,-9.491386413574219,-46.04376220703125,84.1482925415039,0.5938615202903748,-44.73248291015625,87.0615463256836,8.519084930419922,-35.53459167480469,79.99630737304688,-11.647600173950195,-26.868757247924805,75.0411605834961,,
1780510066.772965,22102.759966766,-7.747270107269287,-47.3530387878418,82.96477508544922,1.495740294456482,-42.93251037597656,87.95404815673828,7.683925151824951,-37.02873611450195,81.92593383789062,-11.086469650268555,-25.64928436279297,73.43624877929688,,
1780510066.792937,22102.779746698,-6.07354736328125,-47.855342864990234,81.94994354248047,2.2547547817230225,-42.53999328613281,87.60176086425781,7.741539478302002,-37.93828201293945,83.01034545898438,-9.81567096710205,-26.153308868408203,72.65116119384766,,
1780510066.8130186,22102.800114748,-5.215351104736328,-48.25746536254883,80.79924011230469,2.1664934158325195,-43.28010177612305,87.01979064941406,8.34151554107666,-37.038002014160156,83.27023315429688,-9.086065292358398,-28.014307022094727,71.94754028320312,,
1780510066.832946,22102.820505897,-4.9963154792785645,-48.6439323425293,80.3844223022461,0.7879648804664612,-45.37799072265625,86.16349792480469,9.092147827148438,-34.680519104003906,82.81138610839844,-8.18115520477295,-30.61932373046875,72.03655242919922,,
1780510066.8529837,22102.840144911,-5.3835625648498535,-48.934017181396484,81.24102783203125,-2.396397113800049,-48.65276336669922,84.57144927978516,9.704232215881348,-31.61260986328125,81.9144287109375,-5.936078071594238,-34.31123352050781,74.89323425292969,,
1780510066.8730946,22102.859741168,-7.1517720222473145,-48.91783905029297,83.32137298583984,-6.284048557281494,-52.652957916259766,81.7474594116211,10.574799537658691,-27.86349868774414,80.47806549072266,-3.3769357204437256,-38.71980667114258,79.40592193603516,,
1780510066.89329,22102.880692606,-8.99019718170166,-47.873504638671875,84.97355651855469,-7.981634616851807,-54.28519821166992,79.07476043701172,10.446076393127441,-27.005949020385742,78.33319854736328,-1.832219123840332,-41.66652297973633,81.63510131835938,,
1780510066.9129813,22102.900409917,-8.554723739624023,-46.039859771728516,86.22454071044922,-7.580989360809326,-52.62123489379883,77.42259979248047,8.86996841430664,-27.691944122314453,76.58248901367188,0.09751711785793304,-43.65060043334961,82.84609985351562,,
1780510066.9330842,22102.920121515,-7.168783664703369,-44.41171646118164,86.8550796508789,-7.07974910736084,-51.639732360839844,76.75931549072266,7.630403995513916,-26.868200302124023,75.55139923095703,0.904252290725708,-43.53220748901367,83.43631744384766,,
1780510066.9530785,22102.940408304,-6.911214351654053,-42.551605224609375,86.96350860595703,-6.01382303237915,-51.54122543334961,76.42317199707031,7.935974597930908,-26.987998962402344,75.38143157958984,-0.1426740139722824,-41.82693862915039,83.06483459472656,,
1780510066.9730258,22102.960402011,-7.58510684967041,-41.61842727661133,86.74451446533203,-4.768698692321777,-50.77083969116211,77.25779724121094,9.554716110229492,-28.563127517700195,75.36173248291016,-1.922336220741272,-38.61552810668945,82.40052795410156,,
1780510066.993083,22102.979860704,-8.493630409240723,-41.374393463134766,86.1794662475586,-3.394874334335327,-49.42687225341797,78.93804931640625,10.384353637695312,-31.090673446655273,75.36634826660156,-3.8909060955047607,-34.974647521972656,81.62663269042969,,
1780510067.013036,22102.999736731,-9.896799087524414,-42.02540969848633,85.49372100830078,-1.1972306966781616,-47.937904357910156,81.48280334472656,9.483768463134766,-33.745567321777344,76.1011734008789,-6.505425453186035,-31.764432907104492,80.08734130859375,,
1780510067.0329974,22103.020103087,-10.621426582336426,-43.449520111083984,84.42996978759766,1.1943879127502441,-45.58034133911133,85.06407928466797,8.545235633850098,-35.59969711303711,78.09282684326172,-9.671747207641602,-29.030588150024414,77.14779663085938,,
1780510067.0531995,22103.040505459,-9.596026420593262,-45.24486541748047,83.19482421875,2.61126971244812,-42.90135955810547,87.32817077636719,7.629217147827148,-37.346439361572266,80.48902893066406,-10.971907615661621,-27.06553840637207,74.56627655029297,,
1780510067.0732687,22103.060864149,-7.728276252746582,-46.34302520751953,82.02110290527344,3.5245466232299805,-41.40184783935547,87.56851959228516,6.978484153747559,-38.98087692260742,82.26409912109375,-9.779568672180176,-26.143436431884766,73.49786376953125,,
1780510067.0930324,22103.079904324,-6.334484577178955,-47.08427810668945,80.78881072998047,4.075318336486816,-41.36418151855469,86.9770736694336,7.379896640777588,-39.466068267822266,83.06837463378906,-8.396989822387695,-27.042598724365234,72.6065902709961,,
1780510067.1130104,22103.100603876,-5.841938495635986,-47.87683868408203,79.45783996582031,3.6464293003082275,-42.47105026245117,86.36808013916016,7.999643802642822,-38.25251770019531,83.20006561279297,-7.491456508636475,-29.06785011291504,71.64971160888672,,
1780510067.1332805,22103.120771093,-5.749230861663818,-48.168426513671875,78.99596405029297,1.7472413778305054,-44.928550720214844,85.57678985595703,8.410796165466309,-35.8286018371582,82.87989044189453,-6.367367744445801,-31.72868537902832,72.11270141601562,,
1780510067.1530936,22103.140412232,-6.109686374664307,-48.25249099731445,79.82598114013672,-1.798486590385437,-48.72744369506836,84.06004333496094,8.582991600036621,-32.62864685058594,82.07323455810547,-4.01725435256958,-35.29999923706055,75.04460906982422,,
1780510067.1730523,22103.160262694,-7.446781158447266,-48.26026153564453,81.92683410644531,-5.898677825927734,-52.226715087890625,81.54181671142578,9.53256893157959,-28.968860626220703,80.65166473388672,-2.1047964096069336,-39.8398323059082,79.32353973388672,,
1780510067.1930227,22103.18068157,-9.074176788330078,-46.85203552246094,83.90950775146484,-7.388006687164307,-52.856178283691406,78.854248046875,9.607219696044922,-28.522676467895508,78.43729400634766,-0.9478358030319214,-43.072383880615234,81.35547637939453,,
1780510067.2129874,22103.199959387,-8.232466697692871,-44.74673843383789,85.24198913574219,-7.043354511260986,-50.63703536987305,77.45502471923828,8.484760284423828,-29.404937744140625,76.79774475097656,0.9917092323303223,-45.093013763427734,82.36701965332031,,
1780510067.2330651,22103.220025901,-6.528902053833008,-42.346553802490234,85.97476196289062,-6.511896133422852,-49.378387451171875,77.0124740600586,7.294809341430664,-28.799701690673828,75.95506286621094,1.632193684577942,-45.3125114440918,82.71340942382812,,
1780510067.2530553,22103.240203169,-6.346567153930664,-40.671043395996094,86.23689270019531,-5.754927635192871,-49.19430160522461,77.13467407226562,7.668828964233398,-29.055585861206055,75.61243438720703,0.2871358096599579,-43.589778900146484,82.25018310546875,,
1780510067.272965,22103.260468017,-7.37703275680542,-39.747257232666016,85.82933044433594,-4.600506782531738,-47.83219528198242,78.28782653808594,9.187000274658203,-31.24246597290039,75.76127624511719,-1.7958431243896484,-40.35546112060547,81.61792755126953,,
1780510067.2931511,22103.280101189,-8.850512504577637,-39.934574127197266,85.18690490722656,-2.8997883796691895,-45.964111328125,80.50060272216797,9.461101531982422,-33.9549560546875,76.1766586303711,-4.043822765350342,-36.12784194946289,80.90220642089844,,
1780510067.3136864,22103.300685842,-11.296250343322754,-41.600555419921875,83.85289001464844,0.41898584365844727,-43.99498748779297,84.21855926513672,8.115033149719238,-36.46748352050781,77.81302642822266,-7.1088786125183105,-31.70412826538086,78.4893569946289,,
1780510067.3335283,22103.320890775,-11.246919631958008,-43.87870407104492,82.6586685180664,2.534217357635498,-41.166622161865234,87.21788787841797,6.549002647399902,-38.16410446166992,80.47040557861328,-9.538118362426758,-28.216796875,75.57146453857422,,
1780510067.3532336,22103.341618308,-9.505765914916992,-45.04204177856445,82.07847595214844,3.491605520248413,-39.769874572753906,87.55660247802734,5.131587505340576,-39.743194580078125,82.5485610961914,-8.898238182067871,-26.13819694519043,74.15111541748047,,
1780510067.3729048,22103.36019496,-7.656321048736572,-45.61848831176758,81.1348876953125,3.918468952178955,-39.83796310424805,87.0591049194336,5.1030449867248535,-40.534542083740234,83.6158447265625,-7.304909706115723,-25.735687255859375,73.56591796875,,
1780510067.3932674,22103.380473011,-6.337808609008789,-46.67313766479492,79.8367919921875,3.503143310546875,-41.00916290283203,86.57777404785156,5.876467227935791,-39.912715911865234,83.79167938232422,-6.245634078979492,-26.8453426361084,72.13531494140625,,
1780510067.412918,22103.399475481,-5.711086273193359,-47.218345642089844,78.71981811523438,2.164719820022583,-43.214820861816406,85.88420104980469,6.470975399017334,-38.16404342651367,83.80526733398438,-5.126570224761963,-29.02122688293457,71.51271057128906,,
1780510067.4331162,22103.419916861,-5.808685302734375,-47.16984558105469,78.76555633544922,-0.14738139510154724,-46.626564025878906,84.85074615478516,7.091409206390381,-35.61501693725586,83.17289733886719,-3.5871522426605225,-31.96390724182129,73.07411193847656,,
1780510067.4530883,22103.440108006,-6.454861164093018,-47.22557067871094,80.34710693359375,-4.056663990020752,-50.438655853271484,82.78528594970703,7.916359901428223,-32.00321960449219,82.09944152832031,-1.3790643215179443,-36.693538665771484,76.80177307128906,,
1780510067.4731264,22103.461953183,-7.848761558532715,-46.66815948486328,82.74481964111328,-6.813906192779541,-52.292823791503906,80.03996276855469,9.179221153259277,-29.208290100097656,80.09654998779297,-0.21605616807937622,-41.194297790527344,80.00201416015625,,
1780510067.4930818,22103.47990009,-8.274947166442871,-44.8313102722168,84.41912078857422,-6.9343132972717285,-51.07663345336914,78.05577850341797,9.00279712677002,-29.805803298950195,77.83374786376953,1.337510108947754,-44.38994216918945,81.1409683227539,,
1780510067.5130937,22103.499925951,-6.58396053314209,-42.45192337036133,85.51914978027344,-6.499152660369873,-49.1965217590332,77.38673400878906,7.865065097808838,-29.416534423828125,76.5467300415039,2.6577703952789307,-45.86750030517578,81.82735443115234,,
1780510067.5330694,22103.520182942,-5.5588507652282715,-40.27267074584961,85.94249725341797,-5.910260200500488,-48.6827278137207,77.30573272705078,7.214261054992676,-28.82021141052246,76.06890106201172,2.070331335067749,-45.65788269042969,81.92709350585938,,
1780510067.5529711,22103.540183701,-6.505356788635254,-39.366485595703125,85.9498062133789,-4.832662582397461,-48.176822662353516,77.94788360595703,8.311885833740234,-30.08806037902832,75.9568099975586,-0.07905720174312592,-43.59730911254883,81.3355941772461,,
1780510067.5728595,22103.560082968,-8.039312362670898,-39.097984313964844,85.28976440429688,-3.435483455657959,-46.47380447387695,79.56554412841797,9.383551597595215,-32.8308219909668,75.84827423095703,-2.378171443939209,-40.13378143310547,80.78109741210938,,
1780510067.5930884,22103.580421995,-10.275124549865723,-40.09474182128906,84.3833999633789,-1.149736762046814,-44.70770263671875,82.3646469116211,8.910381317138672,-35.223777770996094,76.4854736328125,-5.032983779907227,-35.54188537597656,79.56857299804688,,
1780510067.6128922,22103.600225947,-11.875691413879395,-42.256736755371094,83.08326721191406,1.6810096502304077,-42.36962890625,86.15757751464844,7.365925312042236,-36.73963165283203,78.85420989990234,-8.114002227783203,-31.108327865600586,76.87740325927734,,
1780510067.6328516,22103.61960045,-10.803044319152832,-44.19997787475586,82.3508529663086,3.113584041595459,-39.95570755004883,87.90538787841797,5.637400150299072,-38.090667724609375,81.25614166259766,-9.311165809631348,-28.07132911682129,74.72905731201172,,
1780510067.6531327,22103.639579346,-9.04235553741455,-45.04970169067383,81.16524505615234,3.8333852291107178,-39.200782775878906,87.60065460205078,4.806685447692871,-39.643836975097656,82.97154235839844,-7.577743053436279,-26.305078506469727,74.08946228027344,,
1780510067.6729937,22103.659941581,-7.219062805175781,-45.94870376586914,80.18700408935547,3.9697554111480713,-40.032630920410156,86.98018646240234,5.450942516326904,-40.056644439697266,83.52503204345703,-6.265193462371826,-26.617311477661133,73.02581024169922,,
1780510067.693056,22103.681166071,-6.18946647644043,-46.90829849243164,78.85643005371094,3.2005062103271484,-41.856082916259766,86.2425308227539,6.278341770172119,-39.002254486083984,83.55542755126953,-5.3151702880859375,-28.283357620239258,71.77296447753906,,
1780510067.7129934,22103.700428404,-5.929258823394775,-47.02029037475586,78.36689758300781,1.2476180791854858,-44.853973388671875,85.44380187988281,6.833626747131348,-36.770992279052734,83.33323669433594,-4.202096939086914,-30.955280303955078,72.39314270019531,,
1780510067.7328722,22103.719719446,-6.3225908279418945,-46.891666412353516,79.23284912109375,-2.0912699699401855,-48.979393005371094,83.69883728027344,7.243494033813477,-33.62151336669922,82.51428985595703,-1.9930874109268188,-34.81230545043945,75.32453918457031,,
1780510067.7528389,22103.739685763,-7.32874870300293,-46.760562896728516,81.5990982055664,-5.771559715270996,-51.83826446533203,81.07170867919922,8.936604499816895,-30.102176666259766,80.9026107788086,-0.42384546995162964,-39.9436149597168,79.0551986694336,,
1780510067.7729542,22103.761116972,-8.553569793701172,-45.369571685791016,83.54301452636719,-6.670691967010498,-51.635555267333984,78.64896392822266,9.184285163879395,-29.79867935180664,78.61129760742188,0.9191656708717346,-43.632694244384766,80.94754791259766,,
1780510067.7928238,22103.779997515,-7.442498683929443,-42.97550582885742,84.88653564453125,-6.026727676391602,-49.63560485839844,77.39836120605469,8.114916801452637,-30.1189022064209,77.12767791748047,2.5021796226501465,-45.8886604309082,81.70243835449219,,
1780510067.8128822,22103.799830668,-5.7969465255737305,-40.44261169433594,85.4748306274414,-5.597606182098389,-48.58808898925781,77.06963348388672,6.946535110473633,-29.397397994995117,76.49444580078125,2.641791582107544,-46.350772857666016,82.04004669189453,,
1780510067.83289,22103.820164597,-6.084917068481445,-39.05339050292969,85.6236801147461,-4.656038284301758,-48.25295639038086,77.4150390625,7.4814324378967285,-30.068246841430664,76.19593811035156,0.9466637969017029,-45.01112365722656,81.62469482421875,,
1780510067.8528934,22103.840244455,-7.278538227081299,-38.30453109741211,85.0881576538086,-3.318589210510254,-46.712196350097656,78.54766845703125,8.748384475708008,-32.55644607543945,76.25485229492188,-1.0503977537155151,-42.23533630371094,81.18971252441406,,
1780510067.8730612,22103.860404432,-9.194147109985352,-38.61604690551758,84.23413848876953,-1.372887134552002,-44.95332717895508,80.59326171875,8.839763641357422,-35.101417541503906,76.48574829101562,-3.3519957065582275,-38.04590606689453,80.42599487304688,,
1780510067.8930197,22103.880541488,-11.832555770874023,-40.30213928222656,82.79853820800781,1.7779759168624878,-43.107540130615234,84.02364349365234,7.345571517944336,-37.01176834106445,78.04032135009766,-6.284069538116455,-33.48888397216797,78.20812225341797,,
1780510067.912899,22103.900262127,-11.903252601623535,-42.63761520385742,81.74079895019531,3.7530786991119385,-40.55486297607422,86.84917449951172,6.192080974578857,-38.460330963134766,80.50255584716797,-8.560590744018555,-29.852210998535156,75.64449310302734,,
1780510067.932703,22103.91946803,-10.173863410949707,-43.879154205322266,80.97190856933594,4.4547295570373535,-39.38996887207031,87.08991241455078,5.03566312789917,-39.807186126708984,82.49321746826172,-7.927202224731445,-27.469837188720703,74.33097839355469,,
1780510067.9532354,22103.943327349,-8.24647331237793,-44.607391357421875,79.99554443359375,4.7146525382995605,-39.85041809082031,86.56114196777344,5.280497074127197,-40.50275802612305,83.4070053100586,-6.464359283447266,-26.75046157836914,73.72164916992188,,
1780510067.9731874,22103.959991406,-6.934525966644287,-45.70159912109375,78.63951110839844,4.144606590270996,-41.50786209106445,85.95252227783203,6.168365478515625,-39.80656433105469,83.52699279785156,-5.498058795928955,-27.897438049316406,72.41456604003906,,
1780510067.993113,22103.980393663,-6.3888983726501465,-46.1973876953125,77.69351196289062,2.3625926971435547,-44.33133316040039,85.18693542480469,6.684692859649658,-37.76897430419922,83.55496215820312,-4.331116199493408,-30.445804595947266,72.30924987792969,,
1780510068.0131626,22104.000364254,-6.451076984405518,-46.20013427734375,78.46170043945312,-0.9428976774215698,-48.49989700317383,83.73828887939453,7.050936222076416,-34.707847595214844,82.8903579711914,-2.2379813194274902,-34.016666412353516,74.95138549804688,,
1780510068.0339453,22104.021503065,-7.430054664611816,-46.33027267456055,80.65430450439453,-4.902585029602051,-51.67601776123047,81.4061050415039,8.813838005065918,-31.158079147338867,81.64289093017578,-0.6076096892356873,-39.23967742919922,78.85282135009766,,
1780510068.0533257,22104.040751044,-8.774456024169922,-45.29945373535156,82.85491943359375,-6.202131271362305,-51.713619232177734,78.8630142211914,9.236027717590332,-30.152997970581055,79.54023742675781,0.6130063533782959,-43.156959533691406,80.99698638916016,,
1780510068.073436,22104.060136558,-7.954246997833252,-43.252986907958984,84.37642669677734,-5.845419883728027,-49.6650276184082,77.45672607421875,8.026248931884766,-30.598121643066406,77.70793151855469,2.2242846488952637,-45.872379302978516,81.79096984863281,,
1780510068.0931284,22104.080049491,-6.100226402282715,-40.899715423583984,85.1851806640625,-5.65537691116333,-48.26622009277344,77.15655517578125,6.812236309051514,-29.72822380065918,76.83375549316406,2.8316805362701416,-46.70875930786133,82.17032623291016,,
1780510068.1130626,22104.099948997,-6.03837776184082,-39.393436431884766,85.56961822509766,-4.846534252166748,-48.21535110473633,77.34325408935547,7.026091575622559,-29.56667709350586,76.54147338867188,1.2382218837738037,-45.6927490234375,81.78416442871094,,
1780510068.1331117,22104.121374596,-7.106231689453125,-38.75644302368164,85.23422241210938,-3.7773144245147705,-47.01211166381836,78.27015686035156,8.594666481018066,-31.52581787109375,76.6326904296875,-0.8413832783699036,-43.064640045166016,81.31617736816406,,
1780510068.1532767,22104.140685958,-8.75164794921875,-38.90386199951172,84.51234436035156,-2.282985210418701,-45.404090881347656,80.12022399902344,9.239198684692383,-33.9512825012207,76.52861022949219,-3.027515172958374,-39.08523178100586,80.65153503417969,,
1780510068.1730762,22104.160168973,-11.239742279052734,-40.50196075439453,83.29180908203125,0.5113016366958618,-43.83985900878906,83.3481674194336,8.251093864440918,-35.983802795410156,77.64942169189453,-5.726802825927734,-34.22159194946289,78.79629516601562,,
1780510068.1931272,22104.17987024,-11.923609733581543,-42.63623046875,82.25102233886719,2.696617364883423,-41.497901916503906,86.57626342773438,6.787705898284912,-37.197086334228516,79.91533660888672,-8.704402923583984,-30.345108032226562,76.1830062866211,,
1780510068.213136,22104.199826843,-10.165882110595703,-44.25379180908203,81.68798065185547,3.56441330909729,-40.072853088378906,87.457275390625,5.490927219390869,-38.63582229614258,82.0425033569336,-8.72356128692627,-27.371322631835938,74.59909057617188,,
1780510068.2329729,22104.219845385,-8.32021713256836,-44.97111892700195,80.80584716796875,3.8295931816101074,-40.053619384765625,87.12554931640625,5.171108722686768,-39.59458923339844,83.2923355102539,-7.50034236907959,-26.3901309967041,73.85235595703125,,
1780510068.253117,22104.242942417,-6.8277459144592285,-45.79311752319336,79.46900939941406,3.646832227706909,-41.299251556396484,86.68517303466797,5.825323581695557,-39.2343864440918,83.65997314453125,-6.446473598480225,-27.24458122253418,72.8118667602539,,
1780510068.273059,22104.260671698,-5.964688301086426,-46.724815368652344,78.67425537109375,2.2481961250305176,-43.55992126464844,85.82245635986328,6.72767972946167,-37.74782943725586,83.57473754882812,-5.363960266113281,-29.079498291015625,71.89746856689453,,
1780510068.293081,22104.280259739,-5.95605993270874,-46.99516677856445,78.91584014892578,-0.45526647567749023,-46.963619232177734,84.71943664550781,7.286114692687988,-35.03617858886719,83.0416488647461,-3.5993432998657227,-32.183189392089844,73.4786148071289,,
1780510068.3130894,22104.30032759,-6.559464931488037,-47.09357833862305,80.78119659423828,-4.3780198097229,-51.054195404052734,82.62531280517578,8.247685432434082,-31.347383499145508,81.8790283203125,-1.6284635066986084,-36.779945373535156,77.49268341064453,,
1780510068.3332136,22104.319998025,-8.166360855102539,-46.52703857421875,83.11672973632812,-6.84122371673584,-52.764259338378906,79.74360656738281,9.50145435333252,-28.748247146606445,80.06809997558594,-0.5527032017707825,-41.01936340332031,80.35490417480469,,
1780510068.3532066,22104.340102556,-8.453766822814941,-45.04708480834961,84.71163177490234,-6.980766296386719,-51.43107986450195,77.8277816772461,9.019384384155273,-29.30232810974121,77.8669662475586,1.0757200717926025,-43.98920440673828,81.42516326904297,,
1780510068.3730571,22104.359884257,-6.872185230255127,-42.849891662597656,85.7300796508789,-6.439799785614014,-49.731475830078125,77.26663208007812,7.759754180908203,-28.925518035888672,76.60064697265625,2.320472002029419,-45.40134048461914,82.10841369628906,,
1780510068.3931067,22104.38024678,-5.934395790100098,-41.13956832885742,86.21505737304688,-5.901098251342773,-49.51365280151367,77.16454315185547,7.3884358406066895,-28.20453453063965,76.01460266113281,1.5224941968917847,-44.760406494140625,82.00214385986328,,
1780510068.4131646,22104.399951856,-6.70709753036499,-40.02273941040039,86.05099487304688,-4.961141109466553,-48.866241455078125,77.88935089111328,8.650808334350586,-29.513919830322266,75.9666976928711,-0.4972173869609833,-42.767948150634766,81.46434020996094,,
1780510068.433006,22104.420329814,-8.003327369689941,-39.76068878173828,85.4702377319336,-3.7486038208007812,-47.3076171875,79.43375396728516,9.645715713500977,-32.01301193237305,75.8990478515625,-2.535996675491333,-39.41232681274414,80.90924072265625,,
1780510068.453138,22104.440151946,-9.984095573425293,-40.6864128112793,84.67240142822266,-1.6316848993301392,-45.787662506103516,81.76861572265625,9.231929779052734,-34.413333892822266,76.35916137695312,-5.060708999633789,-35.1773796081543,79.76387023925781,,
1780510068.4730492,22104.460399749,-11.552750587463379,-42.55772399902344,83.49777221679688,1.1081621646881104,-43.72123336791992,85.38631439208984,7.772683620452881,-35.99058532714844,78.41519165039062,-7.974399566650391,-31.215051651000977,77.28971099853516,,
1780510068.4929612,22104.480495015,-10.82749080657959,-44.61922836303711,82.5426025390625,2.2716739177703857,-41.79401397705078,87.73379516601562,6.379469871520996,-37.16740417480469,80.6521987915039,-9.659997940063477,-28.08078384399414,74.7932357788086,,
1780510068.5131679,22104.50070839,-8.958592414855957,-45.71791458129883,81.6148452758789,2.875248908996582,-40.99308776855469,87.76780700683594,5.469669342041016,-38.539268493652344,82.49215698242188,-8.644590377807617,-26.25322151184082,73.58303833007812,,
1780510068.532988,22104.520859627,-7.308384418487549,-46.403141021728516,80.48619842529297,3.1033143997192383,-41.55089569091797,87.25843811035156,5.797949314117432,-39.0247802734375,83.30731201171875,-7.330801963806152,-26.438936233520508,72.80101013183594,,
1780510068.5533512,22104.540091443,-6.242701530456543,-47.37147521972656,79.25033569335938,2.8291211128234863,-42.772212982177734,86.51897430419922,6.804585933685303,-38.19979476928711,83.36488342285156,-6.297537803649902,-28.150463104248047,71.7502212524414,,
1780510068.5730143,22104.559801335,-5.953529357910156,-47.792816162109375,78.56212615966797,1.168074369430542,-45.045867919921875,85.64959716796875,7.40021276473999,-35.935630798339844,83.23593139648438,-4.9364237785339355,-30.965547561645508,72.08392333984375,,
1780510068.5929863,22104.580205617,-6.234020233154297,-47.91538619995117,79.45272064208984,-1.941811203956604,-48.62968826293945,84.15897369384766,7.912846088409424,-32.84610366821289,82.38642883300781,-2.7139618396759033,-34.8775520324707,74.88558197021484,,
1780510068.613001,22104.600810006,-7.197085380554199,-48.01872253417969,81.59977722167969,-5.447286605834961,-51.733131408691406,81.7932357788086,9.6579008102417,-29.299985885620117,80.88501739501953,-1.1116448640823364,-39.68849563598633,78.57022857666016,,
1780510068.6329803,22104.61978992,-8.542834281921387,-46.4344482421875,83.5383529663086,-6.916465759277344,-52.373870849609375,79.14517974853516,9.969979286193848,-28.540437698364258,78.5997543334961,-0.10027293860912323,-43.23157501220703,80.55995178222656,,
1780510068.6530042,22104.639909183,-7.905832767486572,-44.292518615722656,85.03837585449219,-6.719772815704346,-50.78755187988281,77.75884246826172,8.89380931854248,-28.959190368652344,76.82295227050781,1.299906611442566,-45.32541275024414,81.4603042602539,,
1780510068.6730418,22104.65989343,-6.448466777801514,-41.58639907836914,85.58442687988281,-6.516701698303223,-49.37038040161133,77.34876251220703,7.4853291511535645,-28.6160945892334,76.03602600097656,1.9068422317504883,-46.11399459838867,82.30916595458984,,
1780510068.6929827,22104.681371605,-6.306081771850586,-39.927310943603516,85.90189361572266,-5.753660202026367,-48.92943572998047,77.28816223144531,7.510223388671875,-28.920913696289062,75.58502197265625,0.8276994228363037,-44.94135665893555,82.13175201416016,,
1780510068.7130575,22104.70061109,-7.264369010925293,-38.81546401977539,85.54097747802734,-4.499356269836426,-47.831642150878906,78.09152221679688,8.708168029785156,-31.026870727539062,75.4915771484375,-1.089370608329773,-42.49956512451172,81.54544830322266,,
1780510068.733097,22104.72040255,-8.865489959716797,-38.88107681274414,85.00822448730469,-2.550690174102783,-45.975868225097656,79.97335052490234,9.196999549865723,-33.75124740600586,75.84815216064453,-3.378298759460449,-38.52400588989258,80.81492614746094,,
1780510068.7528045,22104.739697732,-11.331454277038574,-40.004268646240234,83.80170440673828,0.18715117871761322,-44.421722412109375,83.1991958618164,7.912205696105957,-35.89678192138672,76.87700653076172,-6.295429706573486,-34.01860046386719,79.10590362548828,,
1780510068.7729065,22104.759710497,-12.24783992767334,-42.14088821411133,82.56807708740234,2.6261632442474365,-42.16746139526367,86.7518310546875,6.671054840087891,-37.19837951660156,79.4896240234375,-9.321220397949219,-30.182125091552734,76.2510757446289,,
1780510068.793276,22104.780147132,-10.610604286193848,-43.88343048095703,81.83340454101562,3.5030064582824707,-40.53825759887695,87.73206329345703,5.231253623962402,-38.58417892456055,81.77268981933594,-9.335538864135742,-27.281024932861328,74.38363647460938,,
1780510068.8131657,22104.800195484,-8.728625297546387,-44.72576904296875,80.7796630859375,4.110767841339111,-40.10306167602539,87.216552734375,5.000905513763428,-39.834293365478516,83.24071502685547,-7.699934482574463,-26.2718563079834,73.78448486328125,,
1780510068.8330848,22104.820494676,-7.174476623535156,-45.64692306518555,79.49069213867188,4.051842212677002,-41.354732513427734,86.67000579833984,5.753497123718262,-39.66130828857422,83.61901092529297,-6.675487995147705,-27.29408073425293,72.61302185058594,,
1780510068.8532386,22104.840497643,-6.277341365814209,-46.59033203125,78.23255920410156,3.2558491230010986,-43.143394470214844,85.86102294921875,6.691148281097412,-38.19864273071289,83.68043518066406,-5.617190361022949,-29.535877227783203,71.7569351196289,,
1780510068.8731396,22104.860029195,-6.213465213775635,-46.998905181884766,78.43531036376953,0.7699475884437561,-46.25374221801758,84.8823471069336,7.441470623016357,-35.63593292236328,83.09281921386719,-4.034708023071289,-32.430992126464844,72.83668518066406,,
1780510068.8931336,22104.879983965,-6.685474395751953,-47.29985427856445,79.96643829345703,-2.958613872528076,-49.950401306152344,83.106201171875,8.225245475769043,-32.04149627685547,82.18504333496094,-1.8100148439407349,-36.923152923583984,76.26866912841797,,
1780510068.9131627,22104.899922106,-8.082860946655273,-46.627525329589844,82.41514587402344,-6.266174793243408,-52.35835647583008,80.30908966064453,9.185980796813965,-28.798969268798828,80.49183654785156,-0.6741974353790283,-41.393409729003906,79.84342193603516,,
1780510068.933259,22104.920516465,-8.782761573791504,-45.34192657470703,84.26742553710938,-6.827035903930664,-51.84494400024414,78.19197082519531,8.995893478393555,-28.957002639770508,78.22088623046875,0.42573267221450806,-44.25250244140625,81.14965057373047,,
1780510068.9531329,22104.94075412,-7.361130714416504,-42.87133026123047,85.38684844970703,-6.390036106109619,-49.609249114990234,77.21833801269531,7.897367000579834,-29.374853134155273,76.91036224365234,1.9386366605758667,-46.02279281616211,82.07427978515625,,
1780510068.973117,22104.960180123,-6.164306640625,-40.779544830322266,85.84882354736328,-5.893686294555664,-48.78977966308594,76.9892349243164,6.86550760269165,-28.614309310913086,76.12217712402344,1.8381342887878418,-45.92100524902344,82.3984146118164,,
1780510068.9931333,22104.979896393,-6.723828315734863,-39.47712326049805,85.95575714111328,-4.928562641143799,-48.45124816894531,77.40681457519531,7.944153785705566,-29.647083282470703,76.08457946777344,-0.13362474739551544,-44.02211380004883,81.68267059326172,,
1780510069.0131156,22105.00005812,-7.923994541168213,-38.81782150268555,85.41378784179688,-3.7106223106384277,-46.93891143798828,78.85916900634766,9.10989761352539,-32.05529022216797,76.03160858154297,-2.2912819385528564,-40.77566146850586,81.20156860351562,,
1780510069.0337007,22105.020767649,-9.871919631958008,-39.473026275634766,84.70924377441406,-1.6886225938796997,-45.24414825439453,81.1246337890625,9.00301742553711,-34.59318161010742,76.57820129394531,-4.841104030609131,-36.31426239013672,80.21033477783203,,
1780510069.053149,22105.040887922,-12.024199485778809,-41.32396697998047,83.33387756347656,1.2350281476974487,-43.44232177734375,84.80258178710938,7.505807399749756,-36.4627571105957,78.41117095947266,-7.822051525115967,-31.91507339477539,77.74917602539062,,
1780510069.0730674,22105.062826437,-11.318812370300293,-43.60893630981445,82.52894592285156,2.8213577270507812,-41.107704162597656,87.33480072021484,6.0755767822265625,-37.89390182495117,80.850830078125,-9.621052742004395,-28.453269958496094,75.06331634521484,,
1780510069.0930145,22105.079697132,-9.269082069396973,-44.94336700439453,81.81867218017578,3.4046144485473633,-40.14177703857422,87.42646026611328,5.002054691314697,-39.382747650146484,82.68695831298828,-8.562920570373535,-26.211692810058594,73.85421752929688,,
1780510069.113091,22105.100271855,-7.347017765045166,-45.770870208740234,80.87484741210938,3.649690628051758,-40.60667037963867,86.94661712646484,5.39548921585083,-39.98004150390625,83.50959014892578,-7.206594944000244,-26.228557586669922,73.13160705566406,,
1780510069.1330664,22105.120275904,-6.087634563446045,-46.725341796875,79.61882019042969,3.0317587852478027,-42.16020965576172,86.31037139892578,6.108314514160156,-39.04750061035156,83.64495086669922,-6.325990676879883,-27.73349380493164,71.83238983154297,,
1780510069.1539264,22105.141754352,-5.652050971984863,-47.074920654296875,78.88924407958984,1.198315143585205,-44.798240661621094,85.49278259277344,6.648630142211914,-36.80439758300781,83.54226684570312,-5.084007740020752,-30.1084041595459,71.91105651855469,,
1780510069.1734378,22105.161185206,-5.990204334259033,-47.07028579711914,79.41158294677734,-1.6170382499694824,-48.561763763427734,84.23739624023438,7.314688682556152,-33.857337951660156,82.71924591064453,-3.1053857803344727,-33.43803787231445,74.3421630859375,,
1780510069.193141,22105.180071131,-6.943349838256836,-47.16301345825195,81.545166015625,-5.427969455718994,-51.833709716796875,81.71330261230469,8.781058311462402,-30.301170349121094,81.35386657714844,-1.2263879776000977,-38.594905853271484,78.40371704101562,,
1780510069.2130637,22105.19980771,-8.555756568908691,-45.96232223510742,83.65327453613281,-6.914437294006348,-52.69033432006836,78.9144515991211,9.278724670410156,-28.9068660736084,79.24518585205078,-0.11831061542034149,-42.44834899902344,80.70516967773438,,
1780510069.2326732,22105.219779586,-7.920526504516602,-43.70358657836914,85.06634521484375,-6.501156330108643,-50.78647232055664,77.44358825683594,8.648317337036133,-29.267927169799805,77.38770294189453,1.5763417482376099,-45.00843811035156,81.55376434326172,,
1780510069.2529685,22105.240284224,-6.2465643882751465,-41.4112548828125,85.77700805664062,-5.988986968994141,-49.38395690917969,77.08267211914062,7.647347927093506,-28.3583984375,76.62255859375,2.236572265625,-45.756378173828125,82.0872802734375,,
1780510069.2730024,22105.260351549,-6.149393081665039,-40.210323333740234,86.02075958251953,-5.439755439758301,-49.459251403808594,77.2259521484375,7.993283271789551,-28.06621742248535,76.02152252197266,0.7627838253974915,-44.58914566040039,81.73348999023438,,
1780510069.2932677,22105.280235819,-7.364870071411133,-39.82857894897461,85.85088348388672,-4.217816352844238,-48.74252700805664,78.11143493652344,9.464089393615723,-29.923885345458984,75.92462158203125,-1.377843976020813,-42.154972076416016,81.15339660644531,,
1780510069.3129706,22105.300116097,-8.506824493408203,-39.9691162109375,85.21391296386719,-3.167600154876709,-47.24528121948242,79.76676940917969,9.87270736694336,-32.20418167114258,75.67146301269531,-3.2941231727600098,-38.77622985839844,80.75948333740234,,
1780510069.3333108,22105.320413004,-10.488882064819336,-40.93189239501953,84.65560150146484,-0.9857332110404968,-46.001747131347656,82.06668090820312,8.983513832092285,-34.258853912353516,76.25601196289062,-6.025418758392334,-35.01241683959961,79.4361343383789,,
1780510069.3531651,22105.340116209,-11.774005889892578,-42.644325256347656,83.66990661621094,1.467469334602356,-43.87143325805664,85.57620239257812,7.467126369476318,-35.69588088989258,78.45362854003906,-9.058991432189941,-31.490036010742188,76.91909790039062,,
1780510069.3730645,22105.360171932,-10.753422737121582,-44.525577545166016,82.66521453857422,2.6269376277923584,-41.58964157104492,87.69853210449219,6.107914924621582,-37.04888153076172,80.82091522216797,-10.227717399597168,-28.465341567993164,74.6202621459961,,
1780510069.3931675,22105.38068025,-8.895992279052734,-45.46852111816406,81.59286499023438,3.4357187747955322,-40.38859176635742,87.57904815673828,5.150275707244873,-38.70015335083008,82.79981994628906,-8.951489448547363,-26.99066925048828,73.49232482910156,,
1780510069.4130929,22105.400274335,-7.1239800453186035,-46.073726654052734,80.51746368408203,3.9129629135131836,-40.700687408447266,86.97691345214844,5.506114959716797,-39.2689094543457,83.57414245605469,-7.518579959869385,-27.36674690246582,72.84468841552734,,
1780510069.433198,22105.420491789,-5.881932735443115,-46.710853576660156,79.31549835205078,3.4135043621063232,-42.387046813964844,86.23507690429688,6.36092472076416,-38.442378997802734,83.55741119384766,-6.5483269691467285,-28.955902099609375,71.9369888305664,,
1780510069.4530258,22105.440646592,-5.588086128234863,-46.89906311035156,78.77205657958984,1.475805401802063,-45.15617752075195,85.29955291748047,6.83393669128418,-36.26649856567383,83.33553314208984,-5.139807224273682,-31.70166778564453,72.3862075805664,,
1780510069.4730732,22105.460621703,-6.096713066101074,-46.86743927001953,79.87427520751953,-2.030064105987549,-49.1611213684082,83.7020492553711,7.128241062164307,-33.18821334838867,82.45101165771484,-2.9016523361206055,-35.516357421875,75.2172622680664,,
1780510069.493009,22105.480671158,-7.402411937713623,-46.68107604980469,82.1934585571289,-5.761487007141113,-52.202938079833984,81.0234146118164,8.535054206848145,-29.610626220703125,81.09033966064453,-1.2780916690826416,-40.26000213623047,79.19268798828125,,
1780510069.5129118,22105.499517804,-8.69105052947998,-45.484962463378906,84.07010650634766,-6.858495712280273,-52.463714599609375,78.48863983154297,8.893497467041016,-28.77658462524414,78.94417572021484,-0.11643220484256744,-43.340904235839844,81.13878631591797,,
1780510069.5329683,22105.520500785,-7.694730758666992,-43.162044525146484,85.28971862792969,-6.298486709594727,-50.41407012939453,77.10816955566406,8.120295524597168,-29.049463272094727,77.45447540283203,1.5508604049682617,-45.41085433959961,82.02642822265625,,
1780510069.5533166,22105.539935769,-7.171538352966309,-42.10660171508789,85.52368927001953,-5.833566188812256,-50.392032623291016,76.99423217773438,6.37282133102417,-28.60903549194336,76.77063751220703,1.4806731939315796,-46.89067459106445,82.21796417236328,,
1780510069.57293,22105.559612803,-6.752825736999512,-40.44583511352539,86.13763427734375,-5.294687747955322,-49.7830696105957,77.15477752685547,7.576556205749512,-28.47222137451172,76.24622344970703,0.172813281416893,-44.929542541503906,81.84710693359375,,
1780510069.5929434,22105.579796712,-7.733319282531738,-39.9608039855957,85.6119613647461,-4.402090549468994,-48.78563690185547,77.99471282958984,9.144737243652344,-30.14237403869629,76.03684997558594,-1.689168930053711,-42.053733825683594,81.43243408203125,,
1780510069.6129966,22105.600042268,-8.79841423034668,-40.21897506713867,85.11067962646484,-3.1672298908233643,-47.31764602661133,79.65052795410156,9.876583099365234,-32.27186965942383,76.05560302734375,-3.6058249473571777,-38.228450775146484,80.85623931884766,,
1780510069.6330411,22105.620293901,-10.48164176940918,-41.00083923339844,84.64773559570312,-0.8996354937553406,-46.096614837646484,81.75720977783203,8.707249641418457,-34.384403228759766,76.7912368774414,-6.166522026062012,-34.69023513793945,79.666259765625,,
1780510069.6531832,22105.640046574,-11.67715072631836,-42.7296257019043,83.48283386230469,1.4230146408081055,-44.055110931396484,85.16178894042969,7.4985198974609375,-35.89644241333008,78.72672271728516,-8.937780380249023,-31.16788101196289,77.05316925048828,,
1780510069.6735916,22105.660759348,-10.601806640625,-44.71172332763672,82.58673858642578,2.5107388496398926,-41.91828918457031,87.29480743408203,6.2601447105407715,-37.335174560546875,80.98974609375,-10.092534065246582,-28.138370513916016,74.69731903076172,,
1780510069.6939974,22105.681338689,-8.78939437866211,-45.69037628173828,81.65422821044922,3.2723615169525146,-40.82344055175781,87.28192901611328,5.344262599945068,-38.930030822753906,82.88103485107422,-9.01135540008545,-26.826841354370117,73.46548461914062,,
1780510069.7131016,22105.700461777,-7.092391490936279,-46.351043701171875,80.63419342041016,3.6240389347076416,-41.190616607666016,86.75688934326172,5.675665855407715,-39.47532653808594,83.65206146240234,-7.646803855895996,-27.102890014648438,72.71098327636719,,
1780510069.7338178,22105.721935061,-5.958684921264648,-46.967655181884766,79.55424499511719,3.0996615886688232,-42.71772766113281,86.13284301757812,6.511281967163086,-38.52362823486328,83.6177749633789,-6.745298385620117,-28.627899169921875,71.78337860107422,,
1780510069.7531512,22105.739919863,-5.634859085083008,-47.187416076660156,79.12394714355469,1.1040819883346558,-45.29727554321289,85.31253051757812,6.972774028778076,-36.22381591796875,83.41300964355469,-5.40716028213501,-31.141193389892578,72.17059326171875,,
1780510069.7730062,22105.760112077,-6.0548553466796875,-47.197872161865234,80.02946472167969,-2.368201494216919,-49.1104621887207,83.75213623046875,7.19774055480957,-33.10163497924805,82.58004760742188,-3.1494944095611572,-34.9268913269043,75.03875732421875,,
1780510069.7931454,22105.780283341,-7.265091419219971,-47.193458557128906,82.3646011352539,-6.169413089752197,-52.23947525024414,81.16637420654297,8.80533504486084,-29.421335220336914,81.0696792602539,-1.51410710811615,-39.54448318481445,79.00769805908203,,
1780510069.8130846,22105.800451501,-8.608580589294434,-45.9786376953125,84.22152709960938,-7.277889251708984,-52.674285888671875,78.66939544677734,9.264875411987305,-28.526887893676758,78.81332397460938,-0.35112786293029785,-42.76066589355469,80.94593048095703,,
1780510069.8329027,22105.820091904,-7.758149147033691,-43.69660949707031,85.44696807861328,-6.722917079925537,-50.583091735839844,77.29019927978516,8.494301795959473,-28.842037200927734,77.24618530273438,1.3704862594604492,-44.956607818603516,81.84637451171875,,
1780510069.8529847,22105.839984187,-6.261133670806885,-41.63139343261719,86.06531524658203,-6.393314361572266,-49.66802978515625,77.01620483398438,7.485023498535156,-27.744813919067383,76.425537109375,1.6399625539779663,-45.36636734008789,82.21630096435547,,
1780510069.8732224,22105.859890663,-6.474217414855957,-40.708580017089844,86.39321899414062,-5.783462047576904,-49.71882629394531,77.34295654296875,8.320897102355957,-27.901630401611328,75.85082244873047,0.016424790024757385,-43.753028869628906,81.72175598144531,,
1780510069.8936284,22105.882068759,-7.5769147872924805,-40.31397247314453,86.06272888183594,-4.772209167480469,-48.74549102783203,78.38148498535156,9.652981758117676,-29.844970703125,75.72145080566406,-2.0095877647399902,-41.03179168701172,81.23959350585938,,
1780510069.9131653,22105.90058844,-8.774017333984375,-40.54787063598633,85.51634216308594,-3.636737585067749,-47.23972702026367,80.16089630126953,10.077068328857422,-32.12641525268555,75.70637512207031,-4.1127095222473145,-37.370609283447266,80.72494506835938,,
1780510069.9329498,22105.920269631,-10.789806365966797,-41.95729446411133,84.87230682373047,-1.1384345293045044,-45.883888244628906,83.10289001464844,8.929878234863281,-34.17416000366211,76.64045715332031,-6.927999973297119,-33.368221282958984,79.002197265625,,
1780510069.9526541,22105.939407481,-11.655893325805664,-43.735355377197266,83.70976257324219,1.1531540155410767,-43.387874603271484,86.53734588623047,7.237372398376465,-35.62397384643555,79.0003890991211,-9.980513572692871,-30.098793029785156,76.23310852050781,,
1780510069.9731255,22105.95996955,-10.166804313659668,-45.49919891357422,82.88384246826172,2.2993319034576416,-41.16388702392578,88.02362060546875,5.685720920562744,-37.31327438354492,81.43586730957031,-10.391196250915527,-27.414793014526367,74.08609008789062,,
1780510069.9931464,22105.980619698,-8.175932884216309,-46.231895446777344,82.04302978515625,3.092496156692505,-40.3791618347168,87.77384948730469,5.015118598937988,-38.876373291015625,83.05674743652344,-8.863478660583496,-26.289478302001953,73.41268157958984,,
1780510070.0131383,22106.000482513,-6.613741397857666,-46.84263610839844,80.77243041992188,3.3409268856048584,-40.95745849609375,87.17620086669922,5.505712985992432,-39.2322998046875,83.66438293457031,-7.479763031005859,-26.970745086669922,72.49088287353516,,
1780510070.0330904,22106.02065433,-5.630128860473633,-47.44223403930664,79.61161804199219,2.7360661029815674,-42.5146484375,86.43864440917969,6.236817836761475,-38.0517692565918,83.65277862548828,-6.518245697021484,-28.80815887451172,71.52783966064453,,
1780510070.0529888,22106.040770696,-5.434765815734863,-47.4271354675293,79.27363586425781,0.8290935158729553,-45.270626068115234,85.4469223022461,6.721542835235596,-35.91023635864258,83.31584930419922,-5.186061859130859,-31.61277198791504,72.24752807617188,,
1780510070.0731409,22106.06055368,-6.016330242156982,-47.27284622192383,80.33443450927734,-2.544376850128174,-49.277530670166016,83.79003143310547,7.128449440002441,-32.789764404296875,82.28389739990234,-2.9837214946746826,-35.383541107177734,75.07791137695312,,
1780510070.0931723,22106.080365779,-7.255919933319092,-47.058650970458984,82.53716278076172,-6.17405366897583,-52.3045768737793,80.99468231201172,8.671534538269043,-29.24252700805664,80.7542953491211,-1.2931054830551147,-40.071937561035156,78.8912124633789,,
1780510070.1130788,22106.100072539,-8.520977020263672,-45.56908416748047,84.4498519897461,-7.122478008270264,-52.569923400878906,78.41222381591797,8.913955688476562,-28.61734962463379,78.73649597167969,-0.05969969555735588,-43.2531852722168,80.97431182861328,,
1780510070.1330445,22106.120216851,-7.52070951461792,-43.26286697387695,85.58370971679688,-6.555171966552734,-50.47096252441406,77.15681457519531,8.118622779846191,-28.985200881958008,77.2245864868164,1.6960103511810303,-45.301055908203125,81.95313262939453,,
1780510070.1530237,22106.140583669,-6.091037750244141,-40.87946701049805,86.09359741210938,-5.916841983795166,-49.54618835449219,76.67816925048828,7.108517169952393,-28.28848648071289,76.47069549560547,1.9060451984405518,-45.67233657836914,82.33548736572266,,
1780510070.17299,22106.160268856,-6.343743801116943,-39.893218994140625,86.2340087890625,-5.195189952850342,-49.53180694580078,76.97764587402344,7.867373943328857,-28.638946533203125,75.88264465332031,0.3118571639060974,-44.0311164855957,81.85635375976562,,
1780510070.1931202,22106.180486449,-7.438759803771973,-39.3122673034668,85.84002685546875,-4.045767307281494,-48.36436080932617,78.0605239868164,9.204733848571777,-30.65410041809082,75.80638885498047,-1.7148982286453247,-41.21598815917969,81.4211196899414,,
1780510070.213066,22106.199971724,-8.990707397460938,-39.527862548828125,85.12716674804688,-2.549622058868408,-46.79519271850586,79.9682388305664,9.366265296936035,-33.20941925048828,75.87699890136719,-3.985926866531372,-37.55347442626953,80.7839584350586,,
1780510070.233053,22106.219834776,-11.170426368713379,-40.866188049316406,84.27811431884766,0.2633551359176636,-45.19575500488281,83.05077362060547,8.086837768554688,-35.34754943847656,77.09603881835938,-6.853809833526611,-33.40756607055664,78.93466186523438,,
1780510070.2530386,22106.240072384,-11.709517478942871,-42.919002532958984,82.96929168701172,2.592195987701416,-42.499359130859375,86.38700103759766,6.777071952819824,-37.04481887817383,79.55821228027344,-9.645586013793945,-30.037364959716797,75.99193572998047,,
1780510070.2730803,22106.260419759,-10.16887378692627,-44.417423248291016,82.12986755371094,3.6573610305786133,-40.48752975463867,87.46134185791016,5.290560245513916,-38.63084411621094,81.82411193847656,-9.688432693481445,-27.673784255981445,74.1634521484375,,
1780510070.2929673,22106.280071423,-8.399151802062988,-45.15868377685547,81.1537857055664,4.387503623962402,-39.941993713378906,87.00365447998047,4.986283302307129,-39.97156524658203,83.24757385253906,-8.087977409362793,-26.828886032104492,73.57870483398438,,
1780510070.3131022,22106.301109578,-6.83517599105835,-45.99081802368164,79.96590423583984,4.466983318328857,-40.809486389160156,86.40483093261719,5.655792236328125,-39.827518463134766,83.66779327392578,-7.027504920959473,-27.8433837890625,72.46200561523438,,
1780510070.3330925,22106.320077415,-5.945949554443359,-46.76918411254883,78.74378204345703,3.2617650032043457,-42.80672836303711,85.70785522460938,6.43312931060791,-38.40644073486328,83.59226989746094,-5.838630199432373,-29.7498836517334,71.53751373291016,,
1780510070.3531642,22106.34066173,-5.842945098876953,-46.73673629760742,78.66969299316406,1.0053014755249023,-45.960201263427734,84.8012466430664,6.964976787567139,-35.86519241333008,83.19866180419922,-4.4018988609313965,-32.74304962158203,72.81436157226562,,
1780510070.373857,22106.361409658,-6.4626994132995605,-46.660675048828125,80.06065368652344,-2.8338873386383057,-50.10151672363281,82.94499206542969,7.360264778137207,-32.457366943359375,82.23712158203125,-2.0970733165740967,-37.134159088134766,76.43653869628906,,
1780510070.3934994,22106.380904432,-7.8877739906311035,-46.30803680419922,82.44837951660156,-6.112406253814697,-52.40805435180664,80.14350128173828,8.81417465209961,-29.338397979736328,80.5781478881836,-0.8113859295845032,-41.54677200317383,79.76219940185547,,
1780510070.4137514,22106.400842959,-8.624574661254883,-44.718387603759766,84.22055053710938,-6.348306179046631,-51.50847244262695,77.86648559570312,8.528616905212402,-29.631155014038086,78.40792083740234,0.6946606636047363,-44.634918212890625,81.3028335571289,,
1780510070.4336677,22106.420465508,-7.171586990356445,-42.36358642578125,85.26707458496094,-5.820445537567139,-49.374916076660156,76.98007202148438,7.516660690307617,-29.594404220581055,77.22215270996094,2.2330257892608643,-46.16622543334961,82.16514587402344,,
1780510070.4537497,22106.440807192,-5.858541965484619,-40.17829895019531,85.87350463867188,-5.397022247314453,-49.09211349487305,76.51973724365234,6.792052268981934,-28.962665557861328,76.2261962890625,1.8887330293655396,-45.882442474365234,82.21289825439453,,
1780510070.4732432,22106.460395896,-6.550092697143555,-39.54386520385742,86.15543365478516,-4.426931858062744,-49.31725311279297,76.70865631103516,8.008749961853027,-30.149917602539062,75.60123443603516,-0.08144637942314148,-43.54248809814453,81.4788818359375,,
1780510070.4931242,22106.480895712,-7.456871032714844,-39.284996032714844,85.70603942871094,-3.3354647159576416,-47.94710922241211,77.93147277832031,9.162874221801758,-32.698421478271484,75.2676010131836,-1.9822723865509033,-39.900936126708984,81.10713195800781,,
1780510070.5127702,22106.501048985,-9.263278007507324,-39.83573532104492,85.03966522216797,-1.5393871068954468,-46.565792083740234,79.91581726074219,8.854694366455078,-35.466392517089844,74.84228515625,-4.726851940155029,-35.76437759399414,80.15963745117188,,
1780510070.5331051,22106.520222877,-11.6429443359375,-42.09757614135742,83.76592254638672,1.7696740627288818,-44.81475067138672,83.6757583618164,7.016331195831299,-37.37953567504883,76.09937286376953,-8.16615104675293,-31.7554931640625,77.35444641113281,,
1780510070.5530128,22106.539919571,-11.099214553833008,-45.516170501708984,82.77579498291016,3.368075132369995,-41.50666046142578,86.79911804199219,5.449821949005127,-38.22607421875,78.85221862792969,-10.58027458190918,-29.171802520751953,73.84085845947266,,
1780510070.5733438,22106.560421143,-9.036566734313965,-48.1328239440918,81.72642517089844,4.2416815757751465,-39.16373825073242,87.33637237548828,4.031369209289551,-38.841670989990234,81.16944122314453,-9.975357055664062,-28.19422721862793,71.6221923828125,,
1780510070.593011,22106.580618162,-6.814132213592529,-49.40350341796875,80.4689712524414,5.025869846343994,-38.64564895629883,86.90033721923828,4.367101669311523,-38.95438003540039,82.21475219726562,-8.235642433166504,-28.92676544189453,70.80411529541016,,
1780510070.612849,22106.601138262,-5.438214302062988,-50.278648376464844,78.72554016113281,5.212187767028809,-39.39711380004883,86.30559539794922,5.521240711212158,-38.045997619628906,82.37728118896484,-6.8735737800598145,-30.790477752685547,69.5549087524414,,
1780510070.6336625,22106.62053704,-5.4182891845703125,-50.471649169921875,77.19436645507812,4.213719367980957,-41.4423828125,85.80802917480469,6.1969475746154785,-36.17987823486328,82.1927490234375,-5.707213878631592,-33.29643249511719,68.82160949707031,,
1780510070.6535652,22106.640440753,-6.166082382202148,-50.17085266113281,76.99409484863281,2.1953189373016357,-44.5003776550293,85.05558776855469,6.4250383377075195,-33.69026565551758,81.44214630126953,-4.242793083190918,-36.6775016784668,69.57183837890625,,
1780510070.6738274,22106.660748699,-6.859954357147217,-49.6729850769043,78.92183685302734,-1.8484617471694946,-48.80378723144531,82.8292465209961,6.4999284744262695,-30.641050338745117,80.0735092163086,-1.7325069904327393,-41.32857131958008,73.06155395507812,,
1780510070.693694,22106.681705367,-8.722648620605469,-47.934261322021484,82.00031280517578,-5.0616679191589355,-52.79087448120117,79.1501693725586,8.413799285888672,-29.344676971435547,77.21957397460938,-0.749445915222168,-45.18800735473633,77.24250793457031,,
1780510070.7137818,22106.70119258,-9.117559432983398,-44.413692474365234,84.23213958740234,-5.522125244140625,-53.069252014160156,76.05743408203125,8.53744125366211,-31.6494197845459,74.22209167480469,1.0852526426315308,-46.87059020996094,79.76691436767578,,
1780510070.7336888,22106.720586214,-6.777102470397949,-39.924720764160156,85.2064208984375,-4.054784297943115,-50.1644401550293,74.3213119506836,6.907509803771973,-33.04864501953125,73.34577178955078,3.581840753555298,-47.6319465637207,81.91278076171875,,
1780510070.75321,22106.740281412,-4.879237651824951,-36.60141372680664,85.65858459472656,-2.7206153869628906,-49.229835510253906,73.3187484741211,5.1524786949157715,-33.24201965332031,72.65200805664062,3.8800225257873535,-46.32987976074219,82.63219451904297,,
1780510070.7730045,22106.760396562,-5.2312140464782715,-34.0079460144043,85.7628402709961,-1.0415723323822021,-48.923126220703125,72.843505859375,5.097451686859131,-36.27327346801758,71.81961822509766,1.7995563745498657,-42.4553108215332,82.52618408203125,,
1780510070.7930698,22106.780664373,-8.011186599731445,-33.84018325805664,84.85536193847656,2.383108377456665,-45.96459197998047,75.19562530517578,5.675060272216797,-41.049076080322266,71.97601318359375,-1.618822455406189,-36.61594009399414,81.53506469726562,,
1780510070.8130045,22106.800749046,-11.372373580932617,-36.36109924316406,83.02655029296875,7.295089244842529,-41.929195404052734,80.5892562866211,3.9230289459228516,-43.93960952758789,74.19456481933594,-5.435577392578125,-31.621540069580078,78.69187927246094,,
1780510070.8331861,22106.820088746,-11.610560417175293,-41.110042572021484,81.69761657714844,9.441378593444824,-36.67129135131836,84.64347839355469,2.6194262504577637,-43.624847412109375,77.58916473388672,-9.122111320495605,-30.64113998413086,74.24064636230469,,
1780510070.8530045,22106.840019987,-9.817956924438477,-44.40057373046875,80.2989501953125,9.637494087219238,-33.84269714355469,84.84469604492188,1.2460830211639404,-42.33338165283203,80.39485931396484,-8.138982772827148,-30.96219253540039,71.64301300048828,,
1780510070.87293,22106.859996091,-6.967591285705566,-45.61173629760742,78.7224349975586,9.987411499023438,-33.93278884887695,84.4338607788086,2.317680835723877,-41.40174102783203,81.83377075195312,-5.816886901855469,-31.777135848999023,71.78101348876953,,
1780510070.8929482,22106.879533174,-5.097878456115723,-46.99851989746094,76.5228500366211,9.48290729522705,-36.12897491455078,83.90694427490234,4.5851945877075195,-40.42496871948242,81.60140228271484,-4.179512977600098,-33.020347595214844,70.2628402709961,,
1780510070.9129915,22106.899938202,-5.912935256958008,-47.78486633300781,74.61578369140625,8.185423851013184,-39.33186340332031,83.83964538574219,5.773890972137451,-38.65346145629883,81.21298217773438,-3.074859142303467,-35.84400177001953,68.42487335205078,,
1780510070.9330063,22106.91999084,-6.89315128326416,-46.38846206665039,74.4632568359375,4.970057010650635,-44.16007995605469,83.41168212890625,5.554143905639648,-36.007713317871094,80.73975372314453,-2.0017025470733643,-39.89929962158203,70.17301177978516,,
1780510070.9529662,22106.940676265,-7.939802169799805,-45.274757385253906,76.88593292236328,0.006596788763999939,-49.0056266784668,81.00027465820312,6.302162170410156,-33.21760559082031,79.68412017822266,0.28990790247917175,-44.76380157470703,75.15544128417969,,
1780510070.9730015,22106.960362142,-9.728474617004395,-43.728668212890625,80.22867584228516,-2.468820571899414,-51.66928482055664,77.43749237060547,7.078596115112305,-34.04060745239258,76.53376007080078,1.1896499395370483,-48.32799530029297,78.87702178955078,,
1780510070.9930005,22106.980503787,-9.033432960510254,-40.099273681640625,82.44812774658203,-2.042631149291992,-50.40865707397461,74.62855529785156,5.967447757720947,-37.50981521606445,73.72879791259766,3.5947935581207275,-50.03266143798828,80.83895874023438,,
1780510071.0130246,22107.000487347,-6.268568992614746,-36.04942321777344,83.73074340820312,-1.0267884731292725,-48.75931930541992,73.55387878417969,3.8276290893554688,-37.068790435791016,73.1189956665039,5.26488733291626,-49.645042419433594,82.37995910644531,,
1780510071.0332808,22107.02023414,-4.666747093200684,-33.23922348022461,84.4393310546875,0.2686900794506073,-48.21662139892578,72.54911804199219,2.625500440597534,-37.29661560058594,72.62934875488281,4.511888027191162,-46.95527267456055,82.82889556884766,,
1780510071.0530438,22107.040148554,-6.035977840423584,-31.847623825073242,84.09786224365234,2.831695795059204,-46.95024108886719,72.9453353881836,3.5972518920898438,-41.17717361450195,72.30010986328125,1.5831952095031738,-41.65414810180664,82.22280883789062,,
1780510071.072995,22107.060077129,-9.550334930419922,-33.26807403564453,82.43115234375,6.895349502563477,-43.2094841003418,76.90446472167969,3.6857287883758545,-44.63601303100586,73.47154235839844,-1.7234315872192383,-35.485015869140625,80.43309783935547,,
1780510071.0930057,22107.080022175,-12.174565315246582,-37.24777603149414,80.57626342773438,10.707534790039062,-38.3352165222168,82.22728729248047,2.6341652870178223,-45.503971099853516,76.462890625,-5.886047840118408,-32.331180572509766,76.42762756347656,,
1780510071.1129475,22107.100221967,-11.420315742492676,-41.73154067993164,79.47151947021484,11.140939712524414,-34.41337585449219,84.01806640625,1.4471367597579956,-43.79960250854492,79.27976989746094,-7.643778324127197,-32.1285285949707,72.94369506835938,,
1780510071.1330292,22107.120429912,-8.7567720413208,-44.11465072631836,78.21468353271484,11.051481246948242,-33.45893478393555,83.65045928955078,1.624871850013733,-42.375831604003906,81.10957336425781,-5.7844557762146,-32.42715835571289,71.73637390136719,,
1780510071.153029,22107.139785606,-6.031373977661133,-45.311546325683594,76.39032745361328,10.65562915802002,-35.06949996948242,83.30750274658203,3.403498649597168,-41.16215896606445,81.52791595458984,-4.023769378662109,-33.34689712524414,71.0115966796875,,
1780510071.1729608,22107.159897515,-5.93160343170166,-46.50441360473633,74.10742950439453,9.465276718139648,-38.03865432739258,82.99026489257812,5.171205997467041,-39.89875793457031,81.17969512939453,-2.486936330795288,-35.05806350708008,69.20035552978516,,
1780510071.1929305,22107.180314146,-6.828890323638916,-46.1458854675293,73.64299774169922,6.9321088790893555,-42.37870407104492,82.80951690673828,5.566965103149414,-37.55605697631836,80.71086883544922,-1.6756466627120972,-38.51538848876953,69.20979309082031,,
1780510071.213099,22107.200509348,-7.708346366882324,-44.898155212402344,75.72648620605469,1.947878122329712,-47.48857879638672,80.9758071899414,5.508869171142578,-34.730857849121094,80.1221923828125,0.8428632616996765,-43.273193359375,73.37187194824219,,
1780510071.2329643,22107.219775108,-9.300802230834961,-43.79738998413086,79.38725280761719,-1.2243480682373047,-50.86493682861328,77.822509765625,7.201462745666504,-33.6958122253418,78.01829528808594,1.3597441911697388,-47.3074836730957,77.53822326660156,,
1780510071.2530625,22107.240118717,-9.361921310424805,-40.70050811767578,81.79600524902344,-1.679904580116272,-50.450767517089844,74.56826782226562,6.71031379699707,-36.41569900512695,75.24777221679688,2.9489965438842773,-49.16118240356445,79.98725128173828,,
1780510071.2731693,22107.261267306,-7.118307113647461,-36.727359771728516,83.12181854248047,-1.063769817352295,-48.526947021484375,73.27015686035156,5.300410747528076,-36.98881530761719,74.23448181152344,4.62171745300293,-49.43052291870117,81.64839935302734,,
1780510071.2930675,22107.279880681,-5.297689437866211,-33.886802673339844,84.0771255493164,0.14125055074691772,-47.85296630859375,72.38655090332031,3.7702956199645996,-36.598941802978516,73.59828186035156,4.422663688659668,-47.794498443603516,82.38159942626953,,
1780510071.313512,22107.300648794,-5.681709289550781,-32.16265869140625,83.90797424316406,1.7947607040405273,-47.135189056396484,72.24250030517578,4.467920780181885,-39.36075210571289,72.96932220458984,2.139998197555542,-43.57667541503906,82.0865707397461,,
1780510071.3332276,22107.320128747,-8.270841598510742,-32.73743438720703,82.88645935058594,4.859379291534424,-44.38578796386719,74.75373840332031,5.129834175109863,-43.02259826660156,73.08126831054688,-1.0281351804733276,-37.74798583984375,81.01013946533203,,
1780510071.353165,22107.340018796,-11.691792488098145,-35.9522590637207,81.03909301757812,9.162069320678711,-40.766300201416016,79.80409240722656,3.5325605869293213,-44.9586296081543,75.32459259033203,-4.67081356048584,-32.75525665283203,77.80265808105469,,
1780510071.3731806,22107.360527326,-11.7520751953125,-40.62125015258789,80.02164459228516,10.561288833618164,-36.12062454223633,83.38313293457031,2.274451732635498,-43.915306091308594,78.43025207519531,-7.87406063079834,-31.599172592163086,73.68096923828125,,
1780510071.3940303,22107.381349077,-9.59891128540039,-43.96723556518555,78.90065002441406,10.374414443969727,-34.05002975463867,83.44967651367188,1.417725920677185,-42.613311767578125,80.74705505371094,-6.796327590942383,-31.392972946166992,71.43353271484375,,
1780510071.4130373,22107.399801404,-6.575184345245361,-45.2818489074707,77.63048553466797,10.151275634765625,-34.7111930847168,83.30658721923828,2.7592735290527344,-41.3696174621582,81.79251861572266,-4.874995231628418,-32.06876754760742,71.1917724609375,,
1780510071.433903,22107.421331507,-5.056046485900879,-46.66012191772461,75.6833724975586,9.317362785339355,-37.171112060546875,83.04168701171875,4.775327682495117,-40.11923599243164,81.55156707763672,-3.2979183197021484,-33.55646514892578,69.38838958740234,,
1780510071.4530022,22107.44016593,-5.775235176086426,-47.11277389526367,74.4600830078125,7.474562168121338,-40.640228271484375,83.05807495117188,5.571363925933838,-37.95970916748047,81.1966781616211,-2.329882860183716,-36.360897064208984,68.32306671142578,,
1780510071.4730399,22107.460384594,-6.772896766662598,-45.849788665771484,74.98104095458984,3.782600164413452,-45.423133850097656,82.31702423095703,5.520563125610352,-35.137939453125,80.77122497558594,-0.7736732363700867,-40.22535705566406,70.78805541992188,,
1780510071.4931653,22107.480636194,-7.990042209625244,-45.11484909057617,78.39324951171875,-0.7171133160591125,-49.656734466552734,79.54009246826172,7.249953746795654,-32.82551193237305,79.25169372558594,0.8459054827690125,-45.10944747924805,75.6102294921875,,
1780510071.5130568,22107.500467417,-9.681427955627441,-43.07230758666992,81.28641510009766,-1.9616349935531616,-51.2174072265625,75.95599365234375,7.999895095825195,-34.53908157348633,76.04891204833984,1.737474799156189,-48.06099319458008,78.75169372558594,,
1780510071.5337284,22107.521301918,-8.4713716506958,-39.19666290283203,83.11504364013672,-1.0980420112609863,-49.50759506225586,73.71541595458984,6.980721950531006,-36.78727340698242,73.95112609863281,3.913085699081421,-49.33652114868164,80.52555847167969,,
1780510071.55353,22107.54052173,-5.997747898101807,-35.43262481689453,83.95343780517578,-0.39830684661865234,-48.17436218261719,73.0225830078125,4.901771068572998,-36.122413635253906,73.56082153320312,4.703906059265137,-48.743896484375,81.99029541015625,,
1780510071.573207,22107.55998496,-5.28624153137207,-33.1847038269043,84.44092559814453,0.9993966817855835,-47.96291732788086,72.30850219726562,4.447083950042725,-37.37270736694336,72.67821502685547,3.1240041255950928,-45.61302185058594,82.09081268310547,,
1780510071.5930777,22107.581245124,-7.097743034362793,-32.51570129394531,83.84262084960938,3.520382881164551,-46.15169906616211,73.29252624511719,5.334309101104736,-41.38978576660156,72.40796661376953,-0.005099162925034761,-40.19614028930664,81.44890594482422,,
1780510071.6127496,22107.59999974,-10.393726348876953,-34.20314025878906,82.09133911132812,7.306084156036377,-42.64305877685547,77.44873046875,4.487476348876953,-44.373512268066406,73.6838607788086,-3.2585175037384033,-34.52018356323242,79.66343688964844,,
1780510071.6336675,22107.622307351,-12.064062118530273,-38.60155487060547,80.69160461425781,10.524828910827637,-37.92878723144531,82.4323959350586,3.0615267753601074,-44.56452560424805,76.71173095703125,-7.2502007484436035,-31.78067970275879,75.37110137939453,,
1780510071.6537719,22107.640638287,-10.627456665039062,-42.963592529296875,79.70532989501953,10.523231506347656,-34.56193542480469,83.59391784667969,1.5036348104476929,-43.134796142578125,79.62718200683594,-7.71072244644165,-31.30785369873047,72.0020523071289,,
1780510071.673209,22107.659789958,-8.00023078918457,-45.13755416870117,78.35880279541016,10.398421287536621,-33.96436309814453,83.31597900390625,1.862069010734558,-42.03058624267578,81.34138488769531,-5.5819244384765625,-31.536779403686523,71.16537475585938,,
1780510071.692967,22107.679956791,-5.260154724121094,-46.214359283447266,76.45812225341797,9.993290901184082,-35.731903076171875,83.11988067626953,3.590625762939453,-40.967750549316406,81.6407241821289,-3.964158058166504,-32.78963088989258,70.36143493652344,,
1780510071.7130318,22107.700620943,-5.298401832580566,-47.239261627197266,74.3302993774414,8.743918418884277,-38.609214782714844,82.9552001953125,5.250863552093506,-39.475982666015625,81.24662017822266,-2.4500324726104736,-35.012691497802734,68.4898910522461,,
1780510071.7329159,22107.720292433,-6.295943737030029,-46.55126190185547,73.89932250976562,6.233473300933838,-42.82452392578125,82.71762084960938,5.327492713928223,-36.89755630493164,80.81552124023438,-1.5152462720870972,-38.784523010253906,68.91383361816406,,
1780510071.7530355,22107.740100883,-7.503364086151123,-45.42169952392578,76.01602935791016,1.518433690071106,-47.68148422241211,80.88188171386719,5.607985973358154,-34.26614761352539,80.00873565673828,1.0333296060562134,-43.60586166381836,73.22283172607422,,
1780510071.7729561,22107.760595721,-9.346297264099121,-43.94102096557617,79.67526245117188,-1.1801272630691528,-50.93013381958008,77.42868041992188,7.2010393142700195,-33.84895706176758,77.59998321533203,1.560886263847351,-47.759822845458984,77.4666748046875,,
1780510071.793142,22107.779891961,-9.490477561950684,-40.634193420410156,81.82449340820312,-1.2196544408798218,-50.44746398925781,74.31051635742188,6.751943111419678,-37.12300491333008,74.87535858154297,3.0411481857299805,-49.55570602416992,79.85469055175781,,
1780510071.8133447,22107.800342625,-6.860966205596924,-36.263858795166016,83.28892517089844,-0.597093939781189,-48.81697463989258,73.08380126953125,4.770355701446533,-37.46208190917969,73.69279479980469,4.855410099029541,-49.58437728881836,81.69145965576172,,
1780510071.8330173,22107.820299679,-4.998767852783203,-32.96323013305664,83.98558807373047,0.20965233445167542,-48.14405059814453,72.16734313964844,2.9174981117248535,-37.217037200927734,73.31912994384766,4.539422988891602,-47.98002624511719,82.79661560058594,,
1780510071.8530319,22107.840348979,-6.2356858253479,-31.376689910888672,83.5874252319336,2.4067234992980957,-47.75972366333008,71.64215850830078,3.4294421672821045,-40.43577194213867,72.67394256591797,1.622050166130066,-43.51197052001953,82.26378631591797,,
1780510071.8730364,22107.860087777,-9.002036094665527,-32.33072280883789,82.38123321533203,5.820949554443359,-44.45073699951172,74.63587188720703,4.292169094085693,-44.24820327758789,72.92565155029297,-1.1056078672409058,-37.565643310546875,81.0018310546875,,
1780510071.8930678,22107.880525351,-12.194757461547852,-35.51066970825195,80.38996124267578,10.169336318969727,-40.40879821777344,79.80357360839844,2.9441640377044678,-45.87129211425781,75.4489517211914,-4.6268768310546875,-33.02824020385742,77.7069091796875,,
1780510071.9131682,22107.900441543,-11.961731910705566,-40.19148635864258,79.60490417480469,11.5382719039917,-35.74058151245117,83.23052215576172,2.0730490684509277,-44.494056701660156,78.41276550292969,-7.6457061767578125,-32.12236404418945,73.78333282470703,,
1780510071.9331093,22107.920439037,-9.781791687011719,-43.65086364746094,78.2669677734375,11.281560897827148,-34.02780532836914,83.56813049316406,1.8609906435012817,-43.08103561401367,80.4346694946289,-6.719021797180176,-32.00215148925781,71.9398422241211,,
1780510071.952948,22107.94042424,-6.736323356628418,-45.1019401550293,76.7658920288086,10.985393524169922,-34.727867126464844,83.42523193359375,3.328094244003296,-41.739898681640625,81.41349029541016,-5.068295955657959,-32.763919830322266,71.51203155517578,,
1780510071.9731324,22107.960524654,-5.738409519195557,-46.40504455566406,74.6852798461914,9.893194198608398,-37.36061096191406,82.94542694091797,5.26906681060791,-40.45499038696289,81.26412200927734,-3.229355812072754,-34.272212982177734,69.61825561523438,,
1780510071.9937894,22107.980793014,-6.5736918449401855,-46.35904312133789,73.59600067138672,7.653815269470215,-41.42422866821289,82.87613677978516,5.796023845672607,-38.07768630981445,80.90895080566406,-2.3068137168884277,-37.4559440612793,68.98524475097656,,
1780510072.012907,22107.999733672,-7.4090256690979,-45.1686897277832,74.73532104492188,3.2047200202941895,-46.45698165893555,81.61173248291016,5.66161584854126,-35.188819885253906,80.53121185302734,0.029017524793744087,-41.72404098510742,72.35403442382812,,
1780510072.0329814,22108.020080285,-8.775080680847168,-44.16737365722656,78.6001205444336,-0.9185636639595032,-50.19343566894531,78.64322662353516,7.350512981414795,-33.58086395263672,78.79375457763672,1.1443119049072266,-46.4979133605957,77.15853881835938,,
1780510072.053231,22108.040692364,-9.897640228271484,-41.90693283081055,81.14424133300781,-1.6028858423233032,-50.71278381347656,75.19751739501953,7.404073715209961,-36.121212005615234,75.68236541748047,2.208646297454834,-48.727901458740234,79.60244750976562,,
1780510072.0732028,22108.060507572,-8.39311695098877,-38.246944427490234,82.77754974365234,-0.6343867778778076,-49.11870574951172,73.08710479736328,5.847921371459961,-37.73729705810547,73.89019012451172,3.7112557888031006,-49.40553665161133,81.00682830810547,,
1780510072.0931745,22108.081136076,-6.510346412658691,-35.01055908203125,83.50567626953125,0.11442509293556213,-48.48514938354492,72.16104125976562,3.985222339630127,-37.316471099853516,73.48834991455078,3.4349851608276367,-47.93693542480469,82.02843475341797,,
1780510072.1134238,22108.10030184,-6.420414447784424,-32.88274383544922,83.5890121459961,1.5433536767959595,-48.25318145751953,72.06360626220703,3.7577266693115234,-39.470314025878906,72.54170227050781,1.2469449043273926,-43.98356628417969,81.95246124267578,,
1780510072.1333146,22108.120416609,-8.660005569458008,-32.95541000366211,82.64143371582031,4.364060401916504,-45.6711311340332,74.3134765625,4.508000373840332,-43.196685791015625,72.48472595214844,-1.6133109331130981,-38.299957275390625,81.0447998046875,,
1780510072.153202,22108.140245417,-11.791387557983398,-35.476402282714844,80.7603759765625,8.547553062438965,-42.01020812988281,79.32583618164062,3.443480968475342,-45.165409088134766,74.74388122558594,-4.704416751861572,-33.255435943603516,78.26494598388672,,
1780510072.1741838,22108.161361529,-12.321377754211426,-39.891845703125,79.64639282226562,10.674947738647461,-37.14929962158203,83.51066589355469,2.823005437850952,-44.24674606323242,77.85518646240234,-8.21902084350586,-31.806522369384766,74.27690124511719,,
1780510072.1931803,22108.180366804,-10.646942138671875,-43.6632080078125,78.5770492553711,10.50266170501709,-35.20945739746094,84.40503692626953,2.5530974864959717,-42.932716369628906,79.998046875,-8.231040000915527,-31.609045028686523,71.9315414428711,,
1780510072.2130055,22108.199830834,-8.07916259765625,-45.19719696044922,77.0430679321289,10.449532508850098,-35.15449905395508,84.26773834228516,3.755727529525757,-41.65636444091797,81.35482788085938,-6.488402366638184,-32.109127044677734,71.74247741699219,,
1780510072.2331529,22108.219952092,-6.1253790855407715,-46.31550598144531,75.15193939208984,9.597375869750977,-37.43029022216797,83.70658111572266,5.414630889892578,-40.16968536376953,81.43997955322266,-4.804600238800049,-33.54179382324219,70.26033020019531,,
1780510072.2532616,22108.240968868,-6.923011779785156,-47.11480712890625,73.7289047241211,7.595320701599121,-40.96487045288086,83.49055480957031,6.3701372146606445,-38.04605484008789,81.03596496582031,-3.2913436889648438,-36.3411750793457,68.84315490722656,,
1780510072.2730603,22108.26140811,-7.677031993865967,-46.111698150634766,74.4178237915039,3.524317741394043,-45.90013122558594,82.6405029296875,6.122859477996826,-34.99467086791992,80.66289520263672,-1.4721896648406982,-40.652427673339844,71.36881256103516,,
1780510072.2930794,22108.280370706,-8.759547233581543,-45.41611862182617,78.0217514038086,-1.446484088897705,-50.34368896484375,80.06346130371094,7.342907428741455,-32.48006820678711,79.25678253173828,0.21716800332069397,-45.36482620239258,76.48887634277344,,
1780510072.3130717,22108.301420902,-10.202667236328125,-43.37117385864258,81.08663940429688,-2.978350877761841,-51.79302978515625,76.23685455322266,7.418427467346191,-34.25221633911133,76.0677719116211,1.138180136680603,-48.03541564941406,79.43391418457031,,
1780510072.3331692,22108.320113913,-8.935444831848145,-39.757232666015625,82.75276947021484,-2.4552416801452637,-49.969608306884766,73.9420394897461,5.913656711578369,-37.00847244262695,73.96405792236328,3.0163750648498535,-49.28908920288086,81.07635498046875,,
1780510072.3531485,22108.340442513,-6.683964252471924,-36.14314651489258,83.6377182006836,-1.8564881086349487,-49.086795806884766,72.9264144897461,3.6472983360290527,-36.65275573730469,73.44379425048828,3.5845208168029785,-48.31280517578125,82.27832794189453,,
1780510072.373124,22108.359952018,-5.9834113121032715,-33.76072311401367,84.1386947631836,-0.5211381912231445,-48.9859733581543,72.11372375488281,3.0066730976104736,-37.99644088745117,72.81217956542969,2.070472240447998,-44.942970275878906,82.29266357421875,,
1780510072.3931735,22108.379641214,-7.307124137878418,-32.81980895996094,83.60722351074219,1.9253556728363037,-46.942691802978516,73.2281265258789,4.127713680267334,-41.73004913330078,72.81529998779297,-0.34387120604515076,-39.634483337402344,81.67790222167969,,
1780510072.4131315,22108.400075977,-10.499030113220215,-34.527618408203125,81.89405822753906,6.299927711486816,-43.471649169921875,77.640869140625,3.756831645965576,-44.67009735107422,74.28128814697266,-3.326812505722046,-33.98442459106445,79.52682495117188,,
1780510072.4330363,22108.420451638,-12.098731994628906,-38.69510269165039,80.52405548095703,9.790237426757812,-38.67111587524414,82.70972442626953,3.0556626319885254,-44.82710266113281,77.21514892578125,-7.207480430603027,-31.49662971496582,75.23517608642578,,
1780510072.453331,22108.441845815,-10.956790924072266,-43.36637878417969,79.53071594238281,10.09748649597168,-35.39855194091797,84.36671447753906,2.305743455886841,-43.5352897644043,79.73313903808594,-8.088425636291504,-31.15281105041504,72.0601806640625,,
1780510072.473202,22108.460699872,-8.557909965515137,-45.66088104248047,78.0100326538086,10.231315612792969,-34.753658294677734,84.30306243896484,2.9045729637145996,-42.43539047241211,81.20745849609375,-6.319828033447266,-31.459102630615234,71.46215057373047,,
1780510072.4931488,22108.480523009,-6.264408111572266,-46.794864654541016,76.26294708251953,9.864920616149902,-36.36221694946289,83.93966674804688,4.568905830383301,-41.018829345703125,81.47378540039062,-4.744885444641113,-32.922943115234375,70.25804138183594,,
1780510072.513203,22108.5008341,-6.437169075012207,-47.66193389892578,74.2919692993164,8.542659759521484,-39.26544189453125,83.52618408203125,5.769419193267822,-39.26426315307617,81.19574737548828,-3.0756843090057373,-35.340877532958984,68.41572570800781,,
1780510072.5331225,22108.520142125,-7.340044975280762,-46.7913818359375,73.7555160522461,5.7705535888671875,-43.561981201171875,83.25077056884766,5.8606085777282715,-36.51045227050781,80.89411163330078,-1.9802032709121704,-39.06098556518555,69.26602935791016,,
1780510072.5531635,22108.540291564,-8.227441787719727,-45.65978240966797,75.94019317626953,0.6113194227218628,-48.284629821777344,81.02748107910156,6.312465667724609,-33.854583740234375,79.96965026855469,0.7652888894081116,-43.98306655883789,74.15098571777344,,
1780510072.5730588,22108.559968722,-9.873723030090332,-44.01137924194336,79.78524017333984,-1.8389652967453003,-51.16716766357422,77.43705749511719,7.480641841888428,-34.02711868286133,77.21566009521484,1.401789903640747,-47.98433303833008,78.20513916015625,,
1780510072.5931914,22108.58042731,-9.67342758178711,-40.52511215209961,81.89341735839844,-1.5593745708465576,-50.30220031738281,74.40585327148438,6.573964595794678,-37.539920806884766,74.36554718017578,2.9898054599761963,-49.750431060791016,80.12691497802734,,
1780510072.6132414,22108.600902708,-7.4487457275390625,-36.485130310058594,83.13861083984375,-0.5580989122390747,-48.82352828979492,72.89366149902344,4.5416388511657715,-37.91706848144531,73.37847900390625,4.0588274002075195,-49.444671630859375,81.62945556640625,,
1780510072.6331043,22108.620027713,-6.178217887878418,-33.522037506103516,83.6601791381836,0.5718403458595276,-48.631168365478516,72.05707550048828,3.029646635055542,-38.43865966796875,72.74665832519531,2.928929090499878,-46.97475814819336,82.23587036132812,,
1780510072.6530962,22108.639953381,-7.0582122802734375,-31.698942184448242,83.30162811279297,2.7825725078582764,-47.2705078125,72.58108520507812,3.6411046981811523,-41.76704025268555,72.2863540649414,0.5136545300483704,-42.2120475769043,81.98506927490234,,
1780510072.6730154,22108.660029834,-10.237680435180664,-33.000816345214844,81.70355987548828,6.667107582092285,-43.83749771118164,75.95867156982422,3.9915049076080322,-45.0035400390625,73.105224609375,-2.447108268737793,-36.270957946777344,80.27957916259766,,
1780510072.6930847,22108.680498963,-12.880998611450195,-36.64365768432617,79.75643157958984,10.729034423828125,-39.19405746459961,81.32145690917969,2.8638100624084473,-45.71231460571289,76.01876068115234,-5.958082675933838,-32.60691833496094,76.50178527832031,,
1780510072.7130501,22108.700952215,-12.01906681060791,-41.265464782714844,78.80030059814453,11.566484451293945,-35.03350830078125,83.65058135986328,2.1015214920043945,-44.18589401245117,79.03152465820312,-7.901580333709717,-32.02843475341797,73.15843963623047,,
1780510072.7330956,22108.720129707,-9.562188148498535,-44.063255310058594,77.36629486083984,11.266959190368652,-33.926387786865234,83.65483093261719,2.3385567665100098,-42.924468994140625,80.96318054199219,-6.447401523590088,-32.01078414916992,71.96165466308594,,
1780510072.753052,22108.740151773,-6.568081855773926,-45.196319580078125,75.70303344726562,10.92831802368164,-35.197696685791016,83.2771224975586,3.8761775493621826,-41.443450927734375,81.61601257324219,-4.734848499298096,-33.02201843261719,71.2962875366211,,
1780510072.7731946,22108.7603911,-6.41713809967041,-46.447139739990234,73.46910095214844,9.467547416687012,-38.21287536621094,82.87574005126953,5.620608806610107,-40.055362701416016,81.34246826171875,-2.8302273750305176,-34.860023498535156,69.4043960571289,,
1780510072.793031,22108.780034923,-7.087750434875488,-46.01728820800781,72.94965362548828,6.548255443572998,-42.71108627319336,82.55438995361328,5.7238450050354,-37.49835968017578,81.08953857421875,-1.5838106870651245,-38.524757385253906,69.76984405517578,,
1780510072.8131292,22108.800184106,-8.054055213928223,-44.862918853759766,75.31389617919922,1.1769757270812988,-47.87005615234375,80.60213470458984,6.080503940582275,-34.73265838623047,80.23626708984375,1.0293599367141724,-43.43355941772461,74.51101684570312,,
1780510072.833057,22108.820456277,-9.812750816345215,-43.60737991333008,79.18537139892578,-1.4066325426101685,-50.62015151977539,77.3930435180664,7.513795375823975,-34.52803421020508,77.85323333740234,1.4922031164169312,-47.488243103027344,78.49628448486328,,
1780510072.8531134,22108.840717413,-9.612997055053711,-40.5444221496582,81.36114501953125,-1.4935961961746216,-49.69365310668945,74.48348236083984,6.871123790740967,-37.550453186035156,74.88495635986328,3.0044238567352295,-49.31998825073242,80.24436950683594,,
1780510072.873258,22108.860468339,-7.596888065338135,-36.85395431518555,82.69103240966797,-0.7591263055801392,-48.44089889526367,72.92317962646484,4.9535322189331055,-37.84120178222656,73.91973114013672,3.8506455421447754,-49.17255783081055,81.53036499023438,,
1780510072.8930705,22108.88007204,-6.332653999328613,-34.174285888671875,83.36692810058594,0.25062599778175354,-48.20719909667969,72.00333404541016,3.5766477584838867,-37.91260528564453,73.55760955810547,2.7334799766540527,-46.902278900146484,82.080078125,,
1780510072.9130812,22108.900158403,-6.895772933959961,-32.54014587402344,83.2076187133789,2.0285024642944336,-47.04909896850586,72.24583435058594,4.525261878967285,-40.66463088989258,73.14942932128906,0.44278600811958313,-42.275455474853516,81.7356948852539,,
1780510072.9330883,22108.920882412,-9.258727073669434,-33.273983001708984,81.99118041992188,4.92024564743042,-44.018280029296875,74.79537963867188,5.216071128845215,-43.915035247802734,73.63861846923828,-2.2157018184661865,-36.69530487060547,80.57594299316406,,
1780510072.9530752,22108.940378279,-12.061044692993164,-36.66120147705078,80.31480407714844,9.162327766418457,-40.562889099121094,79.81681823730469,4.029962539672852,-45.28354263305664,75.96517944335938,-5.3871965408325195,-32.35865020751953,77.10366821289062,,
1780510072.9730768,22108.960363663,-11.729552268981934,-41.427860260009766,79.42256927490234,10.333579063415527,-36.361175537109375,83.04867553710938,3.0444796085357666,-44.188819885253906,78.82295989990234,-7.864270210266113,-31.11240005493164,73.16409301757812,,
1780510072.9930134,22108.980025272,-9.422780990600586,-45.018882751464844,78.50906372070312,10.00229263305664,-35.10401153564453,83.59199523925781,2.900974750518799,-43.009220123291016,80.6900863647461,-6.945962429046631,-30.813140869140625,71.27255249023438,,
1780510073.0131164,22109.000333232,-6.562821388244629,-46.28080749511719,77.03182220458984,9.727590560913086,-35.89354705810547,83.52698516845703,4.100481033325195,-41.66192626953125,81.60659790039062,-5.268253803253174,-31.584165573120117,71.02073669433594,,
1780510073.0330126,22109.021045837,-5.666810512542725,-47.230411529541016,74.91046142578125,8.610617637634277,-38.45404815673828,83.13363647460938,5.589283466339111,-40.125343322753906,81.52809143066406,-3.4347891807556152,-33.20048522949219,69.28977966308594,,
1780510073.0532188,22109.04093813,-6.398407936096191,-47.293724060058594,73.97999572753906,6.222905158996582,-42.180667877197266,82.96957397460938,5.8681559562683105,-37.56349563598633,81.2164535522461,-2.162773609161377,-36.492103576660156,68.6276626586914,,
1780510073.0730755,22109.06042983,-7.394974231719971,-46.10120391845703,75.51866912841797,1.8122235536575317,-47.1504020690918,81.70904541015625,5.666671276092529,-34.47525405883789,80.72642517089844,0.00045986383338458836,-41.10837936401367,71.97370910644531,,
1780510073.0930305,22109.080079616,-8.876816749572754,-45.193092346191406,79.1661376953125,-1.968788743019104,-50.629032135009766,78.87588500976562,7.718375205993652,-32.795536041259766,78.77528381347656,0.9248182773590088,-45.791725158691406,76.78746032714844,,
1780510073.1131794,22109.100449984,-9.89591121673584,-42.78566360473633,81.75186157226562,-2.486970901489258,-50.98802947998047,75.37026977539062,7.896050453186035,-35.31207275390625,75.45719146728516,2.045980930328369,-48.22383117675781,79.28050994873047,,
1780510073.1334915,22109.120632408,-8.283352851867676,-38.750770568847656,83.24807739257812,-1.5352826118469238,-49.338069915771484,73.38995361328125,6.487133026123047,-36.9421272277832,73.7059555053711,3.480579137802124,-49.010154724121094,80.67675018310547,,
1780510073.1531713,22109.140373172,-6.429961204528809,-35.33806228637695,83.86016845703125,-0.585333526134491,-48.64688491821289,72.50154876708984,4.644721984863281,-36.7934684753418,73.3338394165039,3.2436330318450928,-47.651153564453125,81.73006439208984,,
1780510073.1731117,22109.161270227,-6.4734272956848145,-33.196922302246094,83.90554809570312,0.9366884231567383,-48.13554382324219,72.39771270751953,4.844217300415039,-39.222835540771484,72.40003204345703,1.1134371757507324,-43.825321197509766,81.55924224853516,,
1780510073.1931734,22109.18012919,-8.66345500946045,-33.0786247253418,82.97672271728516,3.9431869983673096,-45.33568572998047,74.21417999267578,5.5888566970825195,-43.01681137084961,72.44881439208984,-1.716285228729248,-38.28247833251953,80.83055114746094,,
1780510073.2133055,22109.200177264,-11.961325645446777,-35.634796142578125,81.03040313720703,8.260187149047852,-41.76118087768555,79.03701782226562,4.174252510070801,-45.112281799316406,74.45158386230469,-4.736843109130859,-33.09755325317383,78.15084075927734,,
1780510073.233007,22109.219957815,-12.39356803894043,-40.23896026611328,79.84092712402344,10.434454917907715,-36.77841567993164,83.3154067993164,2.996849298477173,-44.409385681152344,77.82968139648438,-7.874540328979492,-31.220325469970703,74.1496810913086,,
1780510073.253025,22109.241353846,-10.494715690612793,-44.077430725097656,78.67489624023438,10.33486557006836,-34.415733337402344,83.92079162597656,2.0379440784454346,-43.22365951538086,80.38702392578125,-7.340451240539551,-30.851978302001953,71.76778411865234,,
1780510073.2731807,22109.260707298,-7.527597427368164,-45.71961975097656,77.28982543945312,10.302443504333496,-34.560943603515625,83.7490005493164,3.203343391418457,-42.067569732666016,81.63311767578125,-5.477412223815918,-31.406829833984375,71.57958984375,,
1780510073.2934058,22109.280758208,-5.542919635772705,-46.68090057373047,75.13725280761719,9.487794876098633,-36.90130615234375,83.16632843017578,4.836983680725098,-40.72917175292969,81.68025207519531,-3.649798631668091,-32.91843032836914,70.04933166503906,,
1780510073.3132243,22109.300024983,-6.22786808013916,-47.2631950378418,73.51276397705078,7.57992696762085,-40.363861083984375,82.97062683105469,5.7110595703125,-38.752628326416016,81.31764221191406,-2.121825933456421,-35.711769104003906,68.66294860839844,,
1780510073.3328745,22109.319872624,-7.271574974060059,-46.02898025512695,73.83820343017578,3.7967910766601562,-45.257850646972656,82.2359390258789,5.403547286987305,-35.93392562866211,81.02399444580078,-0.3031938076019287,-40.09144973754883,70.94747161865234,,
1780510073.3530486,22109.340029466,-8.569499015808105,-44.99018096923828,77.22798156738281,-0.8150720000267029,-49.34453582763672,79.66921997070312,7.133988857269287,-33.830078125,79.522705078125,1.4258984327316284,-45.363868713378906,76.17536926269531,,
1780510073.3737292,22109.3626379,-10.118054389953613,-43.073997497558594,80.25675201416016,-1.743611454963684,-50.666900634765625,76.20174407958984,7.773259162902832,-35.659061431884766,76.35214233398438,2.079793930053711,-48.460880279541016,79.09644317626953,,
1780510073.3933647,22109.380363097,-8.911062240600586,-39.130958557128906,82.07102966308594,-0.9605727195739746,-49.02207565307617,73.78363800048828,6.357121467590332,-38.33592987060547,74.04528045654297,3.700148344039917,-49.794307708740234,80.59819030761719,,
1780510073.4144592,22109.401281012,-6.733839511871338,-35.49015808105469,83.10639190673828,-0.3243870139122009,-48.245140075683594,72.7141342163086,4.328922748565674,-37.743064880371094,73.5338363647461,3.931248664855957,-48.773929595947266,81.7437744140625,,
1780510073.4338057,22109.420589432,-6.251534461975098,-33.03105163574219,83.3992919921875,1.00127112865448,-47.92218017578125,72.1139907836914,3.904438018798828,-39.084712982177734,72.91050720214844,2.119431257247925,-45.51481628417969,81.88045501708984,,
1780510073.4533832,22109.440905384,-7.968056678771973,-32.27475357055664,82.74481964111328,3.5804474353790283,-45.79458999633789,73.23810577392578,4.865267753601074,-42.60690689086914,72.67162322998047,-0.5597448945045471,-40.2900390625,81.37046813964844,,
1780510073.473816,22109.460693522,-11.120340347290039,-34.16881561279297,80.8806381225586,7.513275623321533,-42.328121185302734,77.14307403564453,4.341314315795898,-45.27730178833008,74.15196228027344,-3.2658166885375977,-34.87675857543945,79.31436920166016,,
1780510073.4932532,22109.480346586,-12.688575744628906,-38.290122985839844,79.46830749511719,10.699779510498047,-37.87668228149414,81.95477294921875,3.1656386852264404,-45.25849533081055,77.261962890625,-6.558475017547607,-32.262420654296875,75.247314453125,,
1780510073.5131066,22109.500485963,-11.401969909667969,-42.76325607299805,78.32413482666016,10.848844528198242,-34.96780776977539,83.43965148925781,2.39461088180542,-43.992679595947266,79.81578063964844,-7.123051643371582,-31.45652198791504,72.26879119873047,,
1780510073.5330925,22109.520021296,-8.725866317749023,-44.97484588623047,77.02061462402344,10.692703247070312,-34.60319900512695,83.44359588623047,3.0567333698272705,-42.671024322509766,81.32737731933594,-5.605123043060303,-31.469295501708984,71.67670440673828,,
1780510073.5531023,22109.539933517,-6.361092567443848,-46.04597091674805,75.14096069335938,10.053482055664062,-36.51264953613281,82.93871307373047,4.585846424102783,-41.34742736816406,81.57872009277344,-3.8472158908843994,-32.59486770629883,70.54253387451172,,
1780510073.572952,22109.559826725,-6.622130870819092,-47.007232666015625,73.22652435302734,8.164093971252441,-39.80485534667969,82.74308776855469,5.690127849578857,-39.510047912597656,81.23006439208984,-2.139024019241333,-35.126644134521484,68.81925201416016,,
1780510073.5930965,22109.580117493,-7.403408527374268,-46.10505676269531,73.20050048828125,4.721586227416992,-44.52009582519531,82.24544525146484,5.4530253410339355,-36.78291320800781,81.00273895263672,-0.481602281332016,-39.32548904418945,70.38175201416016,,
1780510073.6130505,22109.600400085,-8.568031311035156,-45.03990173339844,76.38932800292969,-0.2660384178161621,-48.98316955566406,79.91317749023438,6.885019779205322,-34.28337860107422,79.89215087890625,1.514137625694275,-44.43791198730469,75.52107238769531,,
1780510073.6331432,22109.620435809,-10.140532493591309,-43.33483123779297,79.8780746459961,-1.6683578491210938,-50.79618835449219,76.46636962890625,7.706784248352051,-35.2590446472168,76.95797729492188,1.9797307252883911,-47.90489196777344,78.86592864990234,,
1780510073.6531389,22109.640691752,-9.115828514099121,-39.5938835144043,81.73400115966797,-1.3231899738311768,-49.151390075683594,73.99633026123047,6.7425994873046875,-38.078285217285156,74.50509643554688,3.5760650634765625,-49.43624496459961,80.46083068847656,,
1780510073.673048,22109.660092111,-6.983051776885986,-35.90060806274414,82.89042663574219,-0.5946548581123352,-48.0911865234375,72.82183837890625,4.92918062210083,-37.673744201660156,73.84848022460938,3.9844250679016113,-48.73890686035156,81.5768814086914,,
1780510073.6930714,22109.67997781,-6.242156028747559,-33.495391845703125,83.29573822021484,0.577752947807312,-47.73284149169922,72.30889892578125,4.298783302307129,-38.751861572265625,73.04671478271484,2.407045364379883,-45.986080169677734,81.67919921875,,
1780510073.713079,22109.700423807,-7.648266315460205,-32.46797180175781,82.71551513671875,2.893008232116699,-45.907962799072266,73.3047103881836,5.306539058685303,-42.15536880493164,72.68901824951172,-0.16717399656772614,-41.059818267822266,81.240234375,,
1780510073.7330697,22109.720468545,-10.912251472473145,-34.3213005065918,81.07361602783203,6.900104999542236,-42.60683059692383,77.13322448730469,4.88081169128418,-44.8969612121582,73.92410278320312,-3.1574621200561523,-35.24131774902344,79.33767700195312,,
1780510073.7531784,22109.740553532,-12.77885913848877,-38.34115982055664,79.45526123046875,10.270746231079102,-38.16340255737305,82.05423736572266,3.495628595352173,-45.00493621826172,76.95246887207031,-6.607846260070801,-32.003074645996094,75.43412780761719,,
1780510073.7732165,22109.76005288,-11.481980323791504,-42.74153137207031,78.5802230834961,10.57526683807373,-34.980262756347656,83.6982650756836,2.452683687210083,-43.64448165893555,79.71571350097656,-7.560661792755127,-31.154834747314453,72.46958923339844,,
1780510073.7933054,22109.780218958,-8.86422061920166,-45.07856750488281,77.31393432617188,10.209481239318848,-34.633888244628906,83.68312072753906,2.9290144443511963,-42.58793258666992,81.3615951538086,-5.884184837341309,-30.932966232299805,71.77098083496094,,
1780510073.8131995,22109.800651884,-6.147718906402588,-46.122840881347656,75.74132537841797,9.498430252075195,-36.4974250793457,83.25530242919922,4.454559326171875,-41.04920196533203,81.75724029541016,-4.2007951736450195,-32.07231903076172,70.65092468261719,,
1780510073.8331494,22109.82070729,-6.21492338180542,-47.23536682128906,73.93620300292969,7.776217460632324,-39.675567626953125,83.01676177978516,5.778665065765381,-39.303035736083984,81.48062133789062,-2.4602885246276855,-34.3492546081543,68.77525329589844,,
1780510073.8531365,22109.839987305,-6.97259521484375,-46.462284088134766,73.78653717041016,4.581652641296387,-44.135986328125,82.67821502685547,5.736429691314697,-36.5172233581543,81.3701171875,-1.037264347076416,-38.19148635864258,70.05677032470703,,
1780510073.8734276,22109.860614424,-8.052587509155273,-45.469635009765625,76.50942993164062,-0.2190549522638321,-48.71627426147461,80.54399108886719,6.930971622467041,-33.843902587890625,80.17196655273438,1.022617220878601,-43.217323303222656,74.95750427246094,,
1780510073.8932338,22109.880775428,-9.76682186126709,-44.100120544433594,79.99951171875,-2.1760270595550537,-50.90643310546875,77.11503601074219,8.255722999572754,-34.22381591796875,77.1612319946289,1.4822903871536255,-47.05499267578125,78.32813262939453,,
1780510073.9133236,22109.900641032,-9.275580406188965,-40.733341217041016,82.1321029663086,-1.8472989797592163,-49.629478454589844,74.42396545410156,7.442264556884766,-37.06037139892578,74.35945892333984,3.212590456008911,-48.97285842895508,79.95870208740234,,
1780510073.93324,22109.920798718,-7.187036037445068,-36.98177719116211,83.23133850097656,-1.2300065755844116,-48.5143928527832,73.30655670166016,5.5892534255981445,-36.93780517578125,73.48159790039062,3.82535982131958,-48.6349983215332,81.18153381347656,,
1780510073.953251,22109.939998535,-6.14268159866333,-34.44133758544922,83.76472473144531,-0.11654084920883179,-48.336910247802734,72.56202697753906,4.587674140930176,-37.712398529052734,72.84344482421875,2.4231789112091064,-46.118995666503906,81.53279113769531,,
1780510073.9732242,22109.960283906,-7.090907096862793,-32.956180572509766,83.37618255615234,1.855754017829895,-46.83268737792969,73.05122375488281,5.399332523345947,-40.999027252197266,72.5147476196289,0.005783035885542631,-41.43580627441406,81.2857666015625,,
1780510073.99311,22109.980194303,-9.826972961425781,-34.119747161865234,82.05755615234375,5.302408695220947,-43.65250778198242,76.18245697021484,5.4469475746154785,-44.07664108276367,73.28608703613281,-2.7499239444732666,-35.738746643066406,79.90739440917969,,
1780510074.0132425,22110.000440417,-12.428638458251953,-37.867008209228516,80.27796173095703,9.465453147888184,-39.56863021850586,81.38626098632812,3.844097375869751,-45.07030487060547,76.01322937011719,-6.074516773223877,-31.822973251342773,76.16835021972656,,
1780510074.0331855,22110.020846141,-11.577564239501953,-42.5980110168457,79.36280822753906,10.225378036499023,-35.56636047363281,83.83800506591797,2.637828826904297,-43.86195755004883,79.09435272216797,-7.770742893218994,-30.8622989654541,72.69558715820312,,
1780510074.0531647,22110.040526487,-9.157780647277832,-45.59934616088867,78.26742553710938,9.941800117492676,-34.676387786865234,83.9051284790039,2.686012029647827,-42.839473724365234,80.94478607177734,-6.349937915802002,-30.716951370239258,71.3680191040039,,
1780510074.073184,22110.060780353,-6.322657108306885,-46.63650894165039,76.56890106201172,9.716075897216797,-35.74446487426758,83.59001922607422,4.067575454711914,-41.47824478149414,81.65261840820312,-4.57027006149292,-31.74947166442871,70.80265045166016,,
1780510074.0931575,22110.080408409,-5.980712413787842,-47.64896011352539,74.22572326660156,8.523358345031738,-38.39309310913086,83.18275451660156,5.531637668609619,-40.076316833496094,81.47166442871094,-2.6146678924560547,-33.63018798828125,68.89739227294922,,
1780510074.1132822,22110.100219959,-6.8216328620910645,-47.18849182128906,73.29194641113281,5.90766716003418,-42.46303176879883,82.96122741699219,5.529603481292725,-37.53643798828125,81.1702880859375,-1.4031546115875244,-37.323219299316406,68.87057495117188,,
1780510074.1332555,22110.12086673,-7.917160987854004,-45.9920654296875,74.83596801757812,1.3496801853179932,-47.3536491394043,81.39978790283203,5.642999172210693,-34.816253662109375,80.50932312011719,1.1731208562850952,-42.138023376464844,72.86991119384766,,
1780510074.1531906,22110.140797431,-9.441476821899414,-44.73299026489258,78.73617553710938,-1.6351834535598755,-50.46675491333008,78.31649780273438,7.48394250869751,-33.893131256103516,78.24205780029297,1.7171014547348022,-47.00663375854492,77.35189056396484,,
1780510074.17321,22110.160624813,-9.80315113067627,-41.651466369628906,81.11941528320312,-1.7266578674316406,-50.07893371582031,75.10594940185547,7.248954772949219,-37.03583908081055,75.16728973388672,3.048616647720337,-49.337833404541016,79.64814758300781,,
1780510074.1932054,22110.17996068,-7.769307613372803,-37.32423400878906,82.6595687866211,-0.7882952690124512,-48.524330139160156,73.2514419555664,5.4541425704956055,-38.09406280517578,73.81258392333984,4.272698879241943,-49.68448257446289,81.04679107666016,,
1780510074.2132707,22110.20179041,-6.158328533172607,-33.951019287109375,83.27669525146484,-0.05774444714188576,-48.048255920410156,72.29622650146484,3.7137928009033203,-38.02582931518555,73.42440032958984,3.5048224925994873,-48.056793212890625,82.03013610839844,,
1780510074.2331772,22110.220089024,-6.691181659698486,-31.852142333984375,83.19617462158203,1.796507716178894,-47.202083587646484,72.1345443725586,4.2850823402404785,-40.609867095947266,72.8484878540039,1.0995951890945435,-43.92539596557617,81.8617935180664,,
1780510074.2534306,22110.240517146,-8.991616249084473,-32.255409240722656,82.13569641113281,4.860629558563232,-44.222782135009766,74.24058532714844,5.066136360168457,-44.06938552856445,72.92520904541016,-1.4452571868896484,-38.341007232666016,81.00799560546875,,
1780510074.273249,22110.260743823,-12.455292701721191,-35.21220016479492,80.07756042480469,9.336639404296875,-40.67931365966797,79.1729965209961,3.7479476928710938,-45.868289947509766,75.04076385498047,-4.344405174255371,-33.38838195800781,78.0033950805664,,
1780510074.2934256,22110.280961888,-12.767515182495117,-39.91356658935547,78.73778533935547,11.194894790649414,-36.04993438720703,82.99467468261719,2.671799659729004,-44.838409423828125,78.36358642578125,-7.136226177215576,-31.81661033630371,74.04708862304688,,
1780510074.3128955,22110.300676027,-10.635254859924316,-43.53334426879883,77.6040267944336,10.96883487701416,-34.27324295043945,83.414794921875,2.0708370208740234,-43.60663604736328,80.60505676269531,-6.499292850494385,-31.21519660949707,72.15099334716797,,
1780510074.3330112,22110.320445013,-7.692387104034424,-44.91054153442383,76.17284393310547,10.67831039428711,-34.95004653930664,83.21903991699219,3.41458797454834,-42.3305778503418,81.68037414550781,-4.861489772796631,-31.703786849975586,71.8694839477539,,
1780510074.3532605,22110.340814703,-6.273955345153809,-46.0758056640625,74.0035629272461,9.542037010192871,-37.60023498535156,82.74440002441406,5.192594051361084,-40.92477798461914,81.6151123046875,-2.974574089050293,-33.136417388916016,70.02484893798828,,
1780510074.3730912,22110.359810636,-6.853928565979004,-46.42218017578125,72.81249237060547,7.13053560256958,-41.50275802612305,82.5337905883789,5.57830810546875,-38.56835174560547,81.31681060791016,-1.6090143918991089,-36.45247268676758,69.16402435302734,,
1780510074.3929985,22110.379997339,-7.923588275909424,-45.18696212768555,74.0406723022461,2.473041534423828,-46.77153396606445,81.33927917480469,5.52227258682251,-35.69398498535156,80.92675018310547,0.873473048210144,-41.18952941894531,72.73591613769531,,
1780510074.4130359,22110.400141931,-9.322482109069824,-44.3121223449707,78.0013656616211,-1.2146813869476318,-50.075077056884766,78.66210174560547,7.671173095703125,-34.249176025390625,79.11318969726562,1.6176323890686035,-46.19724655151367,77.4682388305664,,
1780510074.433006,22110.419778785,-10.117643356323242,-42.08688735961914,80.68904113769531,-1.4394705295562744,-50.123722076416016,75.29749298095703,7.638936519622803,-36.85373306274414,75.7279281616211,2.6848766803741455,-48.70668029785156,79.65884399414062,,
1780510074.4532294,22110.440970754,-8.349275588989258,-38.0821533203125,82.28290557861328,-0.6460317373275757,-48.497928619384766,73.38306427001953,6.097054958343506,-38.18022918701172,74.05693054199219,3.9853649139404297,-49.425926208496094,80.86837768554688,,
1780510074.473106,22110.459846797,-6.539999008178711,-34.847251892089844,83.10774993896484,0.09223626554012299,-48.04622268676758,72.5810317993164,4.321437835693359,-37.65470886230469,73.63931274414062,3.3847403526306152,-47.92762756347656,81.68944549560547,,
1780510074.4930837,22110.480230531,-6.5939621925354,-32.881107330322266,83.1981201171875,1.6369585990905762,-47.327693939208984,72.4936294555664,4.706728458404541,-39.96567916870117,72.8906478881836,1.2144262790679932,-44.05781555175781,81.54584503173828,,
1780510074.5130236,22110.500149294,-8.840821266174316,-33.08208084106445,82.09683990478516,4.332812786102295,-44.566001892089844,74.50709533691406,5.6031317710876465,-43.47248077392578,72.939453125,-1.5240505933761597,-38.51929473876953,80.73600006103516,,
1780510074.533154,22110.520606516,-12.034266471862793,-35.78010177612305,80.27555084228516,8.583120346069336,-41.231651306152344,79.19661712646484,4.251309871673584,-45.1756477355957,75.07990264892578,-4.502313137054443,-33.43852615356445,77.95944213867188,,
1780510074.553101,22110.539854291,-12.41872501373291,-40.36642837524414,79.05413055419922,10.488762855529785,-36.75491714477539,83.04293060302734,3.244166612625122,-44.24905014038086,78.23727416992188,-7.542760372161865,-31.536434173583984,73.97479248046875,,
1780510074.5731041,22110.560570387,-10.308918952941895,-44.33058547973633,78.18434143066406,10.236601829528809,-34.87771224975586,83.67109680175781,2.6718807220458984,-43.03343963623047,80.43165588378906,-6.994297504425049,-30.76807403564453,71.7646255493164,,
1780510074.5930989,22110.579849979,-7.380434513092041,-45.84181594848633,76.9893569946289,9.976862907409668,-35.37294387817383,83.51847839355469,3.8834846019744873,-41.846641540527344,81.53053283691406,-5.375294208526611,-31.285825729370117,71.46804809570312,,
1780510074.61311,22110.599759512,-5.792876243591309,-46.89406967163086,75.02544403076172,8.921703338623047,-37.94814682006836,83.13008117675781,5.448263645172119,-40.37300109863281,81.48089599609375,-3.6602659225463867,-32.873863220214844,69.73477172851562,,
1780510074.6330588,22110.619821668,-6.5382466316223145,-47.29618453979492,73.8324203491211,6.655881881713867,-41.628265380859375,82.97236633300781,5.942999362945557,-38.03840637207031,81.2093505859375,-2.2539026737213135,-35.80086898803711,68.67231750488281,,
1780510074.6532207,22110.640297877,-7.499967575073242,-46.228755950927734,74.84500885009766,2.3387339115142822,-46.52977752685547,81.921142578125,5.717250347137451,-34.99090576171875,80.82366180419922,-0.029580162838101387,-40.29704666137695,71.64170837402344,,
1780510074.6732137,22110.659881503,-8.764251708984375,-45.46598434448242,78.4588394165039,-1.7251421213150024,-50.286930084228516,79.31437683105469,7.802623748779297,-32.91189193725586,79.1477279663086,1.028702735900879,-45.12128829956055,76.42509460449219,,
1780510074.6931827,22110.680150719,-9.957986831665039,-43.291969299316406,81.20951843261719,-2.4577975273132324,-50.92001724243164,75.82337188720703,8.134921073913574,-35.01927947998047,75.90647888183594,1.9157229661941528,-47.83518600463867,79.17861938476562,,
1780510074.713117,22110.699880836,-8.539124488830566,-39.3639030456543,82.83916473388672,-1.8051092624664307,-49.2242546081543,73.67311096191406,6.792675495147705,-37.12462615966797,73.85694122314453,3.424243927001953,-48.95104217529297,80.5597152709961,,
1780510074.7330935,22110.719928538,-6.531155586242676,-35.78733825683594,83.63207244873047,-1.1564314365386963,-48.55894088745117,72.69747924804688,4.864562511444092,-36.693389892578125,73.52974700927734,3.332942008972168,-47.7227668762207,81.64266204833984,,
1780510074.7530453,22110.740171795,-6.354715824127197,-33.41240692138672,83.84249877929688,0.2555968165397644,-48.295318603515625,72.26789093017578,4.618844032287598,-38.53839874267578,72.83102416992188,1.320879578590393,-44.382080078125,81.65447998046875,,
1780510074.772935,22110.759937025,-8.156172752380371,-32.938087463378906,83.14949798583984,2.879241466522217,-45.91691589355469,73.62667846679688,5.549818515777588,-42.30171585083008,72.65904998779297,-1.298506259918213,-39.14166259765625,81.06106567382812,,
1780510074.7930236,22110.77979518,-11.284421920776367,-35.05413055419922,81.39299774169922,6.94713020324707,-42.59178161621094,77.93123626708984,4.58913516998291,-44.77552032470703,74.24266052246094,-4.134820461273193,-33.66508483886719,78.81768798828125,,
1780510074.8131487,22110.799976851,-12.38769817352295,-39.4837760925293,80.02989959716797,9.786449432373047,-37.887203216552734,82.75084686279297,3.3854994773864746,-44.49798583984375,77.42462158203125,-7.543137073516846,-31.1833438873291,74.62663269042969,,
1780510074.832879,22110.820203577,-10.661474227905273,-44.09762954711914,79.23078155517578,9.830400466918945,-35.14531707763672,83.9636459350586,2.4844117164611816,-43.2639274597168,79.96121978759766,-7.624911785125732,-30.378686904907227,71.75167083740234,,
1780510074.8528569,22110.839419018,-7.845245838165283,-45.95332336425781,77.85596466064453,9.787240028381348,-35.04440689086914,83.92105102539062,3.290769338607788,-42.142818450927734,81.4378662109375,-5.934566974639893,-30.815963745117188,71.41805267333984,,
1780510074.8731573,22110.860346571,-5.478989124298096,-46.83941650390625,75.8345947265625,9.167901992797852,-37.055423736572266,83.39102935791016,4.701221942901611,-40.76384353637695,81.6222915649414,-4.125397682189941,-32.302574157714844,70.14593505859375,,
1780510074.8931396,22110.879853135,-5.948243618011475,-47.63202667236328,74.28221893310547,7.475367069244385,-40.29307174682617,83.15963745117188,5.716198444366455,-38.81858825683594,81.27885437011719,-2.6934010982513428,-35.04677963256836,68.29695892333984,,
1780510074.912985,22110.900795208,-7.122848987579346,-46.6215705871582,74.1065444946289,4.125733375549316,-44.781654357910156,82.66503143310547,5.477126598358154,-36.003257751464844,81.02531433105469,-0.976726233959198,-39.173194885253906,69.94754791259766,,
1780510074.933,22110.92014404,-8.293323516845703,-45.54712677001953,76.93395233154297,-0.44133055210113525,-49.18598937988281,80.34576416015625,6.8890604972839355,-33.57805252075195,79.84249114990234,1.0022956132888794,-44.19569778442383,75.08698272705078,,
1780510074.9529448,22110.940236741,-9.945480346679688,-43.7380256652832,80.32478332519531,-2.0228936672210693,-51.120418548583984,76.71385955810547,7.994893550872803,-34.647216796875,76.67503356933594,1.6841180324554443,-47.87763214111328,78.5041275024414,,
1780510074.973417,22110.960029447,-9.287602424621582,-40.059104919433594,82.40662384033203,-1.2304768562316895,-49.886009216308594,73.9291763305664,6.855055809020996,-37.63848114013672,74.0769271850586,3.3235340118408203,-49.45272445678711,80.14058685302734,,
1780510074.9933298,22110.980493847,-7.141480445861816,-36.0492057800293,83.30128479003906,-0.6156003475189209,-48.819976806640625,72.90447235107422,4.859395980834961,-37.640167236328125,73.29424285888672,3.7625534534454346,-48.87614440917969,81.49360656738281,,
1780510075.0133386,22111.001626516,-6.335528373718262,-33.357452392578125,83.76361846923828,0.7902781963348389,-48.44389343261719,72.16516876220703,4.059456825256348,-38.765235900878906,72.52989196777344,2.247927188873291,-46.04791259765625,81.79940032958984,,
1780510075.034052,22111.021293735,-7.68879508972168,-32.079132080078125,83.14606475830078,3.3265907764434814,-46.4987907409668,72.85511779785156,4.903017520904541,-42.27164077758789,72.25495910644531,-0.32183489203453064,-41.1463623046875,81.45870208740234,,
1780510075.0539408,22111.041033053,-10.87360954284668,-33.705467224121094,81.45338439941406,7.272158622741699,-43.042030334472656,76.52127838134766,4.509482383728027,-45.17097854614258,73.3968276977539,-3.215204954147339,-35.40682601928711,79.67089080810547,,
1780510075.073648,22111.061652854,-12.95354175567627,-37.730770111083984,79.63235473632812,10.772684097290039,-38.350765228271484,81.68594360351562,3.196537494659424,-45.4263916015625,76.53827667236328,-6.541808128356934,-32.21095275878906,75.7157211303711,,
1780510075.0939176,22111.081049065,-11.676301002502441,-42.25449752807617,78.7498779296875,11.189760208129883,-34.94594192504883,83.5107421875,2.1344330310821533,-44.04387664794922,79.41422271728516,-7.751485347747803,-31.52105140686035,72.60066986083984,,
1780510075.1138508,22111.101095282,-9.146206855773926,-44.65036392211914,77.27947235107422,10.863900184631348,-34.268287658691406,83.49427032470703,2.4213738441467285,-42.85450744628906,81.21047973632812,-6.156376361846924,-31.47453498840332,71.75638580322266,,
1780510075.133768,22111.121284013,-6.403946399688721,-45.75959014892578,75.58637237548828,10.383198738098145,-35.85874938964844,83.08866119384766,4.046751499176025,-41.503578186035156,81.6794662475586,-4.38427209854126,-32.57456588745117,70.78517150878906,,
1780510075.1536303,22111.140690064,-6.309900283813477,-46.82503890991211,73.35978698730469,8.874582290649414,-38.80647277832031,82.78827667236328,5.5550923347473145,-39.904212951660156,81.4403305053711,-2.56591534614563,-34.76970291137695,69.0070571899414,,
1780510075.1739087,22111.16093153,-7.07054328918457,-46.10443115234375,72.95134735107422,5.891088008880615,-43.342506408691406,82.47743225097656,5.619375228881836,-37.27529525756836,81.15977478027344,-1.2640472650527954,-38.66543960571289,69.8719711303711,,
1780510075.19329,22111.180109731,-8.193687438964844,-45.05915832519531,75.50464630126953,0.8629663586616516,-48.20988464355469,80.466796875,6.389616966247559,-34.619956970214844,80.24829864501953,1.1303637027740479,-43.612178802490234,74.57230377197266,,
1780510075.213975,22111.200812055,-9.931171417236328,-43.592838287353516,79.2840576171875,-1.3858158588409424,-50.63858413696289,77.07939147949219,7.54413366317749,-34.75480270385742,77.68262481689453,1.6421260833740234,-47.74629592895508,78.47337341308594,,
1780510075.2332633,22111.220507082,-9.691123008728027,-40.19202423095703,81.354248046875,-1.2470743656158447,-49.52211380004883,74.33917236328125,6.76377534866333,-37.99166488647461,75.06965637207031,3.025723457336426,-49.641658782958984,80.27059936523438,,
1780510075.2531874,22111.240458701,-7.512335300445557,-36.41096496582031,82.84521484375,-0.5384431481361389,-48.344905853271484,72.78780364990234,4.697763442993164,-37.93535614013672,73.93659210205078,3.794492721557617,-49.41065979003906,81.54269409179688,,
1780510075.2740319,22111.261544909,-6.3913092613220215,-33.58011245727539,83.27130126953125,0.25910940766334534,-48.04216384887695,71.940673828125,3.6091086864471436,-38.28599166870117,73.60783386230469,2.5572659969329834,-47.07648468017578,82.1222152709961,,
1780510075.293351,22111.280661423,-7.270112991333008,-32.0221061706543,83.09905242919922,2.3813655376434326,-46.86649703979492,72.24435424804688,4.460109710693359,-41.172359466552734,73.16361999511719,0.09954995661973953,-42.53537368774414,81.74351501464844,,
1780510075.3134978,22111.300492695,-9.721870422363281,-33.178550720214844,81.81707000732422,5.394090175628662,-43.71659851074219,74.98982238769531,5.121205806732178,-44.2938232421875,73.66670989990234,-2.46907901763916,-36.71170425415039,80.40623474121094,,
1780510075.333235,22111.320693138,-12.45495319366455,-36.498680114746094,80.11669921875,9.524226188659668,-40.27323913574219,80.05596923828125,3.8123199939727783,-45.36676025390625,76.02973175048828,-5.766279697418213,-32.60226821899414,76.94916534423828,,
1780510075.3533046,22111.340089318,-11.955029487609863,-41.35273742675781,79.2324447631836,10.515471458435059,-36.28898239135742,83.17029571533203,2.9108874797821045,-44.12482833862305,78.92481231689453,-8.012639999389648,-31.17169189453125,73.1487045288086,,
1780510075.3732953,22111.36022855,-9.450323104858398,-44.74728775024414,78.343505859375,10.142642974853516,-35.15481948852539,83.53031158447266,2.7325797080993652,-42.85776901245117,80.8243637084961,-6.959108352661133,-30.800159454345703,71.40657043457031,,
1780510075.3932796,22111.380424591,-6.476521968841553,-45.96406555175781,76.8034439086914,9.7893705368042,-36.10505294799805,83.3712387084961,3.9862964153289795,-41.548954010009766,81.67385864257812,-5.199868202209473,-31.685651779174805,71.05733489990234,,
1780510075.4132328,22111.40006336,-5.641528129577637,-47.00237274169922,74.71300506591797,8.531485557556152,-38.814842224121094,83.02474212646484,5.522688865661621,-39.998695373535156,81.53716278076172,-3.3719518184661865,-33.472267150878906,69.23207092285156,,
1780510075.4333196,22111.420435318,-6.434717178344727,-46.85524368286133,73.87894439697266,5.968780517578125,-42.75597381591797,82.81854248046875,5.677555561065674,-37.33699417114258,81.33546447753906,-2.1262619495391846,-36.98103713989258,68.9545669555664,,
1780510075.4531338,22111.440279648,-7.447514533996582,-45.82073211669922,75.67619323730469,1.3061217069625854,-47.69988250732422,81.40018463134766,5.826539516448975,-34.31027603149414,80.5686264038086,0.21692915260791779,-41.81589889526367,72.86327362060547,,
1780510075.4732165,22111.465479536,-9.163496017456055,-44.79072189331055,79.5284652709961,-1.8650027513504028,-50.9852180480957,78.33660888671875,7.673857688903809,-32.98715591430664,78.51931762695312,0.9529687166213989,-46.272029876708984,77.4461669921875,,
1780510075.4931774,22111.480718769,-9.892629623413086,-42.07889938354492,81.99947357177734,-2.146033525466919,-50.85124206542969,75.03864288330078,7.449460029602051,-35.861209869384766,75.4979248046875,2.1447510719299316,-48.57210159301758,79.64759826660156,,
1780510075.5131803,22111.500764521,-8.174786567687988,-38.1271858215332,83.36766815185547,-1.364690899848938,-49.4471549987793,73.18865966796875,5.844777584075928,-36.95658874511719,73.8331298828125,3.270261764526367,-49.048885345458984,80.97579956054688,,
1780510075.5332375,22111.520416409,-6.512920379638672,-34.9403190612793,84.03768157958984,-0.34490182995796204,-49.00238037109375,72.26614379882812,4.190136432647705,-36.897377014160156,73.4328842163086,2.7592949867248535,-47.39185333251953,81.89656066894531,,
1780510075.5533202,22111.54035318,-6.746894359588623,-32.79484176635742,83.85256958007812,1.2635629177093506,-48.096038818359375,72.35528564453125,4.6092610359191895,-39.56796646118164,72.73289489746094,0.642540454864502,-43.52211380004883,81.78877258300781,,
1780510075.573098,22111.560172053,-9.023560523986816,-33.04135513305664,82.88689422607422,4.388554096221924,-45.204830169677734,74.57234191894531,5.268690586090088,-42.9953727722168,72.92195892333984,-2.1118931770324707,-37.88402557373047,80.7625961303711,,
1780510075.5931213,22111.58045304,-11.956850051879883,-35.46194839477539,81.07610321044922,8.597528457641602,-41.36336135864258,79.46459197998047,3.9962565898895264,-44.710689544677734,75.54081726074219,-5.1842570304870605,-32.960567474365234,78.02491760253906,,
1780510075.6130183,22111.600295621,-12.079513549804688,-39.385093688964844,80.06283569335938,10.382104873657227,-36.739017486572266,83.39580535888672,3.1705574989318848,-44.16309356689453,78.89424133300781,-8.093897819519043,-31.20230484008789,74.46269989013672,,
1780510075.633087,22111.620077575,-10.060310363769531,-42.417903900146484,79.1528091430664,10.198578834533691,-35.09256362915039,83.74734497070312,2.901121139526367,-43.639652252197266,81.1024398803711,-7.089146614074707,-30.160125732421875,72.95896911621094,,
1780510075.6532235,22111.640068433,-7.564596652984619,-43.68524169921875,77.6783218383789,10.113771438598633,-35.62997817993164,83.56883239746094,4.290773391723633,-42.64876937866211,82.1474380493164,-5.620255947113037,-30.801069259643555,72.70747375488281,,
1780510075.6735244,22111.661172619,-6.198522090911865,-44.62076187133789,75.86174011230469,9.111581802368164,-38.244876861572266,83.07979583740234,6.008128643035889,-41.50123596191406,82.24014282226562,-4.187293529510498,-32.229209899902344,71.18746185302734,,
1780510075.6935937,22111.680923938,-6.7202324867248535,-44.726112365722656,74.72090911865234,6.791154861450195,-42.1888542175293,82.81678009033203,6.639419078826904,-39.32627868652344,82.10537719726562,-2.9141738414764404,-35.06382369995117,70.7608871459961,,
1780510075.7132509,22111.701171226,-7.400740623474121,-43.69342803955078,75.75420379638672,2.3307230472564697,-47.490074157714844,81.6533432006836,6.367698669433594,-36.02910232543945,81.79460906982422,-0.6841074824333191,-39.27454376220703,73.9338607788086,,
1780510075.7325075,22111.719383606,-8.667084693908691,-43.28812026977539,79.02185821533203,-1.9942269325256348,-50.684566497802734,79.40045166015625,7.453498363494873,-33.215572357177734,81.05492401123047,0.6331170201301575,-44.253326416015625,78.78987121582031,,
1780510075.7527778,22111.739810814,-9.857110023498535,-41.91899871826172,81.29985046386719,-2.6703286170959473,-50.00909423828125,76.75987243652344,6.999434947967529,-34.692230224609375,79.10226440429688,1.7335338592529297,-47.50118637084961,81.15666961669922,,
1780510075.7734168,22111.760511214,-8.593003273010254,-39.261173248291016,82.6167984008789,-1.9188597202301025,-47.9766731262207,75.34571838378906,5.5570573806762695,-35.7061653137207,77.5771255493164,2.867781400680542,-49.195369720458984,81.92948150634766,,
1780510075.792978,22111.780070229,-7.3034138679504395,-36.93431854248047,83.2820053100586,-1.5844706296920776,-47.56804656982422,74.76366424560547,4.1661882400512695,-34.56914138793945,77.36481475830078,2.277097225189209,-48.589378356933594,82.21818542480469,,
1780510075.813225,22111.801635272,-7.489563465118408,-35.28321075439453,83.26636505126953,-0.5189162492752075,-47.07138442993164,75.18465423583984,4.70222282409668,-35.163726806640625,77.41007995605469,0.43752360343933105,-46.687625885009766,81.91973114013672,,
1780510075.833191,22111.820433907,-8.57327938079834,-34.69209671020508,82.42708587646484,0.9005250930786133,-45.40861892700195,76.38685607910156,6.302626609802246,-37.40045928955078,77.71380615234375,-1.2420895099639893,-43.36073303222656,81.38939666748047,,
1780510075.8531709,22111.840389977,-10.162773132324219,-35.295379638671875,81.46808624267578,3.0333569049835205,-43.78084182739258,78.3867416381836,6.582002639770508,-39.35124206542969,78.35067749023438,-2.912720203399658,-39.272377014160156,80.26753234863281,,
1780510075.8731275,22111.860082622,-12.221699714660645,-37.07979202270508,80.13353729248047,6.074951648712158,-42.309017181396484,81.6765365600586,5.735642433166504,-40.2822380065918,79.8471450805664,-5.405666828155518,-35.63920593261719,77.84537506103516,,
1780510075.893213,22111.880880876,-12.419941902160645,-39.315975189208984,78.9769287109375,7.600984573364258,-40.352901458740234,84.07699584960938,5.4762983322143555,-40.86043167114258,81.37531280517578,-7.363855838775635,-32.96438980102539,75.64935302734375,,
1780510075.9132094,22111.90054655,-11.052870750427246,-41.00197982788086,77.9955062866211,7.872934341430664,-40.12337112426758,84.6324462890625,5.8426055908203125,-41.204261779785156,82.5278549194336,-7.101741313934326,-31.072885513305664,74.60050201416016,,
1780510075.9332178,22111.920645631,-9.527544975280762,-42.2451171875,76.83623504638672,7.4169392585754395,-41.37328338623047,84.4154281616211,6.627350807189941,-40.82710647583008,83.09677124023438,-6.035254001617432,-30.958911895751953,73.84491729736328,,
1780510075.953255,22111.940120344,-8.53817367553711,-43.22985076904297,75.80525970458984,5.730187892913818,-44.23849868774414,83.87825775146484,7.29032039642334,-39.070072174072266,83.1517333984375,-4.817392349243164,-32.83499526977539,73.33839416503906,,
1780510075.973211,22111.960057424,-8.041236877441406,-43.768829345703125,76.56690979003906,1.5817352533340454,-48.79946517944336,82.52024841308594,7.199560642242432,-35.74725341796875,82.80978393554688,-2.4153084754943848,-36.673458099365234,75.4755859375,,
1780510075.9931676,22111.9800963,-8.793892860412598,-44.50919723510742,79.27843475341797,-3.189675807952881,-52.087039947509766,80.6603775024414,8.06624698638916,-32.06388854980469,82.21086883544922,-0.8555249571800232,-41.353939056396484,79.9451904296875,,
1780510076.0132728,22112.000580973,-10.177888870239258,-44.5120964050293,81.64067840576172,-4.501607894897461,-51.77708435058594,78.38748168945312,7.833458423614502,-31.351804733276367,80.76436614990234,-0.1960296332836151,-44.44940948486328,82.01255798339844,,
1780510076.033293,22112.02063518,-9.381708145141602,-43.42268753051758,83.18791961669922,-4.643310070037842,-49.72742462158203,76.80396270751953,6.557321071624756,-32.015113830566406,78.73471069335938,0.9167131781578064,-46.33494186401367,82.35162353515625,,
1780510076.053367,22112.040883276,-7.909580230712891,-41.85849380493164,84.19100952148438,-4.697709560394287,-49.15346145629883,76.4578857421875,5.599634170532227,-30.962709426879883,77.95259857177734,0.8065178394317627,-46.44715881347656,82.25440216064453,,
1780510076.073307,22112.060231916,-7.613060474395752,-40.761863708496094,84.6469497680664,-4.113839149475098,-49.134883880615234,76.67515563964844,6.0739006996154785,-30.151613235473633,78.00019073486328,-0.5794480443000793,-45.08545684814453,81.97367858886719,,
1780510076.0931134,22112.080052857,-8.025959014892578,-40.13823699951172,84.38185119628906,-3.366025686264038,-48.1528434753418,77.73198699951172,7.924586772918701,-31.585994720458984,77.75701141357422,-1.8617609739303589,-42.798370361328125,81.49681091308594,,
1780510076.1130857,22112.100201663,-8.498693466186523,-40.10868453979492,83.97398376464844,-2.489428997039795,-47.31214141845703,78.64813995361328,8.802654266357422,-33.08445739746094,77.88731384277344,-2.943986415863037,-39.76752471923828,80.9924545288086,,
1780510076.1332366,22112.11999954,-9.413128852844238,-40.689083099365234,83.72351837158203,-1.427472472190857,-46.819000244140625,80.13407135009766,8.678465843200684,-34.10942077636719,77.88424682617188,-4.615569591522217,-36.8073844909668,80.16896057128906,,
1780510076.1531875,22112.140434162,-10.326251983642578,-42.114627838134766,83.36831665039062,-0.40236005187034607,-46.194366455078125,82.31330871582031,8.20594310760498,-34.64756393432617,78.57356262207031,-6.464936256408691,-34.000762939453125,78.961669921875,,
1780510076.1730337,22112.159993889,-10.498319625854492,-44.209266662597656,82.72518920898438,0.3697560131549835,-45.485069274902344,84.91197967529297,8.171853065490723,-34.811988830566406,79.82915496826172,-8.317469596862793,-31.358583450317383,77.09587097167969,,
1780510076.193051,22112.180168321,-9.505640029907227,-46.37051773071289,81.77782440185547,0.6576271653175354,-44.78034210205078,86.43716430664062,7.973663806915283,-35.16947937011719,81.28065490722656,-9.111498832702637,-29.125478744506836,75.29733276367188,,
1780510076.2132251,22112.201951697,-8.266108512878418,-47.66594314575195,81.08975219726562,0.6576957702636719,-44.63483810424805,86.92344665527344,7.761717796325684,-35.397727966308594,82.37655639648438,-8.924385070800781,-28.1787052154541,74.38516998291016,,
1780510076.232927,22112.21997693,-7.050073146820068,-48.426937103271484,80.68211364746094,0.042029354721307755,-45.70435333251953,86.4920425415039,7.858240127563477,-34.949161529541016,82.78630828857422,-8.11417293548584,-28.39667510986328,73.79899597167969,,
1780510076.2540894,22112.241608288,-6.237797260284424,-49.05072021484375,80.73674011230469,-1.8310704231262207,-47.820377349853516,85.64567565917969,8.321474075317383,-33.0661735534668,82.516357421875,-6.782851696014404,-29.796152114868164,74.17737579345703,,
1780510076.2737403,22112.261277626,-6.195815563201904,-49.618350982666016,81.88935089111328,-5.589257717132568,-51.090389251708984,83.95916748046875,8.986865997314453,-30.23166847229004,81.55127716064453,-4.6202473640441895,-32.67448425292969,76.8053970336914,,
1780510076.2933035,22112.28074995,-7.522768497467041,-49.52766036987305,83.83480072021484,-8.644293785095215,-53.681007385253906,81.37627410888672,10.630806922912598,-27.08450698852539,80.06913757324219,-3.206691265106201,-36.475738525390625,80.02379608154297,,
1780510076.3131032,22112.300121969,-8.653728485107422,-48.0246467590332,85.38980865478516,-9.503307342529297,-53.70545959472656,78.79849243164062,10.824808120727539,-26.438243865966797,78.09896087646484,-1.8779001235961914,-39.262367248535156,81.43980407714844,,
1780510076.3331234,22112.320012967,-8.018355369567871,-46.43465042114258,86.35832977294922,-9.360947608947754,-52.531314849853516,77.77293395996094,10.050853729248047,-26.303686141967773,76.55884552001953,-0.8114247918128967,-40.69615936279297,81.89845275878906,,
1780510076.3533492,22112.339808445,-7.099257946014404,-45.00983428955078,86.84444427490234,-9.148824691772461,-52.280155181884766,77.47441101074219,9.406120300292969,-25.896852493286133,75.76950073242188,-1.0882350206375122,-40.4549674987793,82.04751586914062,,
1780510076.3732376,22112.360651827,-7.337057590484619,-44.20130157470703,87.01895904541016,-8.628419876098633,-52.23540496826172,77.72225189208984,9.93580150604248,-26.28132438659668,75.39469146728516,-2.511382818222046,-38.85194396972656,81.77408599853516,,
1780510076.3933213,22112.38110422,-7.73071813583374,-44.05397033691406,87.03435516357422,-8.06056022644043,-51.04707717895508,78.8790054321289,11.042630195617676,-27.909507751464844,75.12055969238281,-3.6942880153656006,-36.122215270996094,81.44007873535156,,
1780510076.4138982,22112.401610764,-8.246216773986816,-44.16627883911133,86.95516204833984,-7.310671806335449,-49.84278869628906,80.28848266601562,11.160021781921387,-29.789148330688477,75.10944366455078,-5.1698737144470215,-33.18696212768555,80.94678497314453,,
1780510076.4333239,22112.420677248,-9.25478458404541,-45.33174133300781,86.7566909790039,-5.740565299987793,-48.547447204589844,82.7984619140625,10.253352165222168,-31.738183975219727,75.75267791748047,-7.19885778427124,-30.357778549194336,79.73237609863281,,
1780510076.4531612,22112.440491955,-10.04494571685791,-47.07260513305664,86.09917449951172,-4.011733531951904,-46.614410400390625,86.03852844238281,8.890421867370605,-33.18600082397461,77.58012390136719,-9.57971477508545,-27.82988739013672,77.47640228271484,,
1780510076.4731457,22112.460672019,-9.226822853088379,-48.95037078857422,85.0907974243164,-2.662555456161499,-44.24589157104492,88.69154357910156,7.579363822937012,-34.64430618286133,80.2923583984375,-11.317314147949219,-25.451257705688477,74.5525894165039,,
1780510076.4931886,22112.480043969,-7.6317973136901855,-50.10441207885742,84.12625122070312,-1.2159801721572876,-42.212684631347656,89.6024398803711,6.208443641662598,-36.66747283935547,82.3387680053711,-10.702001571655273,-23.80179786682129,72.9776382446289,,
1780510076.5131426,22112.499928798,-6.269162654876709,-50.11651611328125,83.33289337158203,0.41819465160369873,-41.42557144165039,89.15695190429688,5.888254642486572,-38.44554138183594,83.3667984008789,-9.447315216064453,-24.031957626342773,72.5260009765625,,
1780510076.5330858,22112.520200599,-5.41101598739624,-50.28501892089844,82.22705841064453,1.1078494787216187,-41.44551467895508,88.2897720336914,6.254293441772461,-38.455352783203125,83.53455352783203,-8.197212219238281,-25.520662307739258,71.48812866210938,,
1780510076.5532165,22112.540628771,-5.035818576812744,-50.560211181640625,81.16313934326172,0.6872948408126831,-42.2812385559082,87.47305297851562,6.333891868591309,-36.93174362182617,83.5855484008789,-7.2112531661987305,-27.8245849609375,70.50546264648438,,
1780510076.573317,22112.560783251,-5.049905300140381,-50.451263427734375,80.56079864501953,-0.4266144633293152,-44.23897933959961,86.5362548828125,6.628480434417725,-35.23799133300781,83.13360595703125,-5.81401252746582,-30.386932373046875,70.93946075439453,,
1780510076.5933697,22112.581292755,-5.605196952819824,-49.92623519897461,80.53491973876953,-2.412032127380371,-47.269744873046875,85.1907958984375,6.99224853515625,-32.80549621582031,82.37879180908203,-3.921473741531372,-33.64977264404297,72.87865447998047,,
1780510076.6133308,22112.601228005,-6.216111183166504,-49.698204040527344,82.06353759765625,-5.849797248840332,-50.68647766113281,82.86062622070312,7.8092145919799805,-29.705408096313477,80.77064514160156,-1.6782500743865967,-38.16899871826172,76.38155364990234,,
1780510076.6336758,22112.621291279,-7.7428388595581055,-47.708251953125,84.11248779296875,-7.8277812004089355,-52.95045852661133,79.7490463256836,8.885961532592773,-27.89032745361328,78.69682312011719,-0.7937319874763489,-41.99002456665039,79.50383758544922,,
1780510076.6542222,22112.645863381,-7.879489898681641,-45.13681411743164,85.37564849853516,-7.715023040771484,-52.20387649536133,77.81985473632812,8.760721206665039,-28.466707229614258,76.80535888671875,0.5440231561660767,-44.30414962768555,80.85696411132812,,
1780510076.6733425,22112.661456803,-6.682160377502441,-42.38081359863281,85.87399291992188,-7.123053550720215,-50.71820831298828,76.81502532958984,7.651514530181885,-28.49503517150879,75.81071472167969,1.337242841720581,-45.281883239746094,81.85548400878906,,
1780510076.6931908,22112.680356262,-6.3479204177856445,-40.50321578979492,86.11959838867188,-6.088563919067383,-50.42698669433594,76.5877914428711,7.390471458435059,-28.920331954956055,75.0117416381836,0.4988612234592438,-44.715065002441406,81.73565673828125,,
1780510076.713391,22112.700964117,-7.037315368652344,-39.35441970825195,85.98416137695312,-4.449298858642578,-49.33180618286133,77.1327133178711,8.40693187713623,-30.725770950317383,75.0893783569336,-1.0664174556732178,-42.40224838256836,81.44300842285156,,
1780510076.7331579,22112.720447814,-8.350720405578613,-38.773529052734375,85.33502960205078,-2.8867359161376953,-47.35832595825195,78.95431518554688,8.869726181030273,-33.30364227294922,75.0087890625,-3.234713315963745,-38.8702392578125,81.0530776977539,,
1780510076.7529497,22112.739981913,-10.739413261413574,-39.54702377319336,84.45235443115234,0.12664781510829926,-45.20547103881836,81.85663604736328,7.955455780029297,-36.0953369140625,75.8066177368164,-6.052063941955566,-34.60878372192383,79.62730407714844,,
1780510076.7730505,22112.760831882,-12.203363418579102,-41.53676986694336,82.89994049072266,3.4072141647338867,-42.04298782348633,85.8249282836914,6.462157726287842,-38.10939025878906,78.67972564697266,-9.136787414550781,-31.02617073059082,76.7072982788086,,
1780510076.7938678,22112.781029947,-11.019915580749512,-43.34758758544922,82.2332992553711,4.891012191772461,-39.11602020263672,87.51788330078125,4.808359146118164,-39.79473876953125,81.27996063232422,-9.932500839233398,-28.675106048583984,74.73893737792969,,
1780510076.8135824,22112.800883496,-9.283930778503418,-43.988746643066406,81.11114501953125,5.529107570648193,-38.31565475463867,87.22767639160156,4.104498863220215,-41.08427047729492,83.09029388427734,-8.5372314453125,-27.646989822387695,74.07643127441406,,
1780510076.8338442,22112.821261454,-7.501405715942383,-44.86042404174805,79.91604614257812,5.798305511474609,-39.0229606628418,86.52600860595703,5.036434650421143,-41.187442779541016,83.7193374633789,-7.008757591247559,-28.09344482421875,73.17781066894531,,
1780510076.8532834,22112.840657042,-6.249507904052734,-45.62287902832031,78.53652954101562,5.041996479034424,-40.94202423095703,85.54596710205078,6.001251220703125,-40.08639907836914,83.87556457519531,-5.782763481140137,-29.63299560546875,72.05651092529297,,
1780510076.8732102,22112.860112339,-6.0508952140808105,-45.78533172607422,77.81661987304688,3.142561912536621,-44.14057159423828,84.80274963378906,6.653777122497559,-38.032962799072266,83.66366577148438,-4.606803894042969,-32.164859771728516,72.35001373291016,,
1780510076.8938415,22112.880576988,-6.535577297210693,-45.50553512573242,78.5532455444336,-0.2794315814971924,-48.39316177368164,83.31389617919922,6.699019432067871,-34.85448455810547,82.97090911865234,-2.622624158859253,-35.82232666015625,75.0177993774414,,
1780510076.9133217,22112.900189036,-7.53270149230957,-45.74280548095703,80.92767333984375,-4.48976993560791,-51.71430587768555,80.91698455810547,7.844892501831055,-31.093109130859375,81.72215270996094,-1.012324571609497,-40.46299743652344,78.9371337890625,,
1780510076.9332578,22112.92041679,-8.897690773010254,-44.717472076416016,82.98445129394531,-5.856544494628906,-51.7772331237793,78.2584228515625,8.168558120727539,-30.272634506225586,79.71218872070312,0.021274331957101822,-43.840702056884766,81.2196044921875,,
1780510076.9533234,22112.940170599,-8.262344360351562,-42.84024429321289,84.17465209960938,-5.4743852615356445,-49.63987731933594,76.81963348388672,7.488216400146484,-30.85663414001465,78.29470825195312,1.4402756690979004,-45.862937927246094,82.0033187866211,,
1780510076.9732637,22112.960450995,-6.939005374908447,-41.14607238769531,84.88220977783203,-5.1090216636657715,-48.901634216308594,76.38621520996094,6.432523250579834,-29.884498596191406,77.32569122314453,1.2947934865951538,-46.2421989440918,82.08171081542969,,
1780510076.9933343,22112.980402369,-7.101126194000244,-40.38603973388672,85.23595428466797,-4.445495128631592,-49.18886947631836,76.67432403564453,7.2174201011657715,-29.455829620361328,77.1662826538086,-0.4398600161075592,-44.64101028442383,81.58485412597656,,
1780510077.0140152,22113.001289118,-7.818312644958496,-40.07920455932617,84.98271942138672,-3.8963518142700195,-48.30958938598633,77.669921875,8.858305931091309,-30.633228302001953,77.16788482666016,-2.1254684925079346,-41.67434310913086,81.34799194335938,,
1780510077.0339203,22113.021670476,-8.70550537109375,-40.36956787109375,84.52017211914062,-3.1966207027435303,-47.34540939331055,78.97870635986328,9.711941719055176,-32.38423538208008,76.95307922363281,-3.777156114578247,-38.14733123779297,80.85950469970703,,
1780510077.0532775,22113.041096662,-9.742384910583496,-41.41794967651367,84.34076690673828,-1.85870361328125,-46.54446029663086,80.7465591430664,9.279892921447754,-33.81753921508789,77.3087158203125,-5.635566711425781,-34.79545974731445,79.94721984863281,,
1780510077.0730689,22113.059866573,-10.690703392028809,-43.08376693725586,83.95286560058594,-0.3955330550670624,-45.58828353881836,83.39655303955078,8.261098861694336,-34.72389221191406,78.52745819091797,-7.81425142288208,-32.0169563293457,78.20457458496094,,
1780510077.0930543,22113.079804093,-10.185218811035156,-45.1663818359375,83.27954864501953,0.2942962050437927,-44.50899124145508,85.92044067382812,7.690762042999268,-35.364990234375,80.26925659179688,-9.522319793701172,-29.379657745361328,75.91546630859375,,
1780510077.1137726,22113.100718771,-8.746442794799805,-47.16120910644531,82.3701400756836,0.7185069918632507,-43.462745666503906,87.23429870605469,7.158770561218262,-36.3282585144043,81.90628814697266,-9.648449897766113,-27.20881462097168,74.07833862304688,,
1780510077.133796,22113.120936657,-7.15121603012085,-48.12653350830078,81.67832946777344,0.927571713924408,-43.39851379394531,87.30908203125,6.968420505523682,-37.11957931518555,82.94148254394531,-8.863910675048828,-26.378097534179688,73.26797485351562,,
1780510077.1532423,22113.140189684,-6.062795162200928,-48.71018600463867,81.01707458496094,0.644909679889679,-44.28532409667969,86.77587127685547,7.31545877456665,-36.80571365356445,83.16474151611328,-8.016355514526367,-27.04435157775879,72.60446166992188,,
1780510077.1730742,22113.160433607,-5.42042350769043,-49.071128845214844,80.67877960205078,-0.8196614384651184,-46.03275680541992,85.99880981445312,7.620336055755615,-34.87134552001953,83.02580261230469,-6.884521484375,-28.762969970703125,72.54393768310547,,
1780510077.1930606,22113.180515288,-5.4033894538879395,-49.435272216796875,81.36991882324219,-3.777574062347412,-48.9419059753418,84.72016906738281,7.955380916595459,-32.05980682373047,82.31697845458984,-4.992218494415283,-31.512004852294922,74.29647827148438,,
1780510077.2131643,22113.200664256,-6.390084743499756,-49.43819808959961,83.18001556396484,-7.6287150382995605,-52.24760818481445,82.31681060791016,9.233978271484375,-28.8765869140625,80.86022186279297,-2.9640491008758545,-35.71836853027344,78.09049224853516,,
1780510077.2331667,22113.220696154,-8.042153358459473,-48.374568939208984,84.85445404052734,-9.246870040893555,-53.944705963134766,79.59765625,10.47856330871582,-27.040897369384766,78.79684448242188,-1.8558648824691772,-38.90534591674805,80.4266586303711,,
1780510077.2528727,22113.240319455,-8.060514450073242,-46.51447677612305,86.1251220703125,-9.07373046875,-52.908512115478516,77.81626892089844,10.110928535461426,-27.176055908203125,76.9843978881836,-0.48188766837120056,-41.100502014160156,81.3504409790039,,
1780510077.2732317,22113.260626817,-7.071867942810059,-44.66908264160156,86.65615844726562,-8.664294242858887,-51.9883918762207,77.19107818603516,9.080554008483887,-26.812623977661133,76.12289428710938,-0.03395617753267288,-41.74003982543945,81.96009063720703,,
1780510077.2933025,22113.280636045,-6.925964832305908,-43.719810485839844,87.0393295288086,-8.012040138244629,-52.0790901184082,77.32881164550781,9.351327896118164,-26.884302139282227,75.23113250732422,-1.2444580793380737,-40.54814147949219,81.55443572998047,,
1780510077.3132534,22113.300267902,-7.418008804321289,-43.0483512878418,86.91313171386719,-7.277390480041504,-51.1049919128418,78.2995376586914,10.38831615447998,-28.46137237548828,74.85401153564453,-2.6988842487335205,-38.30686569213867,81.25959777832031,,
1780510077.3333383,22113.32041338,-8.129316329956055,-43.046634674072266,86.74406433105469,-6.181746959686279,-49.61867141723633,80.02626037597656,10.909907341003418,-30.46282386779785,74.88246154785156,-4.408261299133301,-35.07353210449219,80.82743072509766,,
1780510077.353159,22113.340957122,-9.290310859680176,-43.99751663208008,86.5433578491211,-4.504985809326172,-47.958744049072266,82.5252685546875,10.021864891052246,-32.61377716064453,75.1647720336914,-6.602621078491211,-31.96228790283203,79.71537017822266,,
1780510077.3731093,22113.359855067,-10.724574089050293,-45.849910736083984,85.32544708251953,-2.0998764038085938,-45.63414764404297,86.19572448730469,8.542474746704102,-34.3521614074707,77.31916046142578,-9.313868522644043,-28.96610450744629,77.19628143310547,,
1780510077.3930023,22113.38010002,-9.896235466003418,-47.92477798461914,84.16805267333984,-0.4029868245124817,-42.5520133972168,89.01028442382812,6.914691925048828,-35.86758041381836,80.18350982666016,-11.066513061523438,-26.341569900512695,74.43412780761719,,
1780510077.4130907,22113.399971533,-8.073070526123047,-48.78383255004883,83.37300872802734,1.0589685440063477,-40.62303924560547,89.40568542480469,5.3620758056640625,-37.91618347167969,82.3719711303711,-10.23228645324707,-24.971208572387695,73.3695297241211,,
1780510077.433063,22113.420888523,-6.569254398345947,-48.88697814941406,82.29484558105469,2.410223960876465,-40.12910079956055,88.66474914550781,5.359424114227295,-39.50471115112305,83.39627838134766,-8.542160034179688,-25.437835693359375,72.91541290283203,,
1780510077.4534044,22113.440765397,-5.715038299560547,-49.2251091003418,80.94547271728516,2.73100209236145,-40.576560974121094,87.7923583984375,5.94037389755249,-39.09385681152344,83.5514144897461,-7.360205173492432,-26.98200225830078,71.77129364013672,,
1780510077.4732172,22113.461365517,-5.244483947753906,-49.35580825805664,79.8476791381836,1.9080922603607178,-42.055763244628906,86.79644012451172,6.308986186981201,-37.51441955566406,83.57415771484375,-6.244678974151611,-29.294960021972656,70.87647247314453,,
1780510077.4932945,22113.480419403,-5.552346706390381,-48.96660232543945,79.35494232177734,0.5945637226104736,-44.634456634521484,85.87892150878906,6.793851375579834,-35.66456985473633,83.05134582519531,-4.8690290451049805,-32.09511184692383,71.8683853149414,,
1780510077.5134068,22113.500305707,-6.11907958984375,-48.49734115600586,79.83283233642578,-2.2306177616119385,-48.28935623168945,84.14299774169922,7.014193058013916,-32.86206817626953,82.0457534790039,-2.6273839473724365,-35.737022399902344,74.4489517211914,,
1780510077.533083,22113.519815195,-6.93454122543335,-47.85094451904297,82.07803344726562,-5.848433017730713,-51.515106201171875,81.27975463867188,8.305407524108887,-29.52659797668457,80.42493438720703,-0.9354313611984253,-40.47587966918945,78.09125518798828,,
1780510077.553103,22113.540367296,-8.232523918151855,-45.82843017578125,83.91729736328125,-7.003550052642822,-52.36123275756836,78.58509063720703,8.762560844421387,-28.942832946777344,78.30030822753906,0.12886646389961243,-43.60213851928711,80.44388580322266,,
1780510077.57305,22113.561873337,-7.528690338134766,-43.23859405517578,84.96728515625,-6.48402214050293,-50.66575622558594,77.08519744873047,8.044233322143555,-29.59636878967285,76.9802017211914,1.5084426403045654,-45.385643005371094,81.51138305664062,,
1780510077.5930407,22113.579906096,-6.369474411010742,-41.02592086791992,85.4037094116211,-5.974172592163086,-49.87190628051758,76.47796630859375,6.865962505340576,-29.27538299560547,76.12364959716797,1.5133613348007202,-45.6434440612793,82.0035400390625,,
1780510077.613155,22113.600186451,-6.591439247131348,-39.53096389770508,85.53205108642578,-4.9644951820373535,-49.61903762817383,76.46817016601562,7.314794540405273,-29.8886661529541,75.89751434326172,0.08862447738647461,-44.224674224853516,81.73368072509766,,
1780510077.6329978,22113.619973353,-7.516650676727295,-38.75128936767578,85.14378356933594,-3.6116392612457275,-48.3040885925293,77.40370178222656,8.52196216583252,-31.8695125579834,75.90960693359375,-1.6928956508636475,-41.48255920410156,81.37530517578125,,
1780510077.653225,22113.640438365,-8.873092651367188,-38.808414459228516,84.54573059082031,-1.9852721691131592,-46.54482650756836,79.17640686035156,8.928781509399414,-34.255226135253906,76.03324890136719,-3.741349697113037,-37.717674255371094,80.82093048095703,,
1780510077.6731791,22113.660089476,-10.899100303649902,-40.091636657714844,83.73939514160156,0.9233224987983704,-44.62543487548828,82.1446762084961,7.785153865814209,-36.550235748291016,77.25159454345703,-6.336456775665283,-33.78363037109375,79.16728210449219,,
1780510077.69316,22113.680217621,-11.641975402832031,-42.22753143310547,82.61824798583984,3.3737385272979736,-41.9949836730957,85.65852355957031,6.64380407333374,-38.10502243041992,79.61492156982422,-9.155884742736816,-30.468875885009766,76.3491439819336,,
1780510077.7132978,22113.700437307,-10.233515739440918,-44.021907806396484,81.87709045410156,4.513702392578125,-39.970741271972656,87.01896667480469,5.43088436126709,-39.59742736816406,81.74120330810547,-9.55417537689209,-28.111690521240234,74.4948501586914,,
1780510077.733207,22113.720034153,-8.514568328857422,-44.94409942626953,81.00212860107422,4.922772407531738,-39.5323600769043,86.91838073730469,5.1855292320251465,-40.680973052978516,83.11309814453125,-8.449959754943848,-27.30438995361328,73.76070404052734,,
1780510077.7532053,22113.740202465,-6.926814079284668,-45.7784423828125,79.76319122314453,4.896236896514893,-40.369239807128906,86.30917358398438,5.892823696136475,-40.42915344238281,83.63011169433594,-7.085784912109375,-27.902387619018555,72.86286163330078,,
1780510077.7731981,22113.760077827,-5.939699172973633,-46.397830963134766,78.61693572998047,3.7465708255767822,-42.47413635253906,85.52095794677734,6.576719760894775,-38.927799224853516,83.75520324707031,-5.97290563583374,-29.66904640197754,71.9469985961914,,
1780510077.7932022,22113.780102735,-5.849161624908447,-46.512489318847656,78.37312316894531,1.4591423273086548,-45.59162902832031,84.64473724365234,7.039743423461914,-36.42228317260742,83.46780395507812,-4.4959821701049805,-32.38209915161133,72.8716812133789,,
1780510077.813213,22113.800301343,-6.2791337966918945,-46.48772430419922,79.78620910644531,-2.521332263946533,-49.78526306152344,82.77985382080078,7.19611120223999,-33.051605224609375,82.54005432128906,-2.2380974292755127,-36.50383377075195,76.37226867675781,,
1780510077.8331718,22113.820575116,-7.775412082672119,-46.37364959716797,82.12432861328125,-5.93580436706543,-52.27885055541992,80.29667663574219,8.6209077835083,-29.756267547607422,81.03196716308594,-1.0028164386749268,-40.81938552856445,79.91322326660156,,
1780510077.853305,22113.840665108,-8.714020729064941,-45.05186462402344,83.86296081542969,-6.462739944458008,-51.657142639160156,77.82064056396484,8.508199691772461,-29.719266891479492,78.87928771972656,0.25838974118232727,-43.732177734375,81.43533325195312,,
1780510077.8731258,22113.860372771,-7.76259708404541,-43.15908432006836,84.89131164550781,-6.091338157653809,-49.9539680480957,76.77513122558594,7.605311393737793,-29.79405403137207,77.5617446899414,1.2783523797988892,-45.2374267578125,81.95494079589844,,
1780510077.8934505,22113.880419756,-6.8311543464660645,-41.56108474731445,85.42695617675781,-5.826951026916504,-49.82847595214844,76.69281005859375,7.016244888305664,-28.72400665283203,76.71137237548828,0.47598186135292053,-45.04469299316406,81.8509521484375,,
1780510077.9133081,22113.900249275,-7.234379291534424,-41.04619598388672,85.64480590820312,-5.08005952835083,-49.57245635986328,77.28924560546875,8.416346549987793,-29.118928909301758,76.49943542480469,-1.1253974437713623,-42.95048522949219,81.3924331665039,,
1780510077.9333608,22113.920129171,-7.897948265075684,-40.99074935913086,85.21382141113281,-4.435867786407471,-48.414337158203125,78.50102996826172,9.863553047180176,-30.76219367980957,76.42893981933594,-2.6683735847473145,-39.85008239746094,81.07984924316406,,
1780510077.9532537,22113.940775962,-8.884801864624023,-41.453521728515625,84.94606018066406,-3.4289538860321045,-47.41280746459961,80.09538269042969,10.141195297241211,-32.37290954589844,76.26683807373047,-4.535086154937744,-36.44447326660156,80.449951171875,,
1780510077.9731376,22113.96021129,-10.194705963134766,-42.77732849121094,84.64824676513672,-1.7785824537277222,-46.35275650024414,82.4430160522461,9.21023178100586,-33.72718048095703,76.94671630859375,-6.7616472244262695,-33.225826263427734,79.23242950439453,,
1780510077.9932086,22113.980036684,-10.734546661376953,-44.72362518310547,84.03348541259766,-0.30771327018737793,-44.838539123535156,85.53150177001953,8.265264511108398,-34.649375915527344,78.79535675048828,-9.181241989135742,-30.30997085571289,77.00308990478516,,
1780510078.0132778,22114.00045181,-9.734185218811035,-46.751365661621094,83.1415786743164,0.38320276141166687,-43.233402252197266,87.64453887939453,7.4008684158325195,-35.60785675048828,80.78533172607422,-10.371971130371094,-27.703750610351562,74.80542755126953,,
1780510078.0332043,22114.021248803,-7.9908366203308105,-48.09507751464844,82.29777526855469,1.0259919166564941,-42.24520492553711,88.17182922363281,6.736339569091797,-37.05609893798828,82.37821197509766,-9.636987686157227,-26.04315185546875,73.60259246826172,,
1780510078.053156,22114.040658317,-6.397846221923828,-48.70252227783203,81.60182189941406,1.3065710067749023,-42.447608947753906,87.6732406616211,6.7920308113098145,-37.81653594970703,83.12555694580078,-8.580379486083984,-26.05272674560547,72.82474517822266,,
1780510078.0731192,22114.060506882,-5.6626973152160645,-49.12534713745117,80.70450592041016,0.8405270576477051,-43.51508331298828,86.99384307861328,7.194197177886963,-36.9846305847168,83.24290466308594,-7.658001899719238,-27.395395278930664,72.10138702392578,,
1780510078.093219,22114.07981988,-5.240121364593506,-49.437339782714844,80.51799011230469,-0.7857222557067871,-45.49842071533203,86.04902648925781,7.478356838226318,-34.85799026489258,82.96668243408203,-6.471821308135986,-29.492328643798828,72.13851165771484,,
1780510078.1131089,22114.099994216,-5.395606994628906,-49.51202392578125,81.33536529541016,-3.925156354904175,-48.741004943847656,84.50434875488281,7.57274866104126,-32.13648986816406,82.1406478881836,-4.275330543518066,-32.67610549926758,74.436767578125,,
1780510078.1331682,22114.119969637,-6.384222507476807,-49.49628448486328,83.14838409423828,-7.432891845703125,-52.04677963256836,82.18115234375,9.12818717956543,-28.849233627319336,80.60413360595703,-2.4155304431915283,-36.746158599853516,78.03572082519531,,
1780510078.1530807,22114.140143878,-7.853470325469971,-48.2603874206543,84.867919921875,-8.889512062072754,-53.59806442260742,79.41264343261719,9.980263710021973,-27.169185638427734,78.45274353027344,-1.3480212688446045,-39.76922607421875,80.4225845336914,,
1780510078.1731265,22114.160248302,-7.778306484222412,-46.11186599731445,86.0213851928711,-8.684024810791016,-52.54515075683594,77.6739730834961,9.520322799682617,-27.49641990661621,76.8359375,-0.00491111958399415,-41.8111572265625,81.44575500488281,,
1780510078.193196,22114.180684197,-6.699403285980225,-44.13068771362305,86.50263214111328,-8.187256813049316,-51.66020965576172,77.02578735351562,8.478882789611816,-27.198017120361328,75.93502044677734,0.40463241934776306,-42.343692779541016,82.03872680664062,,
1780510078.2131386,22114.200519649,-6.599324703216553,-42.9027099609375,86.76139831542969,-7.438709735870361,-51.60934829711914,77.01715850830078,8.732442855834961,-27.606355667114258,75.36621856689453,-0.6993445754051208,-41.01634979248047,81.75086212158203,,
1780510078.2331955,22114.220303595,-7.1230645179748535,-42.21498489379883,86.61776733398438,-6.561530113220215,-50.580665588378906,77.89189910888672,9.856700897216797,-29.17694854736328,75.175048828125,-2.1904332637786865,-38.417030334472656,81.42665100097656,,
1780510078.2530222,22114.2397615,-7.958755016326904,-42.19775390625,86.32921600341797,-5.424682140350342,-49.07868957519531,79.5520248413086,10.293890953063965,-31.328418731689453,75.14921569824219,-3.9886271953582764,-35.152835845947266,80.93255615234375,,
1780510078.2734046,22114.260575522,-9.433350563049316,-43.27546691894531,85.91268157958984,-3.3106741905212402,-47.38910675048828,82.23165893554688,9.53239631652832,-33.60509490966797,75.80510711669922,-6.359938144683838,-31.834102630615234,79.59646606445312,,
1780510078.2933693,22114.280187674,-10.56513500213623,-45.277767181396484,84.7142562866211,-0.7548028230667114,-44.9593391418457,85.98575592041016,8.185471534729004,-35.32754135131836,78.00096893310547,-9.161547660827637,-28.76171112060547,76.88966369628906,,
1780510078.313263,22114.300509766,-9.523489952087402,-47.29316329956055,83.86199951171875,0.7944285273551941,-42.16275405883789,88.42534637451172,6.726940155029297,-37.04150390625,80.60308074951172,-10.71396541595459,-26.379343032836914,74.32176208496094,,
1780510078.3332999,22114.32001854,-7.9066619873046875,-48.04634475708008,82.87643432617188,2.1857705116271973,-40.3945426940918,88.7057876586914,5.504214763641357,-38.891136169433594,82.5230941772461,-9.779540061950684,-25.42181968688965,73.4513168334961,,
1780510078.3534586,22114.340247037,-6.537477016448975,-48.28684616088867,81.65847778320312,3.1148035526275635,-40.14678192138672,88.09923553466797,5.605840682983398,-39.8557243347168,83.37442016601562,-8.214762687683105,-25.85380744934082,72.84928894042969,,
1780510078.373465,22114.360795552,-5.614778518676758,-48.578163146972656,80.23870849609375,3.1580967903137207,-40.84254837036133,87.18396759033203,6.0901079177856445,-39.08177947998047,83.60094451904297,-6.948808193206787,-27.599424362182617,71.69013977050781,,
1780510078.3933258,22114.380215337,-5.272906303405762,-48.61016845703125,79.14905548095703,2.2204172611236572,-42.699771881103516,86.28973388671875,6.5483717918396,-37.41709518432617,83.5533218383789,-5.774144649505615,-30.038782119750977,71.30029296875,,
1780510078.4133565,22114.400325333,-5.620567798614502,-48.28411865234375,79.04306030273438,0.4517841935157776,-45.6329231262207,85.1791000366211,7.031780242919922,-35.25943374633789,82.89653015136719,-4.232501029968262,-33.17976760864258,72.59174346923828,,
1780510078.4332964,22114.420612413,-6.227999210357666,-47.90008544921875,80.15917205810547,-3.2379813194274902,-49.39752197265625,83.0788345336914,7.362899303436279,-32.17938995361328,81.79750061035156,-1.6673941612243652,-37.59031295776367,76.13530731201172,,
1780510078.4533556,22114.440155269,-7.571420192718506,-46.919307708740234,82.44866943359375,-6.205694198608398,-51.9720344543457,80.21893310546875,8.613999366760254,-29.257625579833984,80.04356384277344,-0.49876710772514343,-41.9398307800293,79.51811981201172,,
1780510078.4732983,22114.460203831,-8.269282341003418,-44.8491325378418,84.05805969238281,-6.530584335327148,-51.54353713989258,77.83089447021484,8.378790855407715,-29.713102340698242,77.97972869873047,0.7367763519287109,-44.70950698852539,81.03996276855469,,
1780510078.4933126,22114.480299482,-7.183282852172852,-42.27680206298828,85.00054168701172,-5.956648349761963,-49.907630920410156,76.75927734375,7.259401798248291,-29.88505744934082,76.83186340332031,1.7335830926895142,-46.06878662109375,81.86592864990234,,
1780510078.5132713,22114.50028843,-6.369624614715576,-40.55567169189453,85.32549285888672,-5.402153015136719,-49.47310256958008,76.50165557861328,6.813319206237793,-29.496564865112305,76.13256072998047,1.130728006362915,-45.507572174072266,81.87593841552734,,
1780510078.5331795,22114.520034826,-6.818270683288574,-39.62544631958008,85.34395599365234,-4.2980756759643555,-48.7972526550293,77.0550537109375,7.999125003814697,-30.523954391479492,76.051513671875,-0.4859204590320587,-43.342735290527344,81.45210266113281,,
1780510078.553259,22114.540259191,-7.771976470947266,-39.21940994262695,84.78903198242188,-3.0522685050964355,-47.26137161254883,78.37676239013672,9.056011199951172,-32.69606018066406,76.08706665039062,-2.275275945663452,-40.01723861694336,81.08642578125,,
1780510078.5732145,22114.559975839,-9.4967041015625,-39.76570129394531,84.2083511352539,-1.0950745344161987,-45.64517593383789,80.5282211303711,8.818801879882812,-34.99151611328125,76.35235595703125,-4.615006923675537,-36.1151008605957,80.2158203125,,
1780510078.5932395,22114.580030179,-11.349187850952148,-41.535003662109375,83.19242858886719,1.712729811668396,-43.71864700317383,83.88815307617188,7.55868673324585,-36.762325286865234,78.21275329589844,-7.3587117195129395,-32.206485748291016,78.02526092529297,,
1780510078.6132383,22114.602639283,-11.18659782409668,-43.62644577026367,82.24007415771484,3.420274019241333,-41.22056198120117,86.75365447998047,6.545870304107666,-38.13240432739258,80.37554931640625,-9.571125984191895,-29.305803298950195,75.60372161865234,,
1780510078.6333506,22114.620473026,-9.5114107131958,-45.06815719604492,81.49010467529297,4.0727105140686035,-39.85603332519531,87.30744171142578,5.542097091674805,-39.57892990112305,82.32001495361328,-9.083456993103027,-27.270566940307617,74.14216613769531,,
1780510078.653321,22114.640225297,-7.676462650299072,-46.033775329589844,80.73096466064453,4.267440319061279,-40.0216064453125,86.9594497680664,5.773391246795654,-40.3205451965332,83.23128509521484,-7.803487777709961,-26.927528381347656,73.3878402709961,,
1780510078.6733136,22114.660126837,-6.3714165687561035,-46.959495544433594,79.61859130859375,3.778873920440674,-41.28346633911133,86.24129486083984,6.463014125823975,-39.67926788330078,83.5307846069336,-6.678056240081787,-27.929697036743164,72.26142120361328,,
1780510078.6931965,22114.680166871,-5.834099769592285,-47.3847770690918,78.87382507324219,2.147517442703247,-43.618934631347656,85.49871063232422,6.897645473480225,-37.72112274169922,83.53125,-5.616838455200195,-29.875911712646484,71.8335952758789,,
1780510078.7132745,22114.700256638,-5.834315776824951,-47.341331481933594,79.25823211669922,-0.6118348836898804,-47.11738204956055,84.36721801757812,7.115911960601807,-34.99732971191406,82.97283172607422,-3.9337081909179688,-32.64418029785156,73.55025482177734,,
1780510078.733287,22114.720402102,-6.4748640060424805,-47.38340759277344,80.94598388671875,-4.7066779136657715,-50.99456787109375,82.29608917236328,7.736403465270996,-31.467416763305664,81.85722351074219,-1.8752145767211914,-36.84394073486328,77.35303497314453,,
1780510078.7532313,22114.740264419,-7.88218355178833,-46.75385665893555,83.1541976928711,-7.342331409454346,-52.70994567871094,79.49031066894531,9.045513153076172,-28.870441436767578,79.82698822021484,-0.7905759215354919,-40.61124038696289,80.19786071777344,,
1780510078.7732854,22114.759891022,-8.246514320373535,-44.95173263549805,84.69812774658203,-7.180971622467041,-51.38606262207031,77.39368438720703,8.727728843688965,-29.342702865600586,78.02032470703125,0.6949082612991333,-43.3011474609375,81.3916015625,,
1780510078.7932436,22114.780181063,-7.051830291748047,-42.980194091796875,85.4371566772461,-6.714244365692139,-49.99300765991211,76.76957702636719,7.651638984680176,-29.038345336914062,76.98544311523438,1.431449294090271,-44.3911018371582,81.89962005615234,,
1780510078.8132322,22114.800043467,-6.521088123321533,-41.731075286865234,85.83723449707031,-6.28902530670166,-50.13014602661133,76.83519744873047,7.631353378295898,-28.444868087768555,76.3742904663086,0.130161315202713,-43.50345993041992,81.56220245361328,,
1780510078.8332827,22114.820293778,-7.163838863372803,-41.303470611572266,85.90009307861328,-5.512622833251953,-49.46969223022461,77.60249328613281,9.091767311096191,-29.509929656982422,76.38297271728516,-1.5540803670883179,-40.96135711669922,81.20890808105469,,
1780510078.853327,22114.840455085,-7.891404151916504,-41.354427337646484,85.4534912109375,-4.844302177429199,-48.18860626220703,79.11611938476562,10.07381534576416,-31.331056594848633,76.20674896240234,-3.1803154945373535,-37.5852165222168,80.89265441894531,,
1780510078.8732338,22114.86019367,-9.033995628356934,-42.16233825683594,85.33135223388672,-3.4730522632598877,-47.0697021484375,81.02823638916016,10.010963439941406,-33.04270935058594,76.23161315917969,-5.293427467346191,-34.185516357421875,80.0378189086914,,
1780510078.8933213,22114.880310762,-10.310612678527832,-43.911251068115234,84.8461685180664,-1.4641926288604736,-45.666751861572266,84.00838470458984,8.8281831741333,-34.43903350830078,77.70217895507812,-7.736143589019775,-31.21183967590332,78.21914672851562,,
1780510078.913295,22114.900205198,-10.176467895507812,-46.200050354003906,83.91918182373047,-0.12044291198253632,-43.66450500488281,87.12797546386719,7.876779079437256,-35.477359771728516,79.70557403564453,-9.93606185913086,-28.33592987060547,75.65972137451172,,
1780510078.9330192,22114.919567497,-8.720516204833984,-47.90521240234375,83.02537536621094,0.6817746758460999,-42.01271057128906,88.43733978271484,6.667431354522705,-36.90538024902344,81.74346160888672,-10.036870956420898,-26.119277954101562,73.80066680908203,,
1780510078.9539742,22114.940704172,-7.061948776245117,-48.55894088745117,82.18672943115234,1.5142120122909546,-41.445152282714844,88.3036117553711,6.181264400482178,-38.40406799316406,83.03031921386719,-8.79642105102539,-25.35291290283203,73.21650695800781,,
1780510078.9739795,22114.961035179,-5.907057285308838,-48.7501106262207,81.11211395263672,1.768036961555481,-41.99257278442383,87.59402465820312,6.409063816070557,-38.37099838256836,83.43889617919922,-7.816432476043701,-26.28754234313965,72.45195770263672,,
1780510078.9933114,22114.980313334,-5.286086559295654,-49.08012390136719,80.05963134765625,0.9753409624099731,-43.33675003051758,86.74787902832031,6.806332588195801,-36.928749084472656,83.42290496826172,-6.658913612365723,-28.152969360351562,71.60438537597656,,
1780510079.013302,22115.000139594,-5.227931976318359,-49.08351135253906,79.85912322998047,-0.7706661224365234,-45.76205062866211,85.79228210449219,7.086551189422607,-34.751007080078125,83.12480163574219,-5.242965221405029,-30.756391525268555,72.3970947265625,,
1780510079.0332947,22115.020824589,-5.7184224128723145,-48.988075256347656,80.67109680175781,-3.9318184852600098,-49.287437438964844,84.11019134521484,7.366229057312012,-32.03558349609375,82.03964233398438,-2.912053108215332,-34.44317626953125,75.34681701660156,,
1780510079.0533166,22115.040314023,-6.8612060546875,-48.723304748535156,82.7191162109375,-7.186097621917725,-52.13101577758789,81.3979721069336,8.967187881469727,-28.83826446533203,80.2813949584961,-1.2909497022628784,-39.0402717590332,78.7537612915039,,
1780510079.0733457,22115.060050524,-8.023680686950684,-46.9743537902832,84.48458099365234,-8.119538307189941,-52.77169418334961,78.83503723144531,9.352774620056152,-28.179662704467773,78.01693725585938,-0.1350773423910141,-42.08245086669922,80.5942153930664,,
1780510079.0936828,22115.081383543,-7.390140056610107,-44.46266174316406,85.58978271484375,-7.604775428771973,-51.499759674072266,77.47380828857422,8.510401725769043,-28.41391944885254,76.6092300415039,0.9808282852172852,-43.953147888183594,81.47058868408203,,
1780510079.1133475,22115.100173216,-6.361942768096924,-42.56029510498047,86.05435180664062,-7.0533447265625,-50.758304595947266,77.03668212890625,7.816927909851074,-27.9964599609375,75.74337768554688,0.9519687294960022,-44.004486083984375,81.78288269042969,,
1780510079.1334324,22115.120235299,-6.401607513427734,-41.34832763671875,86.12200927734375,-6.151398658752441,-50.19562911987305,77.3565444946289,8.516706466674805,-28.857162475585938,75.3704833984375,-0.23807285726070404,-42.49009323120117,81.50230407714844,,
1780510079.1539369,22115.140697497,-7.165155410766602,-40.76670455932617,85.79801177978516,-4.953882217407227,-48.919002532958984,78.36488342285156,9.657757759094238,-30.88815689086914,75.24011993408203,-1.8807570934295654,-39.59853744506836,81.07836151123047,,
1780510079.1738708,22115.160607279,-8.368982315063477,-40.9980354309082,85.44241333007812,-3.341202974319458,-47.19288635253906,80.27639770507812,9.674220085144043,-33.21946716308594,75.3626480102539,-3.934159994125366,-36.00845718383789,80.52950286865234,,
1780510079.1933079,22115.180159248,-10.423909187316895,-42.341888427734375,84.59300231933594,-0.5648909211158752,-45.27646255493164,83.54961395263672,8.289152145385742,-35.45576477050781,76.6167221069336,-6.611020565032959,-32.323463439941406,78.78756713867188,,
1780510079.2139747,22115.20067985,-11.03660774230957,-44.55213165283203,83.33672332763672,1.832805871963501,-42.245121002197266,87.04910278320312,6.948093891143799,-37.25,79.30924224853516,-9.348983764648438,-29.124134063720703,75.960205078125,,
1780510079.2338545,22115.220566795,-9.604243278503418,-46.07581329345703,82.4996337890625,3.1603524684906006,-39.90779113769531,88.22325897216797,5.392027378082275,-39.049495697021484,81.6132583618164,-9.554061889648438,-26.929975509643555,74.26441955566406,,
1780510079.253298,22115.240428416,-7.990969657897949,-46.702110290527344,81.52631378173828,3.788334608078003,-39.383460998535156,87.82792663574219,5.0640740394592285,-40.61214828491211,83.03749084472656,-7.915946006774902,-26.06144905090332,73.6152572631836,,
1780510079.2732508,22115.260067434,-6.562437057495117,-47.26937484741211,80.31389617919922,4.169933795928955,-39.897701263427734,87.01346588134766,5.626683712005615,-40.59095764160156,83.51748657226562,-6.653952598571777,-26.957706451416016,72.68640899658203,,
1780510079.2933908,22115.280148607,-5.911847114562988,-47.773765563964844,78.88835906982422,3.3895931243896484,-41.47121047973633,86.20014190673828,6.207611083984375,-39.33953857421875,83.62583923339844,-5.503851890563965,-28.86518096923828,71.58719635009766,,
1780510079.3133712,22115.300732048,-5.8185858726501465,-47.63694381713867,78.317138671875,1.5868728160858154,-44.270172119140625,85.28205108642578,6.57736349105835,-37.202396392822266,83.41390991210938,-4.234212875366211,-31.488075256347656,71.99224853515625,,
1780510079.3331974,22115.320225698,-6.146633625030518,-47.235599517822266,78.99921417236328,-1.5115474462509155,-48.20890426635742,83.71722412109375,6.75247049331665,-34.21281051635742,82.54559326171875,-2.110748529434204,-34.9022216796875,74.58404541015625,,
1780510079.3532078,22115.340016363,-7.0679216384887695,-46.95216369628906,81.18071746826172,-5.312572002410889,-51.423095703125,81.13345336914062,8.017193794250488,-30.79360008239746,81.13050842285156,-0.47901707887649536,-39.83218002319336,78.42535400390625,,
1780510079.3732035,22115.360100401,-8.381585121154785,-45.3437385559082,83.18598937988281,-6.480044841766357,-51.75899124145508,78.51290130615234,8.5157470703125,-29.967166900634766,79.13549041748047,0.48123377561569214,-43.3053092956543,80.71768188476562,,
1780510079.3931968,22115.38028744,-7.698697090148926,-42.98687744140625,84.37679290771484,-5.980520248413086,-49.797584533691406,76.94110870361328,7.843162536621094,-30.590116500854492,77.63638305664062,1.8761261701583862,-45.43321228027344,81.57384490966797,,
1780510079.413492,22115.400224966,-6.334712505340576,-41.019649505615234,85.00965118408203,-5.501979827880859,-48.74943923950195,76.53408813476562,6.985536098480225,-29.966873168945312,76.90252685546875,1.9445420503616333,-45.62030792236328,81.777587890625,,
1780510079.433391,22115.420398338,-6.376210689544678,-39.86758041381836,85.13230895996094,-4.821009635925293,-48.58927536010742,76.83453369140625,7.482542037963867,-30.136932373046875,76.6064453125,0.3212680220603943,-44.1335563659668,81.4542007446289,,
1780510079.4537573,22115.440692479,-7.369571685791016,-39.42721176147461,84.86812591552734,-3.7312440872192383,-47.4905891418457,78.00650024414062,8.877325057983398,-31.884286880493164,76.66570281982422,-1.6128748655319214,-41.20730972290039,81.01451110839844,,
1780510079.4739285,22115.46070059,-8.678092002868652,-39.75954818725586,84.36161041259766,-2.3981988430023193,-46.00215530395508,79.779296875,9.279845237731934,-34.01748275756836,76.62876892089844,-3.6237175464630127,-37.49117660522461,80.47529602050781,,
1780510079.4932597,22115.480633599,-10.413544654846191,-41.22455978393555,83.70391845703125,-0.17317421734333038,-44.546043395996094,82.58976745605469,8.343284606933594,-35.854366302490234,77.66338348388672,-5.949655532836914,-33.55418014526367,78.99127960205078,,
1780510079.5132546,22115.50058341,-11.207809448242188,-43.4045524597168,82.78883361816406,1.794843077659607,-42.586158752441406,85.91471099853516,7.169675350189209,-36.951847076416016,79.68112182617188,-8.630765914916992,-30.211284637451172,76.39681243896484,,
1780510079.5333273,22115.520292554,-9.858275413513184,-45.30849838256836,82.07485961914062,2.789264440536499,-40.89361572265625,87.49713897705078,6.111150741577148,-38.24818801879883,81.69677734375,-9.307836532592773,-27.66664695739746,74.50315856933594,,
1780510079.5538487,22115.540927088,-8.242316246032715,-46.31978225708008,81.2505111694336,3.162670850753784,-40.43134689331055,87.55461883544922,5.641456604003906,-39.3543701171875,83.06745910644531,-8.305264472961426,-26.459192276000977,73.64018249511719,,
1780510079.5732868,22115.560457557,-6.759953498840332,-47.10330581665039,80.2748031616211,3.1516528129577637,-41.10547637939453,87.01036834716797,6.005289554595947,-39.36184310913086,83.57975006103516,-7.151483058929443,-26.851903915405273,72.79566955566406,,
1780510079.5939274,22115.580797142,-5.86459493637085,-47.594703674316406,79.2504653930664,2.191375732421875,-42.89419174194336,86.20816040039062,6.5342230796813965,-38.10952377319336,83.65982818603516,-6.009027004241943,-28.433513641357422,71.99798583984375,,
1780510079.6138265,22115.600712975,-5.594749450683594,-47.79568099975586,79.00926208496094,0.11869288980960846,-45.6138916015625,85.27653503417969,6.933619976043701,-35.76960372924805,83.39908599853516,-4.47424840927124,-30.910921096801758,72.68170166015625,,
1780510079.6336617,22115.620471864,-5.906803607940674,-47.84879684448242,80.13996124267578,-3.422151803970337,-49.48606491088867,83.60646057128906,7.298118591308594,-32.61552810668945,82.35311889648438,-2.3230140209198,-34.5930061340332,75.65760803222656,,
1780510079.6532924,22115.640247657,-7.106565952301025,-47.68844223022461,82.40538787841797,-6.809420585632324,-52.14330291748047,80.9515380859375,9.038911819458008,-29.246896743774414,80.6765365600586,-1.0133166313171387,-39.20521926879883,79.14264678955078,,
1780510079.6738565,22115.660793251,-8.234106063842773,-46.149105072021484,84.12605285644531,-7.47118616104126,-52.02378845214844,78.49703216552734,9.24821949005127,-28.79437828063965,78.53900909423828,0.1857534497976303,-42.43265914916992,80.87913513183594,,
1780510079.6933923,22115.680273879,-7.487579345703125,-43.94166946411133,85.28514862060547,-7.102476119995117,-50.57064437866211,77.27593994140625,8.441910743713379,-28.8630313873291,76.99105072021484,1.2056502103805542,-44.31293869018555,81.39350128173828,,
1780510079.71395,22115.700676298,-6.369135856628418,-42.208229064941406,85.77983856201172,-6.79254674911499,-50.12664031982422,77.07774353027344,7.792055606842041,-28.183361053466797,75.97880554199219,0.9323301911354065,-44.45328140258789,81.53593444824219,,
1780510079.7338266,22115.723330739,-6.587038516998291,-41.40787124633789,85.9166030883789,-6.116692543029785,-49.72618865966797,77.62003326416016,8.857625007629395,-28.72918701171875,75.79054260253906,-0.5251896977424622,-42.64687728881836,81.21005249023438,,
1780510079.7536745,22115.740735224,-7.256385326385498,-41.09127426147461,85.621337890625,-5.245378494262695,-48.4351692199707,78.77835083007812,9.97691535949707,-30.530426025390625,75.60234832763672,-2.0733656883239746,-39.80308532714844,80.9395751953125,,
1780510079.7738795,22115.760789504,-8.437493324279785,-41.422576904296875,85.30081939697266,-3.9617855548858643,-47.16273498535156,80.32106018066406,10.107831001281738,-32.63812255859375,75.63204193115234,-4.025742530822754,-36.380245208740234,80.33892059326172,,
1780510079.7932875,22115.780380322,-10.182355880737305,-42.847801208496094,84.77318572998047,-1.701094388961792,-45.615718841552734,83.25514221191406,8.882461547851562,-34.51346969604492,76.70867919921875,-6.502086639404297,-32.77516174316406,78.88259887695312,,
1780510079.8131824,22115.800404171,-10.920598983764648,-45.07854461669922,83.70291900634766,0.34172385931015015,-43.229618072509766,86.87866973876953,7.623083591461182,-35.90312576293945,78.94926452636719,-9.043252944946289,-29.376577377319336,76.32073211669922,,
1780510079.8332875,22115.820131283,-9.639326095581055,-46.96772384643555,82.81626892089844,1.5010528564453125,-41.05089569091797,88.54702758789062,6.187645435333252,-37.4091796875,81.26280212402344,-9.800219535827637,-26.90395736694336,74.16947937011719,,
1780510079.8533263,22115.840395479,-7.995023250579834,-47.882503509521484,81.93799591064453,2.344064474105835,-40.159332275390625,88.4468994140625,5.5738348960876465,-39.121543884277344,82.78266143798828,-8.39516830444336,-25.71536636352539,73.431396484375,,
1780510079.8733115,22115.860157624,-6.6054534912109375,-48.35175323486328,80.89827728271484,2.768451452255249,-40.5317497253418,87.72798156738281,5.872432231903076,-39.52317428588867,83.36387634277344,-7.222386360168457,-26.23166847229004,72.6384048461914,,
1780510079.8932633,22115.883914671,-5.791612148284912,-48.8668098449707,79.6834487915039,2.238616466522217,-41.74650573730469,86.83590698242188,6.408212184906006,-38.557029724121094,83.44247436523438,-6.042064666748047,-27.86302375793457,71.54156494140625,,
1780510079.9132893,22115.900527776,-5.611784934997559,-48.72766876220703,78.96199035644531,0.8184312582015991,-44.148624420166016,85.9605941772461,6.678533554077148,-36.59384536743164,83.30443572998047,-4.842043876647949,-30.321834564208984,71.75559997558594,,
1780510079.9332469,22115.920202478,-6.0341877937316895,-48.40951156616211,79.32228088378906,-1.8394719362258911,-47.64639663696289,84.53263854980469,6.820446491241455,-33.97185134887695,82.478271484375,-2.7424654960632324,-33.61532974243164,73.8245620727539,,
1780510079.95327,22115.940417101,-6.610853672027588,-48.12614440917969,81.27303314208984,-5.7125244140625,-50.98075485229492,81.94792938232422,7.9999189376831055,-30.60664939880371,81.02687072753906,-0.8047879338264465,-38.511451721191406,77.55367279052734,,
1780510079.973279,22115.960095465,-8.03622817993164,-46.531192779541016,83.32803344726562,-7.302781105041504,-52.25880813598633,79.21424865722656,8.875566482543945,-29.083608627319336,78.97364044189453,0.1295897662639618,-42.256263732910156,80.16082763671875,,
1780510079.9932656,22115.980281581,-7.697261333465576,-44.05488967895508,84.65493774414062,-6.702494144439697,-50.62614822387695,77.42159271240234,8.387303352355957,-29.79786491394043,77.35991668701172,1.5850491523742676,-44.67214584350586,81.23455810546875,,
1780510080.0134401,22116.002722275,-6.269772529602051,-41.77666473388672,85.1807632446289,-6.325345516204834,-49.41069793701172,76.8700180053711,7.374905109405518,-29.51358985900879,76.36381530761719,2.0366275310516357,-45.327823638916016,81.70459747314453,,
1780510080.033276,22116.020317959,-6.09697961807251,-40.24802017211914,85.43389129638672,-5.543186187744141,-49.250213623046875,76.94450378417969,7.5868239402771,-29.64605712890625,75.99919891357422,0.745364248752594,-44.21171951293945,81.41021728515625,,
1780510080.0532727,22116.040373661,-6.919510841369629,-39.52376174926758,85.2494888305664,-4.32648229598999,-48.199302673339844,77.72565460205078,8.706452369689941,-31.297761917114258,76.0273208618164,-1.0454543828964233,-41.73883819580078,81.09574127197266,,
1780510080.0733461,22116.060366363,-8.252147674560547,-39.54043197631836,84.64897918701172,-2.7899680137634277,-46.53673553466797,79.38551330566406,9.143601417541504,-33.80222702026367,76.05233764648438,-2.970828056335449,-38.304603576660156,80.65773010253906,,
1780510080.0933104,22116.080686593,-10.353006362915039,-40.93996810913086,83.95132446289062,-0.225640207529068,-44.9699821472168,82.10662078857422,8.378520965576172,-36.11537551879883,76.2982177734375,-5.577958583831787,-34.17740249633789,79.11288452148438,,
1780510080.113231,22116.10078211,-11.557939529418945,-43.18171310424805,82.70935821533203,2.335444927215576,-42.55483627319336,85.66962432861328,6.994056701660156,-37.51820373535156,78.71439361572266,-8.419991493225098,-30.836097717285156,76.4610595703125,,
1780510080.1333282,22116.120187824,-10.365710258483887,-45.55119705200195,81.91041564941406,3.580796718597412,-40.1790885925293,87.50936889648438,5.668743133544922,-38.651275634765625,80.92860412597656,-9.419118881225586,-28.299156188964844,74.22274017333984,,
1780510080.1538417,22116.141255562,-8.623933792114258,-46.9842643737793,80.88224029541016,4.148468971252441,-39.16571807861328,87.45219421386719,4.90026330947876,-39.628604888916016,82.4766845703125,-8.34422779083252,-27.343862533569336,73.0417251586914,,
1780510080.173354,22116.16018696,-7.034119606018066,-48.15353012084961,79.54826354980469,4.522518634796143,-39.431129455566406,86.90567779541016,5.3666534423828125,-39.591522216796875,83.01118469238281,-6.982400894165039,-27.99385643005371,72.06697845458984,,
1780510080.193004,22116.180630127,-6.025265693664551,-48.641544342041016,77.98451232910156,3.9932701587677,-40.938499450683594,86.10328674316406,5.951965808868408,-38.324981689453125,83.21476745605469,-5.852189064025879,-29.82090187072754,71.07689666748047,,
1780510080.2131126,22116.200129965,-5.864274501800537,-48.78225326538086,77.28595733642578,2.1627426147460938,-43.612125396728516,85.26499938964844,6.3768415451049805,-36.18942642211914,82.92070770263672,-4.430633544921875,-32.40498733520508,71.02885437011719,,
1780510080.2332468,22116.220289737,-6.386308193206787,-48.401729583740234,77.80597686767578,-0.9704020023345947,-47.60388946533203,83.9047622680664,6.439109802246094,-33.31490707397461,82.03904724121094,-2.2935924530029297,-36.061485290527344,73.35772705078125,,
1780510080.2538958,22116.24064382,-7.35984992980957,-48.07570266723633,80.3593978881836,-4.937092304229736,-50.9653434753418,81.15870666503906,8.006282806396484,-30.468820571899414,80.16756439208984,-0.6296526193618774,-41.1846809387207,77.30819702148438,,
1780510080.273342,22116.260222378,-8.888174057006836,-46.13839340209961,82.7530746459961,-6.243311405181885,-52.380584716796875,78.06158447265625,8.887317657470703,-30.34722328186035,77.28192901611328,0.21793292462825775,-44.25709915161133,79.71560668945312,,
1780510080.2932222,22116.280116234,-7.958157539367676,-42.90648651123047,84.26717376708984,-5.617013454437256,-50.64883804321289,76.0174789428711,7.978765964508057,-31.719446182250977,75.55233764648438,1.8851267099380493,-46.03313064575195,80.95547485351562,,
1780510080.313428,22116.300189187,-6.1750006675720215,-40.07657241821289,84.95149993896484,-5.118278503417969,-49.510074615478516,75.21544647216797,6.77189302444458,-31.531700134277344,74.58292388916016,2.322002649307251,-45.769405364990234,81.57246398925781,,
1780510080.333158,22116.319971889,-5.840907096862793,-38.417022705078125,85.3382797241211,-4.100169658660889,-49.53595733642578,74.9944076538086,7.061336040496826,-32.450199127197266,73.89696502685547,0.8831735849380493,-43.269405364990234,81.20429992675781,,
1780510080.3533266,22116.34022301,-6.8999223709106445,-37.661720275878906,84.96910095214844,-2.365499496459961,-47.934120178222656,76.08625793457031,7.994173049926758,-35.56093978881836,73.80372619628906,-1.2364932298660278,-39.2984504699707,80.83706665039062,,
1780510080.3734026,22116.360564615,-8.998970031738281,-38.310394287109375,84.14013671875,0.41599375009536743,-45.38676452636719,78.8654556274414,7.674188613891602,-38.761146545410156,74.21986389160156,-3.966078996658325,-34.528236389160156,79.90508270263672,,
1780510080.393315,22116.380337477,-11.474757194519043,-41.016929626464844,82.63140106201172,4.436854362487793,-42.15079879760742,83.30854797363281,5.990216255187988,-40.76637268066406,76.7017822265625,-7.428529262542725,-30.544010162353516,76.71881866455078,,
1780510080.4132903,22116.400539764,-10.595255851745605,-44.717315673828125,81.93624877929688,5.9344964027404785,-38.3140754699707,85.96672821044922,4.310945987701416,-41.39065170288086,79.61420440673828,-9.257580757141113,-28.743518829345703,73.3461685180664,,
1780510080.4334242,22116.420211853,-8.572758674621582,-46.85010528564453,80.92806243896484,6.284197807312012,-36.702667236328125,86.17457580566406,3.566067695617676,-41.6497802734375,81.6795883178711,-7.9563703536987305,-28.222368240356445,71.96826934814453,,
1780510080.4539962,22116.440838783,-6.456453323364258,-48.02908706665039,79.76907348632812,6.492661476135254,-37.074302673339844,85.84017944335938,4.50527811050415,-41.07746505737305,82.50188446044922,-6.296597480773926,-29.11780548095703,71.27672576904297,,
1780510080.473307,22116.460463739,-5.561519145965576,-48.98047637939453,78.07843017578125,6.160937309265137,-38.576080322265625,85.17277526855469,5.854368209838867,-39.87009048461914,82.51180267333984,-4.879424095153809,-30.818342208862305,69.84683227539062,,
1780510080.493269,22116.480373243,-5.59007453918457,-48.969486236572266,76.87228393554688,4.641362190246582,-41.25244140625,84.71426391601562,6.332634449005127,-37.82709503173828,82.25517272949219,-3.9174301624298096,-33.2154655456543,69.30326843261719,,
1780510080.513328,22116.500288191,-6.371299743652344,-48.187747955322266,76.86241912841797,1.8793754577636719,-45.04704284667969,83.85503387451172,6.095321178436279,-35.15156936645508,81.65504455566406,-2.422226905822754,-36.48957443237305,70.77488708496094,,
1780510080.533335,22116.520100514,-7.087737083435059,-47.6627197265625,78.82257080078125,-2.391127109527588,-49.13210678100586,81.71080780029297,6.637579917907715,-32.05384826660156,80.41253662109375,-0.2010524868965149,-41.24280548095703,74.64936828613281,,
1780510080.5530682,22116.54144612,-8.649131774902344,-45.78853988647461,81.69801330566406,-4.771508693695068,-51.53110122680664,78.44281768798828,8.355874061584473,-31.31985855102539,77.70399475097656,0.5775094032287598,-45.17198944091797,78.27741241455078,,
1780510080.5731096,22116.56017532,-8.578810691833496,-42.624412536621094,83.43321990966797,-4.518630027770996,-50.71152877807617,75.98982238769531,8.335947036743164,-33.063255310058594,75.46211242675781,2.146660804748535,-47.013980865478516,80.0192642211914,,
1780510080.5931714,22116.579861879,-6.7229719161987305,-39.156402587890625,84.24034118652344,-3.440903425216675,-48.929080963134766,74.67737579345703,6.903315544128418,-33.41072463989258,74.64985656738281,3.258143901824951,-47.293296813964844,81.25428771972656,,
1780510080.6132417,22116.600330829,-5.903823375701904,-36.70412826538086,84.50699615478516,-2.4979236125946045,-48.96345138549805,74.03190612792969,6.012897491455078,-33.77201843261719,73.95714569091797,2.0913710594177246,-45.5765380859375,81.30937194824219,,
1780510080.6329246,22116.619453884,-6.904250144958496,-35.49189376831055,84.33897399902344,-0.7523723244667053,-48.162574768066406,74.45060729980469,6.857074737548828,-36.56338882446289,73.5369644165039,-0.24984917044639587,-41.84213638305664,80.96529388427734,,
1780510080.6531398,22116.64021049,-8.957330703735352,-35.70620346069336,83.42076110839844,1.937117576599121,-45.40287780761719,76.7905502319336,6.913295745849609,-40.00071716308594,73.79891204833984,-2.7633931636810303,-36.979862213134766,80.33325958251953,,
1780510080.6731963,22116.659968051,-11.783013343811035,-37.88297653198242,81.85995483398438,6.017261505126953,-42.27894973754883,81.13912963867188,5.357545375823975,-42.26256561279297,75.70894622802734,-5.766171932220459,-32.502803802490234,77.81078338623047,,
1780510080.6932108,22116.680285095,-11.809563636779785,-41.60515594482422,80.64068603515625,8.079635620117188,-38.02478790283203,84.52777862548828,4.052964210510254,-42.59482192993164,78.91500091552734,-8.331571578979492,-30.291969299316406,74.2062759399414,,
1780510080.713155,22116.700053005,-9.909516334533691,-44.35432052612305,79.87942504882812,8.427295684814453,-35.845584869384766,84.92820739746094,3.0786476135253906,-42.38999557495117,81.21809387207031,-7.6591267585754395,-29.649320602416992,72.44194793701172,,
1780510080.7333598,22116.72020073,-7.485294818878174,-45.5806770324707,78.47482299804688,8.563130378723145,-35.9864616394043,84.6231460571289,3.909090518951416,-42.00324249267578,82.33032989501953,-6.145767688751221,-30.207984924316406,72.14431762695312,,
1780510080.753922,22116.740876505,-6.2480082511901855,-46.601593017578125,76.21583557128906,8.168638229370117,-37.808319091796875,84.07817840576172,5.413589954376221,-40.883567810058594,82.4486083984375,-4.331401348114014,-31.660614013671875,70.80924224853516,,
1780510080.7737503,22116.760716686,-6.324948787689209,-46.89938735961914,74.78363800048828,6.577364444732666,-40.88425827026367,83.6019058227539,5.978994369506836,-39.043209075927734,82.32357025146484,-2.8892722129821777,-34.26127624511719,69.93728637695312,,
1780510080.7931669,22116.779553577,-6.894684314727783,-46.04743576049805,74.9344482421875,3.3758649826049805,-45.3134651184082,82.76266479492188,5.766944408416748,-36.40176010131836,81.8406982421875,-1.2234723567962646,-38.13542175292969,71.80812072753906,,
1780510080.8131492,22116.80028808,-7.855350971221924,-45.208709716796875,77.77367401123047,-1.4216102361679077,-49.451717376708984,80.37734985351562,6.639617919921875,-33.56214904785156,80.65560913085938,0.6945690512657166,-43.45729446411133,76.63516998291016,,
1780510080.833742,22116.822214613,-9.472124099731445,-43.914363861083984,80.71598815917969,-3.0262808799743652,-50.890289306640625,77.36405944824219,7.773281097412109,-33.57567596435547,78.02701568603516,1.3494998216629028,-46.67572021484375,79.62236785888672,,
1780510080.8532238,22116.840192211,-8.746902465820312,-40.737220764160156,82.408447265625,-2.333768606185913,-49.20325469970703,75.03329467773438,7.05057954788208,-35.605960845947266,75.92037963867188,2.920475959777832,-48.419105529785156,80.77790069580078,,
1780510080.8733337,22116.860311038,-6.673224925994873,-37.275367736816406,83.21485900878906,-2.0247859954833984,-48.004981994628906,74.21456909179688,5.313282489776611,-35.05371856689453,75.40988159179688,3.3589067459106445,-48.257266998291016,81.7992935180664,,
1780510080.8932977,22116.880297099,-6.290408611297607,-35.57374954223633,83.6161880493164,-0.9802169799804688,-48.10431671142578,73.60279083251953,5.218920707702637,-35.327125549316406,74.94184875488281,1.7602238655090332,-45.727195739746094,81.5551986694336,,
1780510080.9133222,22116.900237289,-7.25862979888916,-34.90552520751953,83.14016723632812,0.9044633507728577,-46.65302658081055,74.3259048461914,6.534931659698486,-38.4187126159668,74.60294342041016,-0.15843147039413452,-41.74457550048828,81.07318878173828,,
1780510080.9331925,22116.919913134,-9.16025161743164,-35.27151870727539,82.05668640136719,3.496415615081787,-44.24409484863281,76.65101623535156,6.499650478363037,-41.329166412353516,75.1501235961914,-2.402035713195801,-37.10882568359375,80.2281265258789,,
1780510080.9532483,22116.940410233,-11.791157722473145,-37.87694549560547,80.67498016357422,7.417245864868164,-41.42134094238281,80.77424621582031,4.988542079925537,-42.926509857177734,77.17972564697266,-5.471374988555908,-33.06635284423828,77.23082733154297,,
1780510080.9732368,22116.960557988,-11.73359489440918,-41.44540023803711,79.60813903808594,8.85762882232666,-37.727718353271484,83.70697784423828,3.9699339866638184,-42.88579559326172,79.66837310791016,-7.739604949951172,-31.024946212768555,73.98731994628906,,
1780510080.9932895,22116.980416735,-10.057567596435547,-43.974544525146484,78.59149932861328,8.977795600891113,-36.28245544433594,84.23074340820312,3.635108232498169,-42.589508056640625,81.5191879272461,-7.054052829742432,-30.413877487182617,72.44712829589844,,
1780510081.0133624,22117.000438901,-7.708276748657227,-45.48960876464844,77.5468978881836,8.748112678527832,-36.96324157714844,83.99559783935547,4.763927459716797,-41.866825103759766,82.23421478271484,-5.573074817657471,-30.80900764465332,71.756103515625,,
1780510081.0332923,22117.020720911,-6.550537109375,-46.597042083740234,75.98741149902344,7.799993991851807,-39.25702667236328,83.56367492675781,6.028753280639648,-40.486846923828125,82.20289611816406,-4.128385543823242,-32.461036682128906,70.2593765258789,,
1780510081.053324,22117.040667026,-6.860718250274658,-46.6884651184082,75.1689682006836,5.504877090454102,-42.808555603027344,83.31079864501953,6.424874305725098,-38.01557922363281,81.88510131835938,-2.946322202682495,-35.2248649597168,70.05360412597656,,
1780510081.0732286,22117.060555779,-7.332923412322998,-45.88427734375,76.2430648803711,1.410710096359253,-47.534034729003906,82.04682159423828,6.218864440917969,-34.757667541503906,81.40895080566406,-0.8680081963539124,-39.21706008911133,73.0893325805664,,
1780510081.0931408,22117.080440125,-8.44979476928711,-45.40891647338867,79.5691909790039,-2.730055570602417,-50.8428840637207,79.53658294677734,7.761396884918213,-32.148841857910156,80.02889251708984,0.2783356010913849,-43.868900299072266,77.59547424316406,,
1780510081.113191,22117.100109928,-9.632015228271484,-43.555721282958984,81.88140869140625,-3.593581438064575,-51.05598068237305,76.41824340820312,8.066893577575684,-33.377685546875,77.28343200683594,1.245375394821167,-46.55006408691406,79.94149017333984,,
1780510081.13317,22117.120187939,-8.23410701751709,-40.300662994384766,83.30513000488281,-2.9063594341278076,-49.239830017089844,74.73567199707031,7.231930732727051,-34.45660400390625,75.5743637084961,2.5997893810272217,-47.72270202636719,80.88226318359375,,
1780510081.153096,22117.14044293,-6.617025852203369,-37.76313781738281,83.9507827758789,-2.4730188846588135,-48.651039123535156,74.0484619140625,5.888978481292725,-33.69056701660156,75.0721206665039,2.4114034175872803,-46.781246185302734,81.49699401855469,,
1780510081.1732748,22117.160397415,-6.6550397872924805,-36.42436218261719,84.123046875,-1.3331490755081177,-48.61398696899414,74.01933288574219,6.317360877990723,-34.827693939208984,74.52552032470703,0.49895405769348145,-43.93418502807617,81.12928771972656,,
1780510081.1931512,22117.179951535,-7.806764602661133,-36.10824203491211,83.58985900878906,0.5229790210723877,-46.80610656738281,75.32318878173828,7.494348049163818,-37.921539306640625,74.56400299072266,-1.552304983139038,-39.543922424316406,80.62552642822266,,
1780510081.2131882,22117.200263165,-9.995943069458008,-37.098663330078125,82.4909439086914,3.3250794410705566,-44.45077896118164,78.26526641845703,6.821393966674805,-40.683475494384766,75.33794403076172,-4.162532329559326,-34.95397186279297,79.3139877319336,,
1780510081.2332914,22117.220179008,-11.88574504852295,-40.14054489135742,81.1398696899414,6.704796314239502,-41.178871154785156,82.63583374023438,5.339203357696533,-41.70152282714844,77.52650451660156,-7.678288459777832,-31.443693161010742,75.82048797607422,,
1780510081.2532537,22117.242366418,-10.797811508178711,-43.804996490478516,80.41453552246094,7.504779815673828,-37.84735870361328,84.83882141113281,4.136630058288574,-41.909210205078125,80.12165069580078,-8.80949878692627,-29.51913070678711,72.99756622314453,,
1780510081.2731335,22117.260211698,-8.647419929504395,-45.658931732177734,79.52658081054688,7.682987689971924,-36.83344268798828,84.98157501220703,3.934415578842163,-41.80839920043945,81.89350128173828,-7.569090366363525,-29.35930061340332,72.1303482055664,,
1780510081.29353,22117.280331748,-6.512838840484619,-46.900020599365234,78.1336441040039,7.524450778961182,-37.63863754272461,84.69601440429688,5.087669372558594,-40.88676452636719,82.43923950195312,-5.974654197692871,-30.47129249572754,71.13688659667969,,
1780510081.3132014,22117.300879573,-5.84592866897583,-47.75383377075195,76.39521026611328,6.609747886657715,-39.75874710083008,84.2594985961914,6.095566749572754,-39.20069122314453,82.41871643066406,-4.427026271820068,-32.44019317626953,69.74529266357422,,
1780510081.3332794,22117.32002176,-6.328216552734375,-47.42169952392578,75.73344421386719,4.285515785217285,-43.386356353759766,83.84320068359375,6.290823936462402,-36.828041076660156,82.07281494140625,-3.2167537212371826,-35.42705535888672,70.2013931274414,,
1780510081.3532763,22117.340367023,-7.037628650665283,-46.65242004394531,76.9751205444336,0.1649116575717926,-47.94297790527344,82.26090240478516,6.1821184158325195,-33.682945251464844,81.3151626586914,-0.9137207269668579,-39.921424865722656,73.61666870117188,,
1780510081.3733456,22117.361009118,-8.431600570678711,-46.162696838378906,80.18944549560547,-3.531522512435913,-51.07736587524414,79.4949951171875,7.842172145843506,-31.401504516601562,79.43872833251953,0.10189484059810638,-44.445377349853516,77.83480834960938,,
1780510081.3933403,22117.380080194,-9.495006561279297,-44.00831985473633,82.4091567993164,-3.9817347526550293,-51.180213928222656,76.50475311279297,8.102149963378906,-33.0386962890625,76.49147033691406,1.2633910179138184,-46.92414474487305,79.94406127929688,,
1780510081.4132075,22117.400066991,-7.878077030181885,-40.18866729736328,83.61103820800781,-3.176846504211426,-49.3229866027832,74.80274200439453,6.869748115539551,-34.122379302978516,75.21134948730469,2.701477289199829,-47.91713333129883,81.13908386230469,,
1780510081.4331968,22117.426861422,-6.2866010665893555,-37.7881965637207,84.24372100830078,-2.66927170753479,-48.84492874145508,74.05121612548828,5.738780975341797,-33.4575309753418,74.6241683959961,2.4427850246429443,-46.47926712036133,81.58613586425781,,
1780510081.453274,22117.440109933,-6.540412425994873,-35.95661163330078,84.23944091796875,-1.329661250114441,-48.78384017944336,73.72889709472656,6.0353827476501465,-35.3134880065918,74.09081268310547,0.5048514008522034,-43.64177322387695,81.33009338378906,,
1780510081.4733438,22117.460659106,-7.962653160095215,-35.510501861572266,83.64826202392578,0.9144780039787292,-46.751853942871094,75.16918182373047,6.995467185974121,-38.59560775756836,74.27236938476562,-1.643531084060669,-39.03325653076172,80.79531860351562,,
1780510081.4933608,22117.480449316,-10.20816421508789,-36.610042572021484,82.5055160522461,4.198625087738037,-44.0384521484375,78.37126159667969,5.9711174964904785,-41.474525451660156,75.28524780273438,-4.170619487762451,-34.41596984863281,79.33964538574219,,
1780510081.5133238,22117.500272853,-11.862823486328125,-39.82821273803711,80.94454956054688,7.6610612869262695,-40.35837173461914,82.82313537597656,4.71100378036499,-42.541847229003906,77.76287841796875,-7.474375247955322,-31.31598663330078,75.59937286376953,,
1780510081.5334558,22117.520194763,-10.721348762512207,-43.38746643066406,79.97809600830078,8.501954078674316,-37.04762649536133,84.51043701171875,3.580615758895874,-42.741329193115234,80.34098815917969,-8.104630470275879,-29.931501388549805,72.89964294433594,,
1780510081.5531528,22117.540335955,-8.644647598266602,-45.077449798583984,78.85990905761719,8.756247520446777,-36.268333435058594,84.44918823242188,3.6313436031341553,-42.512054443359375,81.9522476196289,-6.79243803024292,-30.077138900756836,72.25083923339844,,
1780510081.5732412,22117.560608396,-6.64066743850708,-46.41407012939453,77.37763214111328,8.561566352844238,-37.34748077392578,84.03003692626953,5.029434680938721,-41.602699279785156,82.3102798461914,-5.212813854217529,-31.3616943359375,71.00918579101562,,
1780510081.593163,22117.580097566,-6.260366439819336,-47.17097854614258,75.6978759765625,7.3828020095825195,-39.8475341796875,83.60498046875,5.975998401641846,-39.77854919433594,82.18124389648438,-3.7548487186431885,-33.63172149658203,69.52320861816406,,
1780510081.61341,22117.600241478,-6.743457317352295,-46.63854217529297,75.27394104003906,4.731965065002441,-43.87290954589844,83.17992401123047,6.064911365509033,-37.20969009399414,81.75346374511719,-2.5384933948516846,-36.92414093017578,70.36628723144531,,
1780510081.633297,22117.620269222,-7.401822090148926,-45.77785110473633,76.99034118652344,0.19328127801418304,-48.44264602661133,81.36412811279297,6.063788414001465,-34.10411071777344,81.05359649658203,-0.057234637439250946,-41.5678825378418,74.51640319824219,,
1780510081.653386,22117.6402197,-8.936519622802734,-44.83994674682617,80.27267456054688,-2.846935987472534,-51.12299728393555,78.3704833984375,7.42476224899292,-32.518009185791016,79.046142578125,0.6774618029594421,-45.74530792236328,78.4837646484375,,
1780510081.6734412,22117.660542937,-9.403252601623535,-42.411991119384766,82.30085754394531,-2.911726713180542,-50.451908111572266,75.5350112915039,7.190097332000732,-34.5814323425293,76.50598907470703,1.9529564380645752,-47.85065460205078,80.32637023925781,,
1780510081.693374,22117.680301791,-7.64093542098999,-38.75912857055664,83.37804412841797,-1.9993901252746582,-48.78194808959961,74.13317108154297,5.961312770843506,-35.099037170410156,75.47048950195312,3.054758310317993,-48.309425354003906,81.42520141601562,,
1780510081.713482,22117.700647975,-6.422199249267578,-36.31787109375,83.8470687866211,-1.2414230108261108,-48.562294006347656,73.37714385986328,5.015616416931152,-34.786170959472656,74.94428253173828,2.2743330001831055,-46.66249084472656,81.73686218261719,,
1780510081.7333553,22117.720679703,-7.006796360015869,-35.04790115356445,83.6585693359375,0.3692784607410431,-47.99517822265625,73.61186218261719,6.1001296043396,-36.981422424316406,74.45497131347656,0.1577467918395996,-43.03352737426758,81.25919342041016,,
1780510081.7533267,22117.743101095,-8.499159812927246,-34.88636016845703,82.81314086914062,2.590489625930786,-45.6783447265625,75.2732162475586,6.691138744354248,-40.008487701416016,74.63514709472656,-1.969332218170166,-38.40878677368164,80.72639465332031,,
1780510081.7733858,22117.76038347,-11.123030662536621,-36.67799377441406,81.37334442138672,6.231916904449463,-42.95492172241211,79.09215545654297,5.4185919761657715,-42.43173599243164,76.21424102783203,-4.679531574249268,-33.86091613769531,78.5486831665039,,
1780510081.7933133,22117.780148193,-11.884577751159668,-40.06254196166992,80.2445068359375,8.770561218261719,-38.98240661621094,83.02481079101562,4.34889030456543,-42.81486892700195,78.66620635986328,-8.014765739440918,-31.49728775024414,74.95098876953125,,
1780510081.813353,22117.800206149,-10.457841873168945,-43.07554626464844,79.38845825195312,9.129944801330566,-36.61289978027344,84.11210632324219,3.5501692295074463,-42.578853607177734,80.88845825195312,-8.118692398071289,-30.63796043395996,72.67218017578125,,
1780510081.8333907,22117.820356871,-8.16665267944336,-44.786991119384766,78.32833862304688,9.024611473083496,-36.4468879699707,84.11167907714844,4.187686920166016,-42.08747482299805,82.15997314453125,-6.624886512756348,-30.674978256225586,72.1763687133789,,
1780510081.8533323,22117.840380606,-6.532834529876709,-46.02606201171875,76.57551574707031,8.497148513793945,-38.02125930786133,83.78899383544922,5.585385799407959,-40.888912200927734,82.440673828125,-5.09931755065918,-31.89939308166504,70.95604705810547,,
1780510081.8733282,22117.860068082,-6.35685396194458,-46.59409713745117,75.34590148925781,6.777131080627441,-41.01305389404297,83.44651794433594,6.320115566253662,-38.74570846557617,82.24241638183594,-3.837385654449463,-34.298397064208984,69.9085922241211,,
1780510081.893339,22117.880687665,-6.810606002807617,-46.03601837158203,75.49984741210938,3.597794532775879,-45.3108024597168,82.81805419921875,6.327401638031006,-35.87824249267578,81.83026123046875,-2.347608804702759,-37.7282600402832,71.55699920654297,,
1780510081.9133718,22117.901089844,-7.618664264678955,-45.6014289855957,78.19123077392578,-1.229341745376587,-49.64553451538086,80.67963409423828,7.084870338439941,-32.81986999511719,80.8451156616211,-0.38700106739997864,-42.55068588256836,76.30149841308594,,
1780510081.933343,22117.920834345,-9.500890731811523,-44.54201889038086,81.11087036132812,-3.452986240386963,-51.46043395996094,77.51338195800781,8.003154754638672,-32.411258697509766,78.34801483154297,0.29145464301109314,-45.89873123168945,79.51561737060547,,
1780510081.9532995,22117.940094236,-9.221261978149414,-41.872230529785156,82.89163208007812,-3.1212828159332275,-49.9952278137207,75.03689575195312,7.39711856842041,-34.41560745239258,76.03307342529297,1.8879529237747192,-47.68251419067383,80.75825500488281,,
1780510081.9733207,22117.960131214,-7.331289291381836,-38.799564361572266,83.7407455444336,-2.674041271209717,-48.7178840637207,74.1485824584961,5.924830913543701,-34.05198669433594,75.2787094116211,2.511646270751953,-47.5427360534668,81.71087646484375,,
1780510081.9936244,22117.982237499,-6.555382251739502,-36.8867073059082,84.19546508789062,-1.7606514692306519,-48.86555862426758,73.53312683105469,5.539578914642334,-33.856117248535156,74.9280776977539,1.1357111930847168,-45.22160720825195,81.611083984375,,
1780510082.013408,22118.001798987,-7.300015449523926,-36.14009094238281,84.0382308959961,-0.3445197641849518,-47.942691802978516,74.20970916748047,6.927234649658203,-36.37127685546875,74.64138793945312,-1.0047976970672607,-41.19038772583008,81.02357482910156,,
1780510082.0331397,22118.021107726,-8.724527359008789,-36.40626525878906,83.24282836914062,1.8410236835479736,-45.77019119262695,76.28592681884766,7.341248035430908,-39.28842544555664,74.93092346191406,-3.0848922729492188,-36.5252685546875,80.31404113769531,,
1780510082.0531864,22118.039900446,-11.150254249572754,-38.59729766845703,81.99307250976562,5.4580769538879395,-43.19493103027344,80.34024047851562,5.931942939758301,-41.424949645996094,76.53998565673828,-6.054635047912598,-32.35105514526367,77.72962188720703,,
1780510082.0733395,22118.06021818,-11.231468200683594,-42.14330291748047,80.98542022705078,7.308987140655518,-39.420989990234375,83.88339233398438,4.682549953460693,-41.82823944091797,79.07633209228516,-8.894418716430664,-30.26510238647461,74.0438461303711,,
1780510082.0933,22118.08017854,-9.43377685546875,-45.088661193847656,80.25660705566406,7.68806791305542,-37.34816360473633,84.8442611694336,3.9827423095703125,-41.73578643798828,81.08770751953125,-8.592355728149414,-29.65540313720703,71.94599151611328,,
1780510082.1133463,22118.100171087,-7.24124002456665,-46.63091278076172,79.14460754394531,7.6342597007751465,-37.40198516845703,84.79195404052734,4.677862167358398,-41.494991302490234,82.12355041503906,-6.941063404083252,-30.022396087646484,71.41075897216797,,
1780510082.133301,22118.120131243,-5.978115558624268,-47.6387939453125,77.48270416259766,7.313916206359863,-38.82470703125,84.4274673461914,5.962491035461426,-40.150142669677734,82.2969741821289,-5.507302761077881,-31.647817611694336,70.13557434082031,,
1780510082.1532235,22118.140143617,-6.137310028076172,-48.13215637207031,76.50798797607422,5.674729347229004,-41.59138107299805,84.09081268310547,6.472719669342041,-37.95826721191406,81.97077941894531,-4.435423374176025,-34.228240966796875,69.08740997314453,,
1780510082.1734676,22118.160017563,-6.726212978363037,-47.36582946777344,76.5911865234375,2.72796368598938,-45.5714225769043,83.37005615234375,6.2562785148620605,-35.02141571044922,81.56182861328125,-2.9417285919189453,-37.680572509765625,70.76275634765625,,
1780510082.193511,22118.180336621,-7.460559368133545,-46.87173080444336,79.01448059082031,-1.8033539056777954,-49.79432678222656,81.17400360107422,6.947795867919922,-31.889698028564453,80.44585418701172,-0.8112691640853882,-42.355411529541016,75.33708190917969,,
1780510082.2130508,22118.202039681,-9.212288856506348,-45.5369758605957,81.81714630126953,-4.182712554931641,-52.1097297668457,77.8630142211914,8.198721885681152,-31.311431884765625,77.80992126464844,0.015989473089575768,-45.6728630065918,78.79039001464844,,
1780510082.2340627,22118.221990587,-9.147586822509766,-42.407981872558594,83.57273864746094,-3.758979558944702,-51.06898498535156,75.25182342529297,7.626809597015381,-33.40240478515625,75.71485900878906,1.5541353225708008,-47.42916488647461,80.44053649902344,,
1780510082.253439,22118.240311675,-7.4049973487854,-39.21072006225586,84.29004669189453,-3.0342228412628174,-49.64227294921875,74.0580062866211,5.962259292602539,-33.52739334106445,74.89212036132812,2.4055652618408203,-47.37947082519531,81.70854187011719,,
1780510082.273249,22118.260143902,-6.551980972290039,-36.878448486328125,84.71422576904297,-1.8193284273147583,-49.69683837890625,73.2933120727539,5.331198692321777,-33.74956130981445,74.15264892578125,1.40493643283844,-45.36726760864258,81.71527099609375,,
1780510082.2933342,22118.280293273,-7.113895893096924,-35.417964935302734,84.44011688232422,-0.13293084502220154,-48.70341491699219,73.50456237792969,6.4068603515625,-36.44584655761719,74.03813934326172,-0.45851391553878784,-41.5240478515625,81.41542053222656,,
1780510082.31351,22118.300982642,-8.867369651794434,-35.531402587890625,83.49513244628906,2.5062525272369385,-46.23040771484375,75.69053649902344,6.6923675537109375,-39.807456970214844,74.2673110961914,-2.74666166305542,-36.69809341430664,80.6028060913086,,
1780510082.3332667,22118.320478831,-11.402788162231445,-37.506103515625,82.05294799804688,6.451822757720947,-43.1104621887207,79.82142639160156,5.2979021072387695,-42.28176498413086,75.98350524902344,-5.7387776374816895,-32.42623519897461,78.07152557373047,,
1780510082.353309,22118.340078766,-11.43494701385498,-41.0692253112793,80.9350814819336,8.593753814697266,-38.82637405395508,83.53138732910156,4.20293664932251,-42.82956314086914,78.87203979492188,-8.712811470031738,-30.61079978942871,74.26264953613281,,
1780510082.3734155,22118.360442597,-9.739497184753418,-43.93336868286133,79.97271728515625,9.026992797851562,-36.426273345947266,84.34542846679688,3.3160500526428223,-42.55961608886719,80.96884155273438,-8.295158386230469,-30.207361221313477,72.2718276977539,,
1780510082.3933587,22118.380603752,-7.464995384216309,-45.30162048339844,78.61890411376953,9.073184967041016,-36.29341506958008,84.25679779052734,4.021347999572754,-42.12149429321289,82.20999145507812,-6.756051063537598,-30.752857208251953,71.90447235107422,,
1780510082.4133286,22118.400237379,-6.10835599899292,-46.375160217285156,76.5645523071289,8.66588306427002,-37.841148376464844,83.81057739257812,5.500436782836914,-40.94432830810547,82.415771484375,-4.994786739349365,-32.19443893432617,70.7109375,,
1780510082.4333024,22118.420186574,-6.195892333984375,-46.793060302734375,75.2193832397461,7.103283882141113,-40.81016159057617,83.47630310058594,6.186832904815674,-38.949066162109375,82.21971893310547,-3.731842041015625,-34.82871627807617,69.72518157958984,,
1780510082.4533134,22118.440209962,-6.635219573974609,-45.990760803222656,75.44589233398438,3.8718647956848145,-45.19400405883789,82.69312286376953,5.982960224151611,-36.0685920715332,81.72090911865234,-2.2361254692077637,-38.68381118774414,71.46586608886719,,
1780510082.4733155,22118.460262724,-7.65180778503418,-45.40620803833008,78.1241226196289,-0.9129515886306763,-49.5786247253418,80.48433685302734,6.650050163269043,-33.021690368652344,80.71475982666016,-0.2169196605682373,-43.620540618896484,76.3172378540039,,
1780510082.493465,22118.480343759,-9.553975105285645,-44.21649932861328,81.01179504394531,-2.8228821754455566,-51.34989547729492,77.2991714477539,7.528748512268066,-32.941593170166016,78.254150390625,0.5129784345626831,-46.80596160888672,79.680908203125,,
1780510082.5138195,22118.500770664,-9.201380729675293,-41.40922546386719,82.7662582397461,-2.255141496658325,-49.90585708618164,74.77202606201172,6.7295918464660645,-35.175628662109375,75.98048400878906,2.150529623031616,-48.42393493652344,80.99137115478516,,
1780510082.5333524,22118.520234943,-7.3465447425842285,-37.997745513916016,83.50055694580078,-1.7583225965499878,-48.8056640625,73.73408508300781,5.008002758026123,-34.94507598876953,75.37895202636719,2.7191083431243896,-48.20882034301758,82.05057525634766,,
1780510082.5530558,22118.540402381,-6.60575532913208,-36.07546615600586,84.09435272216797,-0.559992790222168,-48.844425201416016,72.9842758178711,4.720167636871338,-34.85808181762695,74.89976501464844,1.4786373376846313,-45.70376205444336,81.9492416381836,,
1780510082.5730898,22118.559915402,-7.443398475646973,-35.015933990478516,83.66339111328125,1.1491950750350952,-47.74314498901367,73.52672576904297,6.138509273529053,-37.619964599609375,74.64131164550781,-0.6371232271194458,-41.46809387207031,81.40142822265625,,
1780510082.593924,22118.581023415,-9.109882354736328,-35.1519660949707,82.59488677978516,3.581495523452759,-45.19935989379883,75.86092376708984,6.446478843688965,-40.68669891357422,75.1429443359375,-2.866389036178589,-36.756927490234375,80.5880126953125,,
1780510082.6134787,22118.600335067,-11.43655014038086,-37.6425666809082,81.32539367675781,7.323267459869385,-42.334739685058594,80.0555419921875,5.175243854522705,-42.53833770751953,76.91374206542969,-5.847896099090576,-32.74699020385742,77.62986755371094,,
1780510082.6333969,22118.620270759,-11.287860870361328,-41.12617492675781,80.48448181152344,8.920108795166016,-38.436317443847656,83.37237548828125,4.166704177856445,-42.76978302001953,79.42273712158203,-8.64759349822998,-31.032320022583008,74.1271743774414,,
1780510082.6533067,22118.640354895,-9.55564022064209,-43.609893798828125,79.61398315429688,9.026226043701172,-36.733707427978516,84.1332778930664,3.7840397357940674,-42.446292877197266,81.31149291992188,-8.213388442993164,-30.58745765686035,72.37156677246094,,
1780510082.6732073,22118.660019932,-7.3317694664001465,-44.96544647216797,78.42353820800781,8.80405044555664,-37.04956817626953,84.09838104248047,4.815576076507568,-41.904605865478516,82.33075714111328,-6.55936861038208,-30.830720901489258,72.0161361694336,,
1780510082.6930604,22118.679799719,-6.189981460571289,-45.91586685180664,77.42796325683594,8.08993148803711,-38.45010757446289,83.79698181152344,6.021785259246826,-41.02372360229492,82.39913940429688,-4.732998371124268,-31.39613151550293,71.16732788085938,,
1780510082.7130775,22118.700300257,-6.189204692840576,-46.19110870361328,76.49436950683594,6.2238569259643555,-41.87148666381836,83.34608459472656,6.834001064300537,-38.89698028564453,82.20946502685547,-4.130846977233887,-34.0959358215332,70.28116607666016,,
1780510082.733403,22118.720705137,-6.5131964683532715,-45.47372055053711,77.09613800048828,2.663306951522827,-46.30646896362305,82.52412414550781,6.795591354370117,-35.64345169067383,81.6978530883789,-2.624378204345703,-37.515377044677734,72.44387817382812,,
1780510082.7531836,22118.740313557,-7.401498794555664,-44.962642669677734,79.8493881225586,-2.1521968841552734,-50.498287200927734,80.26826477050781,7.519797325134277,-32.08987808227539,81.00098419189453,-0.776770293712616,-42.02885818481445,77.40636444091797,,
1780510082.7732034,22118.760025692,-9.18404769897461,-43.761756896972656,82.18494415283203,-4.011977672576904,-51.357749938964844,77.39373016357422,8.054865837097168,-31.548582077026367,79.33882141113281,0.19205041229724884,-45.13261413574219,80.38394165039062,,
1780510082.7934756,22118.780310017,-9.596381187438965,-42.95622634887695,83.33940124511719,-3.041987419128418,-50.43119812011719,76.21195983886719,7.878904819488525,-32.6920051574707,77.86091613769531,1.313416600227356,-46.99647903442383,81.21570587158203,,
1780510082.8132896,22118.800522937,-7.776889324188232,-40.07578659057617,84.02661895751953,-3.040113687515259,-48.704498291015625,75.16944122314453,6.335459232330322,-32.034297943115234,77.25485229492188,1.5664801597595215,-47.19926452636719,82.06953430175781,,
1780510082.833406,22118.821048334,-7.506040573120117,-38.79304885864258,84.37702178955078,-2.785705804824829,-48.976295471191406,75.27433013916016,6.595926284790039,-31.20915985107422,76.69125366210938,-0.06163381412625313,-45.471038818359375,81.57574462890625,,
1780510082.853517,22118.840329871,-8.17839241027832,-38.38428497314453,84.18588256835938,-1.8836876153945923,-48.09123611450195,76.24081420898438,8.29476261138916,-32.71697998046875,76.73115539550781,-1.941208004951477,-42.61558151245117,81.04536437988281,,
1780510082.8731658,22118.860029362,-8.729179382324219,-38.16498565673828,83.60545349121094,-0.9708942174911499,-46.7700080871582,77.5860824584961,8.75687313079834,-34.488407135009766,77.07340240478516,-3.2849528789520264,-39.36122512817383,80.82157897949219,,
1780510082.893314,22118.880219944,-10.24079704284668,-39.16876220703125,83.07766723632812,0.7432777285575867,-45.6784782409668,79.70862579345703,8.25255012512207,-36.1875,77.32493591308594,-5.3290791511535645,-35.944244384765625,79.65916442871094,,
1780510082.9132674,22118.900045462,-11.466041564941406,-40.998779296875,82.21344757080078,2.934915542602539,-44.17945098876953,82.86641693115234,7.339550495147705,-37.26390838623047,78.92453002929688,-7.790251731872559,-32.846771240234375,77.41799926757812,,
1780510082.933326,22118.920560062,-10.935483932495117,-43.256771087646484,81.22459411621094,3.83038067817688,-42.51532745361328,85.35635375976562,6.85342264175415,-38.129329681396484,80.84071350097656,-9.307366371154785,-30.047487258911133,75.10677337646484,,
1780510082.9531798,22118.940008382,-9.313798904418945,-44.84637451171875,80.3978271484375,4.310513019561768,-41.620887756347656,86.15011596679688,6.371511459350586,-38.946205139160156,82.37239837646484,-8.992911338806152,-28.392192840576172,73.86886596679688,,
1780510082.9733052,22118.960103836,-7.85446834564209,-45.9288215637207,79.4129409790039,4.304927825927734,-42.05125427246094,85.97026062011719,6.669932842254639,-39.25800323486328,83.12923431396484,-7.833309173583984,-28.417516708374023,73.06220245361328,,
1780510082.993254,22118.980900653,-6.726754665374756,-46.714290618896484,78.58720397949219,3.319880485534668,-43.65823745727539,85.39552307128906,7.212985515594482,-37.88520431518555,83.29766845703125,-6.761754035949707,-29.882814407348633,72.28608703613281,,
1780510083.0132966,22119.000175482,-6.275731086730957,-47.05500793457031,78.46131896972656,0.7523695230484009,-46.58453369140625,84.49232482910156,7.45010232925415,-35.29378890991211,83.10855865478516,-5.011360168457031,-32.50505065917969,73.21086883544922,,
1780510083.0334659,22119.022171332,-6.671330451965332,-47.2937126159668,80.0552978515625,-3.5634024143218994,-50.71845626831055,82.7345199584961,7.558545112609863,-31.906848907470703,82.22792053222656,-2.675168991088867,-36.61732482910156,76.94148254394531,,
1780510083.0539777,22119.04149883,-8.247159004211426,-47.24639892578125,82.38321685791016,-6.733160972595215,-52.97943115234375,80.27425384521484,8.962919235229492,-28.85297966003418,80.54935455322266,-1.6060173511505127,-40.62883377075195,80.12751007080078,,
1780510083.073337,22119.061421602,-9.055310249328613,-45.80744552612305,84.06051635742188,-7.057555675506592,-52.199764251708984,77.8440170288086,8.629256248474121,-29.26582145690918,78.3099365234375,-0.34234318137168884,-43.51364517211914,81.39921569824219,,
1780510083.0934315,22119.081113799,-7.931540012359619,-43.86050796508789,85.13326263427734,-6.595864772796631,-50.613338470458984,76.85726165771484,7.423435688018799,-29.24639320373535,76.98175048828125,0.7366807460784912,-44.919403076171875,81.97743225097656,,
1780510083.1132953,22119.101957055,-6.97622013092041,-42.35673522949219,85.64049530029297,-6.25032377243042,-50.47705841064453,76.62950897216797,6.9734978675842285,-28.46213722229004,76.46491241455078,0.0965309590101242,-44.32147979736328,81.96622467041016,,
1780510083.133353,22119.121182884,-7.32541561126709,-41.56877517700195,85.80435180664062,-5.4140191078186035,-50.155677795410156,77.12913513183594,8.227693557739258,-29.13986587524414,76.3756103515625,-1.4572067260742188,-42.167945861816406,81.56294250488281,,
1780510083.1533616,22119.140813434,-7.841728210449219,-41.06649398803711,85.27896118164062,-4.8055338859558105,-48.8505859375,78.29118347167969,9.49069595336914,-31.098567962646484,76.17660522460938,-2.696589946746826,-39.067256927490234,81.24772644042969,,
1780510083.1733193,22119.160237984,-8.807859420776367,-41.41402053833008,84.98271942138672,-3.4208242893218994,-47.709842681884766,79.82243347167969,9.743310928344727,-33.042335510253906,76.34600830078125,-4.389808654785156,-35.57421112060547,80.51934051513672,,
1780510083.1933198,22119.180343016,-10.135972023010254,-42.65840530395508,84.57022857666016,-1.3618978261947632,-46.318904876708984,82.20293426513672,8.541400909423828,-34.706993103027344,77.29932403564453,-6.645517826080322,-32.70419692993164,79.11675262451172,,
1780510083.2134027,22119.200847895,-10.76856803894043,-44.533905029296875,83.5628433227539,0.6321839690208435,-44.4538459777832,85.46121978759766,7.590544700622559,-36.030609130859375,79.31127166748047,-9.03947639465332,-29.957557678222656,76.61117553710938,,
1780510083.2333481,22119.220636307,-9.68468189239502,-46.43073654174805,82.50291442871094,1.8944413661956787,-42.43526077270508,87.3493423461914,6.599573612213135,-37.41026306152344,81.32597351074219,-10.032970428466797,-27.62799835205078,74.34209442138672,,
1780510083.2533498,22119.240590927,-8.14476203918457,-47.46702194213867,81.48944091796875,2.710921287536621,-41.377769470214844,87.58258056640625,6.026488780975342,-38.95258712768555,82.76798248291016,-8.923781394958496,-26.37504768371582,73.36549377441406,,
1780510083.2734556,22119.260844839,-6.77595853805542,-47.95173645019531,80.52862548828125,3.1482181549072266,-41.56169509887695,86.97502899169922,6.272922992706299,-39.40568161010742,83.36262512207031,-7.748258113861084,-26.860746383666992,72.70967864990234,,
1780510083.2933166,22119.280412834,-6.124248027801514,-48.34215545654297,79.299560546875,2.768916368484497,-42.71311569213867,86.2311019897461,6.733942985534668,-38.303043365478516,83.45657348632812,-6.643723964691162,-28.70993423461914,71.78573608398438,,
1780510083.3133245,22119.300425857,-5.8813323974609375,-48.416500091552734,79.0219497680664,0.898372232913971,-45.11425018310547,85.31598663330078,7.006839752197266,-36.05934524536133,83.11148071289062,-5.278818607330322,-31.317569732666016,71.99166870117188,,
1780510083.3333435,22119.320309947,-6.194272994995117,-48.22977828979492,79.89569091796875,-2.334343194961548,-48.66803741455078,83.76761627197266,7.083776473999023,-33.1455078125,82.33834075927734,-2.9839847087860107,-34.90705490112305,74.59229278564453,,
1780510083.3534005,22119.340435937,-7.211086750030518,-47.8270149230957,81.94176483154297,-5.991176605224609,-51.78916549682617,81.30440521240234,8.463027954101562,-29.724746704101562,81.00341796875,-1.363789439201355,-39.45648956298828,78.54598999023438,,
1780510083.373355,22119.360727895,-8.582991600036621,-46.19622039794922,83.79510498046875,-7.271180152893066,-52.68575668334961,78.5382080078125,8.951626777648926,-28.783031463623047,78.8544921875,-0.5846824645996094,-42.58662033081055,80.58358001708984,,
1780510083.3933685,22119.380665147,-8.054765701293945,-43.96327590942383,85.0330581665039,-6.873754978179932,-51.034881591796875,76.99479675292969,8.130620002746582,-29.377229690551758,77.31310272216797,0.7228236794471741,-44.65508270263672,81.53813934326172,,
1780510083.4134052,22119.400265296,-6.891019821166992,-41.965660095214844,85.56629943847656,-6.465499401092529,-50.23221206665039,76.5416259765625,7.141270637512207,-28.805635452270508,76.52892303466797,0.8286451697349548,-44.937503814697266,81.99126434326172,,
1780510083.4334192,22119.421927856,-6.794667720794678,-40.803184509277344,85.80667114257812,-5.853104591369629,-49.82915115356445,76.85941314697266,7.791481971740723,-29.12665557861328,76.03717803955078,-0.4255402088165283,-43.46913528442383,81.6478042602539,,
1780510083.45355,22119.440601817,-7.598165512084961,-40.31211853027344,85.5020751953125,-4.768807411193848,-48.74943923950195,77.86363983154297,9.183675765991211,-30.886754989624023,75.93818664550781,-2.1240928173065186,-40.69096374511719,81.18168640136719,,
1780510083.4733446,22119.460134955,-8.63867473602295,-40.48385238647461,85.09528350830078,-3.452406644821167,-47.27750778198242,79.67102813720703,9.590295791625977,-32.93783187866211,75.95565795898438,-4.041722774505615,-37.10417175292969,80.69780731201172,,
1780510083.4933534,22119.480388908,-10.28062915802002,-41.6116828918457,84.6439208984375,-1.296502947807312,-45.72617721557617,82.25277709960938,8.589141845703125,-34.83554458618164,76.79315185546875,-6.521412372589111,-33.48066329956055,79.37619018554688,,
1780510083.5135348,22119.500306143,-11.317028045654297,-43.62810516357422,83.50733947753906,1.117700219154358,-43.43773651123047,85.87371826171875,7.409860610961914,-36.33088302612305,79.10546112060547,-9.287908554077148,-30.243072509765625,76.72259521484375,,
1780510083.5340176,22119.520962624,-10.147085189819336,-45.62022399902344,82.69132995605469,2.2849929332733154,-41.19572067260742,87.91356658935547,6.048285961151123,-37.77784729003906,81.31678009033203,-10.184239387512207,-27.501195907592773,74.53036499023438,,
1780510083.5534854,22119.540485307,-8.356268882751465,-46.531982421875,81.83485412597656,3.0470588207244873,-40.305355072021484,87.95748901367188,5.33043098449707,-39.35115432739258,82.9811019897461,-9.031597137451172,-26.172218322753906,73.67382049560547,,
1780510083.5733404,22119.560061236,-6.739192008972168,-47.1146240234375,80.97463989257812,3.434600830078125,-40.740386962890625,87.3450927734375,5.804910659790039,-39.81938552856445,83.57243347167969,-7.827957630157471,-26.619705200195312,72.96118927001953,,
1780510083.5933068,22119.580133941,-5.877016544342041,-47.628013610839844,79.7679672241211,2.843764543533325,-42.10073471069336,86.55071258544922,6.467432975769043,-38.64826202392578,83.68462371826172,-6.7510271072387695,-28.189453125,71.8945083618164,,
1780510083.613312,22119.600438688,-5.644181251525879,-47.74772644042969,79.19098663330078,1.0811225175857544,-44.548133850097656,85.68602752685547,6.814651012420654,-36.489681243896484,83.53612518310547,-5.45694637298584,-30.593347549438477,72.0077133178711,,
1780510083.6333385,22119.620400182,-6.032920837402344,-47.62680435180664,79.71009063720703,-1.7528003454208374,-48.085025787353516,84.32703399658203,7.064484596252441,-33.747764587402344,82.80492401123047,-3.441117286682129,-33.792171478271484,74.1981430053711,,
1780510083.6533728,22119.640650057,-6.661838054656982,-47.761932373046875,81.82837677001953,-5.668757438659668,-51.46204376220703,81.83501434326172,8.23797607421875,-30.247636795043945,81.2711181640625,-1.4611096382141113,-38.35067367553711,77.98504638671875,,
1780510083.6734972,22119.660251727,-8.232975959777832,-46.43088912963867,83.77569580078125,-7.382229804992676,-52.65629959106445,78.96687316894531,8.98060417175293,-28.720291137695312,79.22087097167969,-0.5085135698318481,-41.89364242553711,80.45639038085938,,
1780510083.6934237,22119.6803032,-7.95524263381958,-44.45579528808594,85.11079406738281,-7.164790630340576,-51.18502426147461,77.32304382324219,8.425352096557617,-29.064388275146484,77.46246337890625,0.8278361558914185,-44.109519958496094,81.37413024902344,,
1780510083.7136025,22119.700578987,-6.74538516998291,-42.450828552246094,85.69868469238281,-6.901706695556641,-50.22784423828125,76.80347442626953,7.35269021987915,-28.526742935180664,76.4639892578125,1.1626548767089844,-44.78583908081055,81.85077667236328,,
1780510083.733347,22119.720150619,-6.54887580871582,-41.272064208984375,86.01741027832031,-6.2862019538879395,-50.16632080078125,76.89525604248047,7.73606014251709,-28.427522659301758,76.12989807128906,-0.10070206969976425,-43.519317626953125,81.58992767333984,,
1780510083.7534194,22119.740694131,-7.241178035736084,-40.7458381652832,85.9072265625,-5.37587308883667,-49.283260345458984,77.78466033935547,9.047683715820312,-29.8197078704834,75.982666015625,-1.7392020225524902,-40.90434646606445,81.26773834228516,,
1780510083.7733834,22119.760582819,-8.137507438659668,-40.798072814941406,85.47884368896484,-4.420416355133057,-47.88957214355469,79.2686996459961,9.783153533935547,-31.93598175048828,75.88837432861328,-3.4766266345977783,-37.469669342041016,80.84674072265625,,
1780510083.7933562,22119.780574323,-9.497611999511719,-41.84219741821289,85.24652099609375,-2.5795211791992188,-46.51241683959961,81.5831069946289,9.24992561340332,-33.89889144897461,76.29249572753906,-5.73330020904541,-33.82392883300781,79.76400756835938,,
1780510083.8133209,22119.800506569,-10.897347450256348,-43.7183837890625,84.36359405517578,-0.20283709466457367,-44.60224914550781,85.09990692138672,7.941517353057861,-35.445228576660156,78.28179931640625,-8.479819297790527,-30.526296615600586,77.4410400390625,,
1780510083.8333313,22119.820351853,-10.280034065246582,-45.907318115234375,83.42969512939453,1.1530221700668335,-42.26776885986328,87.7676010131836,6.699581146240234,-36.85247802734375,80.55248260498047,-10.226633071899414,-27.755958557128906,74.81503295898438,,
1780510083.8533423,22119.84027887,-8.535690307617188,-47.279056549072266,82.61968994140625,2.16188645362854,-40.74897003173828,88.34188079833984,5.590458869934082,-38.558067321777344,82.41614532470703,-9.545026779174805,-25.974483489990234,73.52266693115234,,
1780510083.873255,22119.860165269,-6.974989891052246,-47.842098236083984,81.62240600585938,2.787663698196411,-40.66157531738281,87.86530303955078,5.64993953704834,-39.62728500366211,83.30946350097656,-8.139251708984375,-25.80550193786621,72.99467468261719,,
1780510083.8933144,22119.880225633,-5.877689361572266,-48.314483642578125,80.47451782226562,2.8201403617858887,-41.49465560913086,87.00174713134766,6.244258403778076,-39.123435974121094,83.49700927734375,-7.112635612487793,-27.230989456176758,71.96755981445312,,
1780510083.9134278,22119.900623379,-5.463289737701416,-48.627967834472656,79.57640838623047,1.5661793947219849,-43.34354019165039,86.13401794433594,6.642383098602295,-37.31845474243164,83.41999816894531,-5.9805684089660645,-29.414348602294922,71.25994110107422,,
1780510083.9334826,22119.921286798,-5.614674091339111,-48.529197692871094,79.52181243896484,-0.4173787832260132,-46.23267364501953,85.1666030883789,7.001614570617676,-35.0311164855957,82.8489761352539,-4.344703674316406,-32.21700668334961,72.54265594482422,,
1780510083.9539888,22119.940785306,-6.120469093322754,-48.26350021362305,80.81507110595703,-4.000913143157959,-49.88992691040039,83.1001205444336,7.398554801940918,-31.847360610961914,81.75555419921875,-1.9768390655517578,-36.43354034423828,76.00324249267578,,
1780510083.9733374,22119.960449943,-7.498509407043457,-47.37517166137695,82.97244262695312,-6.814898490905762,-52.44986343383789,80.26512908935547,8.758227348327637,-28.848106384277344,80.12982940673828,-0.8675524592399597,-40.811187744140625,79.272705078125,,
1780510083.9933105,22119.980750348,-8.209893226623535,-45.35593032836914,84.60292053222656,-7.115774154663086,-51.99488830566406,77.87141418457031,8.709534645080566,-29.072900772094727,77.90972900390625,0.45157039165496826,-43.71231460571289,80.82515716552734,,
1780510084.013328,22120.000250022,-7.208251953125,-42.96644973754883,85.43556213378906,-6.624020099639893,-50.489715576171875,76.89643859863281,7.721750736236572,-29.270631790161133,76.74960327148438,1.4390007257461548,-45.17074203491211,81.63523864746094,,
1780510084.0333304,22120.023369725,-6.348334789276123,-41.01613235473633,85.75492095947266,-6.0190348625183105,-50.01563262939453,76.65851593017578,7.054122447967529,-29.057477951049805,75.9831314086914,0.9184516668319702,-45.0184211730957,81.78052520751953,,
1780510084.053944,22120.041656319,-6.866686820983887,-40.20873260498047,85.78546142578125,-5.025836944580078,-49.4974479675293,77.20804595947266,8.153087615966797,-30.02042579650879,75.6791000366211,-0.7323431372642517,-42.974021911621094,81.31674194335938,,
1780510084.0733385,22120.06083923,-7.666993141174316,-39.69009780883789,85.28446197509766,-4.0177812576293945,-48.00931167602539,78.46994018554688,9.259642601013184,-31.984804153442383,75.59059143066406,-2.377664804458618,-39.80857467651367,81.04500579833984,,
1780510084.0933247,22120.080772025,-9.261157035827637,-40.28050231933594,84.8104248046875,-2.1358482837677,-46.44073486328125,80.56414031982422,9.225287437438965,-34.26689147949219,75.93649291992188,-4.631521224975586,-36.07355499267578,80.18802642822266,,
1780510084.1139624,22120.101343022,-11.305002212524414,-41.885101318359375,83.77075958251953,0.8884954452514648,-44.358497619628906,84.12068939208984,7.720995903015137,-36.183616638183594,77.63463592529297,-7.402575969696045,-32.37363052368164,78.11888122558594,,
1780510084.133456,22120.120845336,-11.211551666259766,-43.93880844116211,82.75176239013672,2.7992725372314453,-41.67591857910156,87.1808853149414,6.536778450012207,-37.58753204345703,80.0302505493164,-9.798539161682129,-29.3687744140625,75.58247375488281,,
1780510084.1540108,22120.140978337,-9.644078254699707,-45.28339385986328,81.857177734375,3.774970531463623,-39.96026611328125,87.81754302978516,5.381382942199707,-39.19408416748047,82.16336059570312,-9.389484405517578,-27.328699111938477,74.08037567138672,,
1780510084.1733828,22120.161264202,-7.902890682220459,-45.97875213623047,80.91478729248047,4.269168376922607,-39.78395080566406,87.4689712524414,5.372978687286377,-40.140228271484375,83.25753021240234,-8.051058769226074,-26.931400299072266,73.53466796875,,
1780510084.1932924,22120.18066864,-6.558348178863525,-46.71965408325195,79.64675903320312,4.219813823699951,-40.759063720703125,86.64512634277344,6.087808609008789,-39.77412414550781,83.60858154296875,-6.878759384155273,-28.04168128967285,72.4510726928711,,
1780510084.213383,22120.200411735,-5.894547462463379,-47.11372375488281,78.57697296142578,3.003491163253784,-42.91557693481445,85.82242584228516,6.777406692504883,-38.02339172363281,83.61621856689453,-5.787187576293945,-30.04067039489746,71.82132720947266,,
1780510084.2337973,22120.221257432,-6.021406650543213,-47.170654296875,78.52112579345703,0.7698829174041748,-46.06949996948242,84.8470458984375,7.305551528930664,-35.59425354003906,83.1281967163086,-4.20610237121582,-32.89704132080078,73.0870361328125,,
1780510084.2533052,22120.240112025,-6.500258922576904,-47.06962203979492,80.13489532470703,-3.220489740371704,-50.058006286621094,82.74886322021484,7.581009864807129,-32.25214767456055,82.11407470703125,-1.8785139322280884,-37.29311752319336,76.78331756591797,,
1780510084.2733934,22120.26042814,-7.911953449249268,-46.70716094970703,82.3861083984375,-6.378456115722656,-52.29585647583008,80.06340789794922,8.728766441345215,-29.246671676635742,80.35952758789062,-0.7344145178794861,-41.44255447387695,79.96202087402344,,
1780510084.293343,22120.280187194,-8.543078422546387,-45.04697036743164,84.04081726074219,-6.726804256439209,-51.45872497558594,77.80998229980469,8.427656173706055,-29.64536476135254,78.1709213256836,0.5607545375823975,-44.24836730957031,81.29055786132812,,
1780510084.3134458,22120.300811425,-7.445690155029297,-42.880306243896484,85.02057647705078,-6.181834697723389,-49.90188980102539,76.78903198242188,7.211431503295898,-29.623249053955078,77.05799865722656,1.465235710144043,-45.59916305541992,81.93258666992188,,
1780510084.3333514,22120.320162688,-6.56376314163208,-41.274696350097656,85.41410064697266,-5.932589530944824,-49.63969039916992,76.66268920898438,6.809929370880127,-28.92144012451172,76.51512145996094,0.7168954014778137,-44.981895446777344,81.90635681152344,,
1780510084.353439,22120.340212458,-7.052865982055664,-40.548919677734375,85.63350677490234,-5.012451171875,-49.20921325683594,77.20453643798828,8.187567710876465,-29.68330955505371,76.4212417602539,-0.9152483344078064,-42.655609130859375,81.4177474975586,,
1780510084.3734615,22120.360247115,-7.761763572692871,-40.34158706665039,85.12147521972656,-4.192000389099121,-47.69072723388672,78.55166625976562,9.567506790161133,-31.767515182495117,76.50379943847656,-2.455267906188965,-39.18874740600586,81.0714340209961,,
1780510084.3933809,22120.381214923,-9.077557563781738,-40.875701904296875,84.75386047363281,-2.688420534133911,-46.489131927490234,80.47708892822266,9.537331581115723,-33.7412223815918,76.49122619628906,-4.633688449859619,-35.61148452758789,80.26134490966797,,
1780510084.4134026,22120.40096159,-10.7014799118042,-42.5198860168457,84.18683624267578,-0.3139212429523468,-45.06163787841797,83.40586853027344,8.375068664550781,-35.30086898803711,77.82142639160156,-7.252915382385254,-32.15861892700195,78.38899230957031,,
1780510084.4333684,22120.420752263,-10.578798294067383,-44.726253509521484,83.47586822509766,1.1623023748397827,-43.11043930053711,86.5009765625,7.3830060958862305,-36.52740478515625,79.94688415527344,-9.51297378540039,-29.13394546508789,75.88151550292969,,
1780510084.4534223,22120.440199732,-9.185826301574707,-46.575111389160156,82.5927505493164,1.9416093826293945,-41.492759704589844,87.88473510742188,6.31350040435791,-37.892826080322266,81.81572723388672,-9.735541343688965,-26.867935180664062,73.96582794189453,,
1780510084.4734266,22120.460417722,-7.523242473602295,-47.54069137573242,81.6844253540039,2.3908822536468506,-41.08536148071289,87.83805084228516,6.025309085845947,-39.0421257019043,83.02391052246094,-8.477668762207031,-25.920528411865234,73.19110107421875,,
1780510084.4933743,22120.48022606,-6.161472320556641,-48.05809783935547,80.74075317382812,2.4841551780700684,-41.72922897338867,87.13844299316406,6.33367395401001,-38.98834991455078,83.47494506835938,-7.42859411239624,-26.738693237304688,72.41292572021484,,
1780510084.5133765,22120.5005595,-5.575809001922607,-48.55424499511719,79.82674407958984,1.453229308128357,-43.337406158447266,86.34776306152344,6.800008773803711,-37.56398010253906,83.4638671875,-6.297776699066162,-28.494707107543945,71.5457763671875,,
1780510084.533516,22120.521070583,-5.521065711975098,-48.692405700683594,79.65951538085938,-0.5001665353775024,-45.85146713256836,85.49116516113281,7.098109722137451,-35.198448181152344,83.06584930419922,-4.886114120483398,-31.094926834106445,72.3104019165039,,
1780510084.553403,22120.540274775,-5.929499626159668,-48.533531188964844,80.6754379272461,-3.746372938156128,-49.43418502807617,83.79203033447266,7.463983058929443,-32.210670471191406,82.05827331542969,-2.694382667541504,-34.75430679321289,75.35307312011719,,
1780510084.5733945,22120.561065808,-7.1030097007751465,-48.141414642333984,82.8638916015625,-7.049484729766846,-52.24584197998047,81.01298522949219,9.122732162475586,-28.89122200012207,80.36780548095703,-1.2662451267242432,-39.30462646484375,78.81172180175781,,
1780510084.5935025,22120.58072716,-8.241658210754395,-46.315067291259766,84.577392578125,-7.747982025146484,-52.4976692199707,78.42622375488281,9.456945419311523,-28.46680450439453,78.20376586914062,-0.11199440062046051,-42.364540100097656,80.5623550415039,,
1780510084.6132658,22120.600828816,-7.480269432067871,-44.15428924560547,85.60618591308594,-7.3019914627075195,-50.99720764160156,77.31433868408203,8.561882972717285,-28.708030700683594,76.68057250976562,1.0705785751342773,-44.194766998291016,81.35216522216797,,
1780510084.6332405,22120.623339416,-6.449557781219482,-42.123050689697266,85.96001434326172,-6.867264747619629,-50.482303619384766,76.9174575805664,7.738778591156006,-28.262405395507812,75.86884307861328,0.8843591213226318,-44.36137390136719,81.68943786621094,,
1780510084.653219,22120.640489501,-6.684478282928467,-41.26412582397461,86.16546630859375,-6.055091381072998,-50.1136589050293,77.41560363769531,8.582740783691406,-28.89484977722168,75.50798034667969,-0.5737295746803284,-42.6123046875,81.29851531982422,,
1780510084.6733184,22120.660442886,-7.332338809967041,-40.880401611328125,85.86945343017578,-5.067288398742676,-48.74272918701172,78.55903625488281,9.815803527832031,-30.84381103515625,75.3308334350586,-2.105757474899292,-39.596492767333984,80.97109985351562,,
1780510084.6932938,22120.680538368,-8.541821479797363,-41.13665771484375,85.51752471923828,-3.575242519378662,-47.20890808105469,80.46084594726562,9.923858642578125,-33.00387954711914,75.44551086425781,-4.190915107727051,-36.107017517089844,80.33905029296875,,
1780510084.713434,22120.701141921,-10.504988670349121,-42.632625579833984,84.66853332519531,-0.9535216093063354,-45.38810348510742,83.67597961425781,8.620035171508789,-35.0555419921875,76.70951080322266,-6.786426544189453,-32.332740783691406,78.60716247558594,,
1780510084.7332716,22120.721496028,-11.060367584228516,-44.8211784362793,83.53137969970703,1.258920669555664,-42.57808303833008,87.2603988647461,7.235980987548828,-36.46982192993164,79.1394271850586,-9.537046432495117,-29.21832275390625,75.88267517089844,,
1780510084.753732,22120.744135416,-9.585304260253906,-46.449310302734375,82.6886215209961,2.415144443511963,-40.4031867980957,88.50177001953125,5.659507751464844,-38.18662643432617,81.5524673461914,-9.81480884552002,-26.945241928100586,74.06462860107422,,
1780510084.7733624,22120.76144902,-7.828260898590088,-47.10350799560547,81.79021453857422,3.1701951026916504,-39.798770904541016,88.24794006347656,5.160236835479736,-39.683170318603516,82.9799575805664,-8.354654312133789,-26.112369537353516,73.55631256103516,,
1780510084.7935987,22120.781404668,-6.484046936035156,-47.59416580200195,80.50354766845703,3.5098345279693604,-40.31317901611328,87.45545196533203,5.7768378257751465,-39.80411148071289,83.46833801269531,-7.032889366149902,-26.853519439697266,72.60983276367188,,
1780510084.8136957,22120.801158048,-5.816336631774902,-48.02309799194336,79.1700668334961,2.8816564083099365,-41.79902267456055,86.6129150390625,6.3807692527771,-38.51387405395508,83.6070556640625,-5.922273635864258,-28.787378311157227,71.5518798828125,,
1780510084.8335695,22120.8208165,-5.6168975830078125,-47.93894958496094,78.69207000732422,1.2867835760116577,-44.45334243774414,85.63196563720703,6.888136863708496,-36.530738830566406,83.27857971191406,-4.631165504455566,-31.393535614013672,72.09925079345703,,
1780510084.854187,22120.842918944,-6.121616363525391,-47.65836715698242,79.3047866821289,-1.7477061748504639,-48.23817825317383,84.00456237792969,7.098599910736084,-33.67510223388672,82.42816925048828,-2.4267022609710693,-35.06156539916992,74.65701293945312,,
1780510084.8736167,22120.861060906,-6.990749835968018,-47.478458404541016,81.48566436767578,-5.50826358795166,-51.4146614074707,81.37937927246094,8.390950202941895,-30.15618133544922,80.8684310913086,-0.6828111410140991,-39.99321746826172,78.45323944091797,,
1780510084.8939564,22120.881068499,-8.315457344055176,-45.853572845458984,83.47285461425781,-6.608079433441162,-51.96076583862305,78.63948822021484,8.595759391784668,-29.3233642578125,78.73946380615234,0.34883666038513184,-43.49584197998047,80.67879486083984,,
1780510084.9138901,22120.90087361,-7.634836673736572,-43.44234848022461,84.64196014404297,-6.230295658111572,-50.07125473022461,77.11807250976562,7.772302627563477,-30.01881980895996,77.3379898071289,1.7679518461227417,-45.545623779296875,81.6142349243164,,
1780510084.9334567,22120.920984758,-6.316295623779297,-41.282020568847656,85.20069122314453,-5.9005866050720215,-49.2926139831543,76.67525482177734,6.70357084274292,-29.443702697753906,76.37096405029297,1.8346710205078125,-45.84077835083008,81.91934204101562,,
1780510084.9534335,22120.940480807,-6.36439323425293,-39.95944595336914,85.45460510253906,-5.1317291259765625,-49.14879608154297,76.80742645263672,7.246635913848877,-29.763595581054688,76.10040283203125,0.40982627868652344,-44.32276153564453,81.60289764404297,,
1780510084.9733562,22120.960464943,-7.313433647155762,-39.38742446899414,85.11893463134766,-3.884737491607666,-47.98716735839844,77.7647705078125,8.619871139526367,-31.62822151184082,76.20353698730469,-1.436568260192871,-41.464412689208984,81.14024353027344,,
1780510084.9931066,22120.980469847,-8.514687538146973,-39.5230827331543,84.5543212890625,-2.474726915359497,-46.406253814697266,79.52155303955078,9.175141334533691,-33.890403747558594,76.21814727783203,-3.333498001098633,-37.61761474609375,80.63255310058594,,
1780510085.01338,22121.001265767,-10.460186004638672,-40.7904167175293,83.85366821289062,0.1082075908780098,-44.76786422729492,82.44595336914062,8.278078079223633,-35.958248138427734,77.28763580322266,-5.870149612426758,-33.599063873291016,79.12030792236328,,
1780510085.0338733,22121.021627377,-11.373891830444336,-42.96076202392578,82.8014907836914,2.4331698417663574,-42.483890533447266,85.94217681884766,7.099194049835205,-37.30089569091797,79.4303207397461,-8.780070304870605,-30.269746780395508,76.4139633178711,,
1780510085.0532103,22121.040656321,-10.00742244720459,-44.88239288330078,82.1332778930664,3.432253360748291,-40.58761978149414,87.45819091796875,5.9366960525512695,-38.760154724121094,81.50273132324219,-9.347721099853516,-27.775157928466797,74.4560775756836,,
1780510085.0734096,22121.061145887,-8.378165245056152,-45.83245849609375,81.23619079589844,3.8216121196746826,-40.11790466308594,87.43827819824219,5.51601505279541,-40.019935607910156,82.94541931152344,-8.20153522491455,-26.647510528564453,73.67097473144531,,
1780510085.0935419,22121.080647769,-6.92708158493042,-46.63096618652344,80.0958480834961,4.030815601348877,-40.69791793823242,86.89463806152344,6.01997709274292,-39.94297790527344,83.4460678100586,-7.111597061157227,-27.194311141967773,72.88369750976562,,
1780510085.114206,22121.101337156,-6.079737663269043,-47.44636154174805,79.02244567871094,2.992030143737793,-42.3653564453125,86.05396270751953,6.72939920425415,-38.67477035522461,83.54507446289062,-5.954799652099609,-28.746854782104492,71.69935607910156,,
1780510085.1335986,22121.120968122,-5.77720308303833,-47.58956527709961,78.77069854736328,0.9017702341079712,-45.156734466552734,85.15730285644531,7.042928695678711,-36.39300537109375,83.30907440185547,-4.52651309967041,-31.363943099975586,72.29696655273438,,
1780510085.1531577,22121.141054785,-6.127499103546143,-47.475826263427734,79.66642761230469,-2.4762871265411377,-49.08452224731445,83.69007110595703,7.356475830078125,-33.14322280883789,82.45033264160156,-2.4643287658691406,-34.99833679199219,75.29328918457031,,
1780510085.1733358,22121.161162481,-7.198773384094238,-47.35811233520508,82.0794677734375,-6.231720924377441,-52.059017181396484,81.01239776611328,8.831820487976074,-29.46028709411621,80.74752044677734,-1.0469475984573364,-39.576995849609375,79.02540588378906,,
1780510085.1934779,22121.180896282,-8.559331893920898,-46.010501861572266,83.91949462890625,-7.19173002243042,-52.287635803222656,78.46234130859375,9.113603591918945,-28.969898223876953,78.5986099243164,-0.051593754440546036,-42.82434844970703,80.81739044189453,,
1780510085.2132642,22121.200492902,-7.8867716789245605,-43.77724838256836,85.03302764892578,-6.604193210601807,-50.513450622558594,77.12316131591797,8.206907272338867,-29.4000301361084,77.06494903564453,1.2127593755722046,-44.903900146484375,81.54375457763672,,
1780510085.2332032,22121.220232993,-6.665721416473389,-41.95539474487305,85.57627868652344,-6.29227876663208,-49.919715881347656,76.89289093017578,7.416323661804199,-28.634075164794922,76.19790649414062,1.069563865661621,-44.96084213256836,81.70884704589844,,
1780510085.2532442,22121.240287027,-6.761297702789307,-41.155006408691406,85.82698059082031,-5.641895294189453,-49.63148880004883,77.45535278320312,8.38306999206543,-29.095670700073242,75.77415466308594,-0.3972468972206116,-43.128326416015625,81.25840759277344,,
1780510085.2731338,22121.260237849,-7.479562759399414,-40.757232666015625,85.45475006103516,-4.694777965545654,-48.372657775878906,78.57106018066406,9.729819297790527,-31.002498626708984,75.74701690673828,-2.0607962608337402,-40.15492248535156,80.88831329345703,,
1780510085.2931423,22121.280108724,-8.617544174194336,-41.12250518798828,85.10852813720703,-3.4285495281219482,-46.921207427978516,80.41413116455078,10.005670547485352,-32.990882873535156,75.8411865234375,-4.067996501922607,-36.49542999267578,80.3116683959961,,
1780510085.3129122,22121.300931719,-10.372109413146973,-42.6136474609375,84.4503173828125,-1.0214604139328003,-45.358890533447266,83.34559631347656,8.881669044494629,-34.86128234863281,77.11804962158203,-6.580680847167969,-32.7967414855957,78.72955322265625,,
1780510085.3328676,22121.31961779,-11.044944763183594,-44.730255126953125,83.29463195800781,1.0238910913467407,-42.92742919921875,86.7822494506836,7.585773944854736,-36.11116409301758,79.2315902709961,-9.275788307189941,-29.71275520324707,76.11990356445312,,
1780510085.3528523,22121.340159964,-9.661128044128418,-46.51219177246094,82.51708984375,2.0063681602478027,-41.01152038574219,88.25981903076172,6.279375076293945,-37.438987731933594,81.4145736694336,-9.824508666992188,-27.31949806213379,74.12095642089844,,
1780510085.3732414,22121.360158758,-7.826475620269775,-47.511653900146484,81.72087097167969,2.6050539016723633,-40.389549255371094,88.19355773925781,5.8022871017456055,-38.86922073364258,82.80870819091797,-8.435362815856934,-26.091266632080078,73.46862030029297,,
1780510085.393173,22121.380301711,-6.512327194213867,-48.14817428588867,80.67342376708984,2.745774984359741,-40.94263458251953,87.54924774169922,6.323700428009033,-38.980140686035156,83.2491226196289,-7.35881233215332,-26.6788330078125,72.58272552490234,,
1780510085.4132895,22121.400462317,-5.79831600189209,-48.68083190917969,79.54461669921875,1.9666669368743896,-42.38325500488281,86.6842269897461,6.771054744720459,-37.794166564941406,83.38158416748047,-6.194037437438965,-28.460201263427734,71.58740997314453,,
1780510085.4333575,22121.420583926,-5.5145583152771,-48.58576583862305,79.32656860351562,0.08722034096717834,-45.06669235229492,85.70407104492188,7.045933723449707,-35.54273986816406,83.06442260742188,-4.913856506347656,-30.99283218383789,72.28282165527344,,
1780510085.4532175,22121.44189656,-5.8911638259887695,-48.480464935302734,80.25362396240234,-3.2424700260162354,-48.78512954711914,83.95343017578125,7.295883655548096,-32.67243957519531,82.07339477539062,-2.5715725421905518,-34.62582778930664,75.07698822021484,,
1780510085.472812,22121.460389437,-6.917531967163086,-48.094547271728516,82.3863525390625,-6.751203536987305,-51.79947280883789,81.26958465576172,8.943564414978027,-29.280500411987305,80.35638427734375,-1.00255286693573,-39.33124542236328,78.62239837646484,,
1780510085.4935687,22121.481072158,-8.210001945495605,-46.348777770996094,84.17432403564453,-7.632607460021973,-52.24931335449219,78.66737365722656,9.284974098205566,-28.77784538269043,78.19721984863281,0.18064932525157928,-42.488868713378906,80.62985229492188,,
1780510085.5137887,22121.501671853,-7.461758136749268,-44.296043395996094,85.29936981201172,-7.254888534545898,-50.815650939941406,77.45147705078125,8.477710723876953,-29.045291900634766,76.6968765258789,1.3643577098846436,-44.21357727050781,81.3563003540039,,
1780510085.5332353,22121.520176123,-6.299691200256348,-42.14178466796875,85.73908233642578,-6.758685111999512,-50.21515655517578,76.90592193603516,7.422680854797363,-28.60387420654297,75.95853424072266,1.2908756732940674,-44.46112823486328,81.7728271484375,,
1780510085.5535975,22121.540404997,-6.386133670806885,-40.98746109008789,85.96442413330078,-6.011687755584717,-49.88621139526367,77.22820281982422,8.098901748657227,-28.977439880371094,75.7609634399414,-0.11750785261392593,-42.76310348510742,81.48106384277344,,
1780510085.5729144,22121.559861771,-7.156050682067871,-40.52732849121094,85.68294525146484,-4.887937545776367,-48.658897399902344,78.19070434570312,9.435534477233887,-31.03989601135254,75.59920501708984,-1.740747094154358,-39.82939910888672,81.02117156982422,,
1780510085.593051,22121.580390854,-8.382195472717285,-40.678192138671875,85.26103973388672,-3.4857118129730225,-47.16533660888672,79.86761474609375,9.652240753173828,-33.473289489746094,75.50357818603516,-3.7662978172302246,-36.34324264526367,80.40167236328125,,
1780510085.6133387,22121.60092251,-10.267281532287598,-42.39523696899414,84.56004333496094,-0.8667470812797546,-45.58910369873047,82.85272216796875,8.408995628356934,-35.681495666503906,76.35822296142578,-6.32048225402832,-32.52200698852539,78.62046813964844,,
1780510085.6335285,22121.621637499,-11.036018371582031,-45.38541030883789,83.31362915039062,1.438443660736084,-42.99269485473633,86.45056915283203,7.021623611450195,-36.845977783203125,78.38459777832031,-9.311686515808105,-29.565725326538086,75.31396484375,,
1780510085.6533659,22121.640708415,-9.539377212524414,-48.501644134521484,82.38178253173828,2.561107635498047,-40.40367889404297,88.12327575683594,5.49635648727417,-37.773128509521484,80.5374755859375,-10.036731719970703,-27.86745834350586,72.58728790283203,,
1780510085.673916,22121.663362413,-7.566001892089844,-50.3189811706543,81.31825256347656,3.404383897781372,-39.222171783447266,88.03035736083984,4.828192710876465,-38.522857666015625,81.94224548339844,-8.827149391174316,-27.594249725341797,71.326171875,,
1780510085.6937819,22121.680804898,-6.02794075012207,-51.233375549316406,79.60242462158203,4.083302021026611,-39.206451416015625,87.36128997802734,5.189429759979248,-38.18009567260742,82.35646057128906,-7.3963751792907715,-28.88987922668457,70.33067321777344,,
1780510085.7133968,22121.70104572,-5.487954139709473,-51.9349479675293,77.7867660522461,3.929141044616699,-40.2117919921875,86.65391540527344,5.722043991088867,-36.76832580566406,82.37122344970703,-6.137275218963623,-31.0858097076416,68.90721893310547,,
1780510085.7335355,22121.720918209,-5.587260723114014,-51.934757232666016,76.93770599365234,2.7050087451934814,-42.39008712768555,85.9110336303711,5.885768413543701,-34.751773834228516,81.9728775024414,-4.877739429473877,-34.110015869140625,68.41011810302734,,
1780510085.7531424,22121.740551224,-6.307479381561279,-51.497554779052734,76.98807525634766,0.33810460567474365,-45.74067687988281,84.82952880859375,5.836525917053223,-32.16325378417969,81.0412826538086,-2.9350345134735107,-37.90107345581055,69.85374450683594,,
1780510085.7734692,22121.760691816,-7.232575416564941,-51.022735595703125,79.396484375,-3.564293622970581,-49.78654861450195,81.90824127197266,7.000818729400635,-29.721874237060547,78.93138885498047,-0.7366650104522705,-43.0877685546875,73.71027374267578,,
1780510085.7930374,22121.779907634,-9.2626371383667,-48.15867614746094,82.33987426757812,-5.409459114074707,-53.492576599121094,77.87421417236328,8.66763973236084,-30.538511276245117,75.04862976074219,0.05188990756869316,-46.053184509277344,77.41221618652344,,
1780510085.8130739,22121.800315719,-8.616308212280273,-43.7236213684082,84.61197662353516,-4.842777252197266,-53.19811248779297,74.49960327148438,8.178446769714355,-33.451663970947266,72.04261779785156,2.0756027698516846,-46.858463287353516,79.6508560180664,,
1780510085.833482,22121.820639704,-6.125449180603027,-39.04866409301758,85.42924499511719,-3.4320876598358154,-51.08919143676758,72.63484954833984,6.241856098175049,-34.77671813964844,71.00786590576172,3.696741819381714,-46.345062255859375,81.67953491210938,,
1780510085.8533518,22121.840734275,-4.837963581085205,-35.63264465332031,85.76168060302734,-1.9462628364562988,-50.78790283203125,71.47447204589844,4.825437545776367,-36.535221099853516,69.70813751220703,2.8015072345733643,-43.3355598449707,82.24508666992188,,
1780510085.8733797,22121.860660625,-6.084841728210449,-33.7640495300293,85.8095474243164,0.876838743686676,-48.85628890991211,71.8029556274414,4.994612693786621,-41.198509216308594,69.09429931640625,0.17819690704345703,-37.56807327270508,82.1583251953125,,
1780510085.8934052,22121.880766706,-9.863122940063477,-35.29839324951172,84.16016387939453,6.1600117683410645,-44.38161087036133,76.44523620605469,3.648456573486328,-45.50444412231445,70.34969329833984,-3.666558265686035,-31.491107940673828,80.1867904663086,,
1780510085.9133706,22121.90047501,-11.739526748657227,-40.290218353271484,82.41690826416016,10.148101806640625,-38.162559509277344,82.56440734863281,2.2342002391815186,-45.8598747253418,73.9952621459961,-7.892385005950928,-29.33399200439453,75.56262969970703,,
1780510085.9334064,22121.921204567,-10.103034019470215,-45.7872200012207,81.34774017333984,10.446952819824219,-33.42969512939453,84.82838439941406,0.4218510389328003,-43.73245620727539,78.03069305419922,-9.353561401367188,-30.743324279785156,71.32817077636719,,
1780510085.9534433,22121.940854189,-7.3530144691467285,-48.48460388183594,79.26318359375,10.62841510772705,-31.755096435546875,84.81306457519531,0.5398221015930176,-41.621437072753906,80.50212097167969,-7.279109477996826,-32.302799224853516,69.75505828857422,,
1780510085.973414,22121.960886646,-4.46864652633667,-49.68777084350586,77.11705780029297,10.623364448547363,-32.78535842895508,84.58087921142578,2.7453129291534424,-40.23872756958008,81.00928497314453,-4.94954776763916,-33.943599700927734,69.18126678466797,,
1780510085.9933798,22121.980991953,-4.44597053527832,-50.35001754760742,74.64832305908203,10.221497535705566,-35.13036346435547,83.75230407714844,4.831870079040527,-38.97709655761719,80.79769134521484,-2.5465047359466553,-35.7391471862793,67.4130859375,,
1780510086.0133853,22122.00043758,-5.607657432556152,-49.66017532348633,73.43707275390625,8.494206428527832,-39.10410690307617,83.73635864257812,5.085357666015625,-36.99031066894531,80.30001831054688,-2.0478920936584473,-39.12568664550781,66.51728820800781,,
1780510086.0334966,22122.020739068,-7.013692855834961,-47.98844528198242,73.57041931152344,4.925459384918213,-43.82982635498047,82.86860656738281,4.6147780418396,-34.584964752197266,79.67350006103516,-0.2669861316680908,-43.12264633178711,68.83133697509766,,
1780510086.053318,22122.040773846,-8.175622940063477,-46.70197677612305,77.11721801757812,0.30085858702659607,-48.33856964111328,79.57135009765625,6.370855808258057,-33.2939567565918,77.65708923339844,1.8495985269546509,-48.08406448364258,73.96825408935547,,
1780510086.073444,22122.060756571,-9.882153511047363,-43.44379806518555,80.52174377441406,-1.0192468166351318,-51.30168914794922,75.16094970703125,7.3390212059021,-36.32191848754883,73.55977630615234,2.682312250137329,-50.183502197265625,77.82878875732422,,
1780510086.0934157,22122.081557031,-8.36064338684082,-38.4620246887207,82.65284729003906,0.05998517572879791,-50.303443908691406,72.12670135498047,6.229523181915283,-39.279544830322266,70.9787826538086,4.69075345993042,-50.15709686279297,80.12596893310547,,
1780510086.1135345,22122.100421761,-5.697086334228516,-34.18952560424805,83.52348327636719,0.995060384273529,-48.82598114013672,70.93134307861328,3.7882819175720215,-38.68524169921875,70.78817749023438,5.217463493347168,-48.670936584472656,82.19807434082031,,
1780510086.134149,22122.121090135,-5.195472240447998,-31.524415969848633,83.91875457763672,2.773366689682007,-48.51826477050781,69.61729431152344,3.018629312515259,-40.46279525756836,69.8724136352539,3.1227149963378906,-44.184181213378906,82.60935974121094,,
1780510086.1534307,22122.14033748,-7.7639641761779785,-31.701852798461914,83.6905288696289,6.205018520355225,-46.14299774169922,71.1119613647461,3.8031091690063477,-45.21747970581055,69.06331634521484,-0.28628963232040405,-37.17132568359375,81.72703552246094,,
1780510086.1732638,22122.161070153,-11.597620010375977,-34.83214569091797,81.45828247070312,11.02686882019043,-41.213016510009766,76.91016387939453,2.264096736907959,-47.68994903564453,71.44573211669922,-3.963960886001587,-31.683773040771484,78.86701202392578,,
1780510086.1934657,22122.180527856,-12.188072204589844,-40.50019454956055,80.38800811767578,12.90079402923584,-35.25004959106445,82.27725219726562,1.1247059106826782,-46.10450744628906,75.46173095703125,-7.909234523773193,-31.3826847076416,74.20240783691406,,
1780510086.213859,22122.201272189,-10.02903938293457,-45.076499938964844,78.83665466308594,12.394042015075684,-32.12887954711914,83.5458984375,-0.005897228140383959,-43.443302154541016,78.67605590820312,-8.318161010742188,-32.73860168457031,70.64308166503906,,
1780510086.2338395,22122.220991522,-6.682462215423584,-47.04706573486328,76.72650909423828,12.093392372131348,-31.72189712524414,83.55829620361328,1.230690836906433,-41.4860954284668,80.46360778808594,-5.551593780517578,-33.591941833496094,70.09449005126953,,
1780510086.253778,22122.241648184,-4.490838050842285,-47.69639587402344,74.32243347167969,11.402800559997559,-33.90970230102539,83.04869842529297,3.593499183654785,-40.17958450317383,80.8527603149414,-3.225712776184082,-34.873470306396484,69.25826263427734,,
1780510086.2741082,22122.262595845,-5.360742568969727,-48.10927963256836,72.42939758300781,10.185063362121582,-37.1844596862793,82.77996826171875,5.100347518920898,-38.79472351074219,80.47162628173828,-1.7746758460998535,-37.63017272949219,67.73313903808594,,
1780510086.2940233,22122.281553947,-6.648980140686035,-46.775821685791016,72.37299346923828,6.909633159637451,-42.105316162109375,82.51126861572266,4.714468479156494,-36.42487716674805,80.01509094238281,-0.647255539894104,-41.99762725830078,68.74402618408203,,
1780510086.314185,22122.301738826,-7.867063045501709,-45.186222076416016,75.5461196899414,1.916131854057312,-47.055206298828125,80.06196594238281,5.659897804260254,-34.342185974121094,78.87763977050781,1.7117879390716553,-47.00908279418945,73.86969757080078,,
1780510086.3338895,22122.320876841,-9.730315208435059,-43.00248718261719,79.11492156982422,-0.5291987061500549,-50.38416290283203,76.33417510986328,7.1312761306762695,-35.79851150512695,75.55742645263672,2.281696081161499,-49.77846908569336,77.81598663330078,,
1780510086.353834,22122.341386364,-8.991800308227539,-38.892642974853516,81.4271240234375,-0.2523971498012543,-49.8464469909668,73.22540283203125,6.3225579261779785,-39.00685501098633,72.59246826171875,3.9739978313446045,-50.513275146484375,79.98068237304688,,
1780510086.3739364,22122.361542189,-6.579609394073486,-34.58175277709961,82.48944091796875,0.34704816341400146,-48.39960861206055,72.11491394042969,3.7979660034179688,-38.98039627075195,72.18880462646484,5.073686599731445,-50.03224563598633,82.06473541259766,,
1780510086.3938146,22122.380774522,-5.528017997741699,-32.14781951904297,83.2245101928711,1.6903644800186157,-48.3134765625,70.96983337402344,2.5406079292297363,-39.37125778198242,71.3763427734375,3.836948871612549,-46.77384948730469,82.46070861816406,,
1780510086.4133937,22122.400617013,-6.587258338928223,-31.213184356689453,83.12700653076172,3.8300015926361084,-47.03793716430664,71.42826080322266,3.3046512603759766,-43.11638641357422,70.46128845214844,1.4654701948165894,-41.10565948486328,82.1057357788086,,
1780510086.4339926,22122.420995297,-10.159072875976562,-33.039512634277344,81.47462463378906,8.175910949707031,-43.388160705566406,75.72306823730469,3.242887258529663,-46.27996063232422,71.72129821777344,-1.9670182466506958,-34.95503616333008,80.20024108886719,,
1780510086.453804,22122.441123977,-12.695165634155273,-37.1672477722168,80.03459167480469,11.948491096496582,-38.51482009887695,81.50611114501953,2.0395748615264893,-46.45991516113281,74.87377166748047,-6.109253406524658,-32.17021560668945,76.3323745727539,,
1780510086.4734428,22122.461384565,-12.038575172424316,-41.78301239013672,78.78048706054688,12.289020538330078,-34.39084243774414,83.92109680175781,1.2705167531967163,-44.288047790527344,78.11386108398438,-8.225245475769043,-32.6483039855957,72.74021911621094,,
1780510086.4934354,22122.481642715,-9.563292503356934,-44.58806228637695,76.94485473632812,11.803730010986328,-33.078369140625,84.08808898925781,1.6603007316589355,-42.395328521728516,80.14949035644531,-6.775967597961426,-33.05766296386719,71.16372680664062,,
1780510086.5134308,22122.500974707,-6.65789270401001,-45.82589340209961,75.04574584960938,11.403610229492188,-34.30768585205078,83.83879089355469,3.4546473026275635,-40.78057861328125,81.02360534667969,-4.955279350280762,-34.279457092285156,70.45445251464844,,
1780510086.533441,22122.520578808,-6.576874732971191,-47.02470016479492,73.01844787597656,10.179828643798828,-37.44767761230469,83.3979721069336,5.520915508270264,-39.46697998046875,80.74394226074219,-3.1178300380706787,-36.271385192871094,68.72138977050781,,
1780510086.5534267,22122.540402901,-7.390467643737793,-46.4814453125,72.54383087158203,7.441197395324707,-42.08515548706055,83.13621520996094,5.8704447746276855,-36.97685623168945,80.39885711669922,-2.1000263690948486,-39.981754302978516,68.88821411132812,,
1780510086.5735257,22122.560491727,-8.304680824279785,-45.1728515625,74.76947021484375,2.07647442817688,-47.297855377197266,81.24364471435547,6.036445617675781,-34.2248420715332,79.7055435180664,0.6055493950843811,-44.893192291259766,73.64306640625,,
1780510086.5935163,22122.584206781,-10.002820014953613,-43.86325454711914,78.70604705810547,-1.3369942903518677,-50.89088439941406,77.88153839111328,7.212368965148926,-34.26515197753906,76.96719360351562,1.2855955362319946,-48.586021423339844,78.06369018554688,,
1780510086.613485,22122.600568094,-9.84040641784668,-40.80414962768555,81.10843658447266,-1.7300883531570435,-50.63105773925781,74.55745697021484,6.339247703552246,-37.862239837646484,73.43289947509766,2.9364895820617676,-50.06838607788086,80.12712860107422,,
1780510086.6334567,22122.62095215,-7.392300128936768,-36.558738708496094,82.48993682861328,-1.1254370212554932,-49.267921447753906,72.9735336303711,4.16160774230957,-38.45893096923828,72.3404312133789,4.4980058670043945,-49.8029670715332,81.81060791015625,,
1780510086.6533806,22122.64030972,-5.697328567504883,-34.006385803222656,83.54520416259766,-0.04070429876446724,-49.211727142333984,71.85172271728516,2.1823947429656982,-38.07106399536133,71.77120208740234,3.9043242931365967,-47.19073486328125,82.48848724365234,,
1780510086.6735442,22122.660799804,-5.778707504272461,-32.5618896484375,83.81237030029297,1.7458065748214722,-48.389156341552734,71.98405456542969,2.764531373977661,-41.14153289794922,70.88102722167969,2.006802797317505,-41.919776916503906,82.15116119384766,,
1780510086.6934667,22122.680824071,-8.609345436096191,-33.40142059326172,82.60680389404297,5.6024556159973145,-45.03550338745117,75.38101959228516,3.3909711837768555,-44.87820816040039,71.71875762939453,-1.1080622673034668,-35.77611541748047,80.77027130126953,,
1780510086.71421,22122.701793014,-12.168115615844727,-37.01093673706055,80.550048828125,10.252422332763672,-40.59762954711914,81.37481689453125,2.4626779556274414,-46.02016067504883,74.5076675415039,-5.305886268615723,-31.893280029296875,77.03607177734375,,
1780510086.7340171,22122.72266885,-12.191200256347656,-41.54742431640625,79.5033950805664,11.470802307128906,-35.78384780883789,84.73947143554688,1.940947413444519,-44.284706115722656,77.62104797363281,-8.638710021972656,-32.342437744140625,73.330078125,,
1780510086.7534108,22122.740710706,-10.52589225769043,-44.21879959106445,77.52037048339844,11.264530181884766,-34.17637634277344,85.17151641845703,1.9260443449020386,-42.3326530456543,79.82762908935547,-8.093130111694336,-33.21818923950195,71.34805297851562,,
1780510086.7734268,22122.760814979,-7.942634105682373,-45.4990234375,75.5462646484375,11.34541130065918,-34.46786880493164,85.14383697509766,3.5631930828094482,-40.586883544921875,80.79725646972656,-6.463255882263184,-34.4249153137207,71.061767578125,,
1780510086.793494,22122.780494421,-7.290756702423096,-46.7843132019043,73.0013427734375,10.464539527893066,-37.009647369384766,84.46564483642578,5.679636001586914,-39.251800537109375,80.80928039550781,-4.395634174346924,-36.03019332885742,69.53775787353516,,
1780510086.813622,22122.800673723,-8.404902458190918,-47.11232376098633,71.82843017578125,8.162553787231445,-41.25884246826172,84.4022445678711,6.39052677154541,-36.89817428588867,80.3654556274414,-3.406362295150757,-39.76218032836914,68.67369079589844,,
1780510086.8334126,22122.820872304,-9.192272186279297,-46.160675048828125,73.19336700439453,2.996546983718872,-46.743587493896484,83.007080078125,5.945282459259033,-33.948944091796875,79.7850112915039,-0.9432384371757507,-44.94774627685547,72.28995513916016,,
1780510086.8533518,22122.840757021,-10.576715469360352,-45.40208435058594,77.24188232421875,-1.76247239112854,-51.53067398071289,79.81221771240234,6.542133331298828,-33.523109436035156,77.04680633544922,0.2461538314819336,-49.27164840698242,77.56376647949219,,
1780510086.8736022,22122.861729988,-10.78483772277832,-42.89297866821289,80.5330810546875,-3.5586612224578857,-53.64255905151367,75.57672119140625,5.049698352813721,-37.812156677246094,72.10563659667969,1.8484816551208496,-50.66925048828125,80.3073959350586,,
1780510086.893302,22122.880253892,-7.983888149261475,-38.33925247192383,82.7380599975586,-3.2379040718078613,-52.67702865600586,72.78741455078125,2.562490940093994,-40.699649810791016,69.1032943725586,4.565074920654297,-50.335662841796875,82.42345428466797,,
1780510086.913397,22122.900511213,-4.648672580718994,-34.91928482055664,84.36036682128906,-2.0870590209960938,-51.85333251953125,70.99729919433594,-0.8248244524002075,-40.10150909423828,68.15188598632812,6.077188014984131,-47.840206146240234,84.3506851196289,,
1780510086.9333594,22122.920738819,-2.970102310180664,-32.717105865478516,85.6121826171875,-0.2591526508331299,-51.748329162597656,70.153076171875,-2.2309231758117676,-43.28499984741211,65.91978454589844,5.592338562011719,-42.056434631347656,84.69121551513672,,
1780510086.9532766,22122.940777077,-5.596790790557861,-33.204444885253906,85.84764862060547,4.562466621398926,-48.85276412963867,73.34831237792969,-1.9955955743789673,-48.87360763549805,65.60574340820312,2.740483045578003,-34.908809661865234,83.6830062866211,,
1780510086.9733982,22122.960660503,-11.243602752685547,-37.57917785644531,83.22005462646484,11.25897216796875,-43.21364212036133,81.38998413085938,-2.7604410648345947,-50.116886138916016,68.59923553466797,-3.066868782043457,-31.135746002197266,79.67344665527344,,
1780510086.9932628,22122.980255952,-13.450864791870117,-44.88410186767578,80.47940826416016,13.419163703918457,-35.867332458496094,87.70956420898438,-2.2323265075683594,-45.773780822753906,72.07128143310547,-10.262837409973145,-34.656005859375,74.00389099121094,,
1780510087.0133834,22123.000322349,-12.909072875976562,-50.52072525024414,75.63419342041016,13.95817756652832,-31.15060043334961,90.05950164794922,-2.488471031188965,-39.86714553833008,75.5130615234375,-12.457413673400879,-38.6335334777832,68.11447143554688,,
1780510087.0334067,22123.020745188,-10.16955280303955,-52.92202377319336,72.31202697753906,14.888961791992188,-28.900192260742188,89.9719467163086,-0.9921469688415527,-36.60639190673828,77.28291320800781,-10.208481788635254,-40.45329284667969,66.73457336425781,,
1780510087.0533648,22123.040779741,-8.272921562194824,-53.105628967285156,69.20710754394531,15.296568870544434,-30.30674934387207,88.07496643066406,2.2186920642852783,-35.629844665527344,77.29431915283203,-7.058107376098633,-41.75452423095703,66.3049087524414,,
1780510087.07335,22123.060291001,-9.857781410217285,-54.76419448852539,65.84678649902344,14.633569717407227,-33.90962600708008,87.85135650634766,4.036367416381836,-33.69797897338867,76.3817138671875,-6.02271842956543,-44.90615463256836,62.81018829345703,,
1780510087.0933714,22123.080291032,-11.96060562133789,-54.71780014038086,64.97679138183594,11.496590614318848,-39.229331970214844,87.93721771240234,3.260765552520752,-31.50377655029297,76.11570739746094,-4.851395606994629,-50.02014923095703,62.0318717956543,,
1780510087.1134384,22123.100154716,-12.343823432922363,-52.767051696777344,68.2720947265625,4.516066551208496,-46.5949592590332,84.51524353027344,2.788069486618042,-32.442745208740234,74.8774185180664,0.0543721467256546,-55.733829498291016,68.55366516113281,,
1780510087.1332371,22123.120323153,-13.291175842285156,-50.11521530151367,74.56159973144531,0.11318701505661011,-55.945587158203125,78.24250030517578,2.1608071327209473,-39.529563903808594,68.02548217773438,2.443118095397949,-57.2623405456543,75.5003433227539,,
1780510087.1532366,22123.140877362,-10.643424987792969,-43.14350128173828,80.79549407958984,-2.0438027381896973,-60.35274887084961,70.34407806396484,-0.5992509722709656,-47.91893768310547,58.63649368286133,6.595502853393555,-54.596458435058594,81.80307006835938,,
1780510087.1733272,22123.160837373,-4.833851337432861,-35.691158294677734,83.28010559082031,0.08468378335237503,-55.88920593261719,66.45700073242188,-3.656531572341919,-48.469173431396484,56.97896957397461,10.825149536132812,-50.70233917236328,87.36112976074219,,
1780510087.193305,22123.180831844,0.14230315387248993,-31.74587059020996,83.613525390625,3.4628005027770996,-50.135841369628906,65.98436737060547,-5.580040454864502,-44.18567657470703,61.304840087890625,11.937254905700684,-46.00668716430664,89.72029876708984,,
1780510087.213313,22123.200520755,-0.7529397010803223,-30.549131393432617,86.76084899902344,6.869317054748535,-50.86220169067383,66.4860610961914,-7.472351551055908,-51.2625846862793,56.80739212036133,8.389825820922852,-38.73163986206055,90.28541564941406,,
1780510087.2333095,22123.220568872,-9.474228858947754,-36.41318893432617,84.76302337646484,14.721060752868652,-48.722511291503906,74.80563354492188,-10.299116134643555,-56.09718704223633,57.07601547241211,3.517942190170288,-31.381290435791016,85.93756103515625,,
1780510087.253334,22123.240560258,-13.697857856750488,-44.40464782714844,82.17172241210938,17.704864501953125,-37.7613410949707,84.39087677001953,-8.417413711547852,-51.548702239990234,62.99319839477539,-4.93367862701416,-33.63665771484375,79.056884765625,,
1780510087.273279,22123.260911315,-14.229299545288086,-52.55216979980469,76.60086822509766,16.97989845275879,-30.769296646118164,89.98736572265625,-7.7122483253479,-43.065677642822266,69.05608367919922,-12.168947219848633,-38.982017517089844,70.98245239257812,,
1780510087.2933288,22123.280375124,-11.36905288696289,-55.72830581665039,71.09089660644531,16.571237564086914,-25.14124870300293,91.16919708251953,-6.133113861083984,-36.47453308105469,73.94605255126953,-10.872611045837402,-41.350772857666016,66.70721435546875,,
1780510087.313345,22123.301290212,-6.342545986175537,-54.998844146728516,69.11859130859375,16.69655990600586,-24.671586990356445,88.5549545288086,-2.7139346599578857,-35.01535415649414,75.7498550415039,-6.21957540512085,-42.141761779785156,66.67757415771484,,
1780510087.333378,22123.320353665,-4.747505187988281,-55.10066604614258,66.00161743164062,16.60330581665039,-27.213787078857422,86.3038558959961,0.1481177806854248,-33.82748031616211,75.42150115966797,-3.6696369647979736,-44.29952621459961,64.18546295166016,,
1780510087.3533397,22123.340284932,-9.12853717803955,-56.96187973022461,63.07250213623047,15.935432434082031,-32.16632843017578,87.61627197265625,1.8665460348129272,-31.919599533081055,74.04138946533203,-4.468673229217529,-48.85599899291992,59.93781280517578,,
1780510087.3733788,22123.360847477,-11.525205612182617,-54.460201263427734,63.65178680419922,12.253494262695312,-38.725311279296875,87.34762573242188,1.0220410823822021,-31.63325309753418,74.33767700195312,-2.2400312423706055,-54.148406982421875,62.3188591003418,,
1780510087.393262,22123.380894808,-12.543783187866211,-51.45586013793945,68.11471557617188,5.499372482299805,-47.53251266479492,82.85563659667969,2.063737392425537,-35.26837158203125,71.24932861328125,2.5757758617401123,-58.61512756347656,69.83348846435547,,
1780510087.413202,22123.403161616,-12.174229621887207,-46.831443786621094,74.8266372680664,0.8679664731025696,-57.554752349853516,75.15254974365234,0.14750796556472778,-44.532249450683594,62.23707580566406,5.336130619049072,-58.1259765625,77.2251968383789,,
1780510087.4331267,22123.420578062,-8.225096702575684,-38.514801025390625,81.33917999267578,-0.10398674756288528,-59.79833221435547,67.79486083984375,-3.40317964553833,-51.78683853149414,54.28959274291992,10.001154899597168,-54.736656188964844,84.51071166992188,,
1780510087.4533124,22123.440347705,-2.306838274002075,-32.849273681640625,82.42229461669922,2.485023021697998,-53.31463623046875,66.1017074584961,-5.7953901290893555,-48.00300216674805,57.20059585571289,12.914246559143066,-50.528438568115234,89.3613052368164,,
1780510087.473317,22123.461263408,1.3670690059661865,-29.488142013549805,83.2420883178711,5.700235366821289,-49.47209930419922,65.746826171875,-7.874495983123779,-45.54580307006836,60.140079498291016,12.299784660339355,-45.370296478271484,90.8387680053711,,
1780510087.4933057,22123.480406221,-3.3131539821624756,-31.957189559936523,86.7739028930664,10.43408203125,-51.27045822143555,68.85253143310547,-9.485403060913086,-55.13833999633789,54.210758209228516,7.319982051849365,-36.669281005859375,90.66972351074219,,
1780510087.5136907,22123.501260084,-11.519024848937988,-39.07755661010742,83.16291809082031,17.388139724731445,-45.38146209716797,78.52816772460938,-11.20459270477295,-56.04381561279297,57.453163146972656,2.063018560409546,-31.562644958496094,84.473876953125,,
1780510087.5334346,22123.520947148,-14.299449920654297,-47.591670989990234,81.17806243896484,18.220630645751953,-34.87791442871094,86.83126831054688,-8.848485946655273,-49.18869400024414,64.07390594482422,-7.238533020019531,-36.564208984375,77.21258544921875,,
1780510087.553349,22123.540389456,-13.725364685058594,-53.26611328125,74.25415802001953,17.136281967163086,-28.410470962524414,90.8514633178711,-8.469996452331543,-40.3194694519043,70.54573059082031,-12.582058906555176,-41.31684112548828,69.20508575439453,,
1780510087.5733366,22123.560017936,-9.872442245483398,-55.053001403808594,70.47393798828125,17.226240158081055,-23.464397430419922,91.10842895507812,-5.55597448348999,-34.9382438659668,74.19403076171875,-9.98130989074707,-42.96830749511719,66.76695251464844,,
1780510087.5932665,22123.580314053,-5.6410231590271,-54.54047393798828,68.70555877685547,17.120433807373047,-24.501447677612305,87.86178588867188,-1.5003011226654053,-34.72041702270508,75.36275482177734,-5.823360443115234,-43.477195739746094,66.23472595214844,,
1780510087.6135745,22123.601147755,-7.1120429039001465,-56.50804901123047,64.78517150878906,17.46748924255371,-27.684173583984375,87.06180572509766,1.638687014579773,-33.157291412353516,74.55940246582031,-4.283233642578125,-46.073890686035156,62.26106643676758,,
1780510087.6332672,22123.620799649,-11.00419807434082,-56.92974090576172,62.739173889160156,15.960022926330566,-33.1434211730957,88.28559112548828,2.5314295291900635,-31.34481430053711,73.8260498046875,-4.798572540283203,-50.695743560791016,59.68450164794922,,
1780510087.653255,22123.6410665,-12.100826263427734,-53.59557342529297,64.73403930664062,10.930286407470703,-40.81636047363281,86.68452453613281,1.3984240293502808,-31.473896026611328,73.94361877441406,-1.934990644454956,-55.74930191040039,63.7995719909668,,
1780510087.673376,22123.660445524,-13.100184440612793,-50.5949821472168,69.73059844970703,3.9896397590637207,-50.85272216796875,80.9788818359375,2.104408025741577,-36.96796798706055,68.94725799560547,2.726532459259033,-59.14964294433594,71.73050689697266,,
1780510087.693245,22123.686445085,-11.81028938293457,-44.352134704589844,77.1600570678711,-0.487536758184433,-59.857521057128906,72.7472915649414,-0.7131004929542542,-47.04589080810547,59.3423957824707,6.138075828552246,-57.35747528076172,79.75186157226562,,
1780510087.7133868,22123.70067452,-7.035861015319824,-36.634971618652344,82.0071029663086,0.4282108545303345,-58.51940155029297,66.77824401855469,-4.083614826202393,-51.842655181884766,53.96525573730469,11.033889770507812,-53.57801818847656,86.58948516845703,,
1780510087.7334933,22123.721335676,-1.038583755493164,-32.15667724609375,82.097900390625,3.549219846725464,-51.18288803100586,66.3155746459961,-5.921548843383789,-46.27494430541992,59.370487213134766,13.12408447265625,-49.344173431396484,90.12689971923828,,
1780510087.7533078,22123.741021075,1.041304349899292,-29.182804107666016,84.08415985107422,6.352821350097656,-49.74043655395508,65.77751922607422,-7.800147533416748,-47.76243591308594,58.4712028503418,11.4952392578125,-43.412349700927734,91.04610443115234,,
1780510087.7734768,22123.760680589,-6.622771263122559,-34.20586395263672,85.8424301147461,13.196557998657227,-51.1279182434082,71.61968994140625,-10.204778671264648,-56.54188537597656,54.11533737182617,6.362268447875977,-34.007320404052734,88.8952407836914,,
1780510087.7933342,22123.780981593,-13.194771766662598,-41.48128128051758,82.05823516845703,18.12395477294922,-41.562828063964844,81.7777328491211,-10.346969604492188,-54.283851623535156,59.72582244873047,-0.7846314311027527,-32.36638259887695,81.91287994384766,,
1780510087.8133643,22123.800434095,-15.039154052734375,-50.2558708190918,79.13287353515625,17.838178634643555,-32.8531379699707,88.90038299560547,-8.233013153076172,-46.26302719116211,65.93658447265625,-10.06004524230957,-38.47947311401367,74.45349884033203,,
1780510087.8333883,22123.821122686,-13.354462623596191,-54.5432014465332,72.17851257324219,16.847192764282227,-26.590408325195312,91.53457641601562,-7.208998203277588,-38.35735321044922,71.93816375732422,-12.454426765441895,-41.59325408935547,68.06294250488281,,
1780510087.8535273,22123.841053993,-8.784049987792969,-55.32124710083008,69.44999694824219,17.063045501708984,-23.490583419799805,90.41161346435547,-4.180685997009277,-34.5428581237793,74.66888427734375,-8.76290512084961,-42.795780181884766,66.89905548095703,,
1780510087.8734686,22123.861107623,-5.0830397605896,-54.40447998046875,67.32476806640625,16.87474250793457,-24.990934371948242,86.83448791503906,-0.7467888593673706,-34.27653121948242,75.48892974853516,-4.71915340423584,-43.606075286865234,66.04254913330078,,
1780510087.893572,22123.880518612,-7.742253303527832,-56.60176467895508,63.627384185791016,16.933094024658203,-29.23103141784668,87.16120910644531,1.7319707870483398,-32.63801574707031,74.25579833984375,-4.688594341278076,-47.253814697265625,61.6787223815918,,
1780510087.913208,22123.900531223,-11.32206916809082,-55.95964813232422,62.5503044128418,14.44257640838623,-35.37368392944336,87.9793930053711,1.7433193922042847,-31.51180648803711,73.9571762084961,-3.883064031600952,-52.46992874145508,60.81206512451172,,
1780510087.9341524,22123.921169467,-12.037487030029297,-52.36730194091797,66.24694061279297,7.923639297485352,-44.15924072265625,84.6586685180664,1.294348120689392,-33.39739990234375,72.77014923095703,0.7599515914916992,-57.71342468261719,67.43367767333984,,
1780510087.953495,22123.941120779,-12.79159164428711,-48.70935821533203,72.40147399902344,2.29376482963562,-54.77450180053711,78.04247283935547,0.9541234374046326,-41.424476623535156,65.7274398803711,3.905045509338379,-58.96003341674805,74.95903015136719,,
1780510087.9734719,22123.960656093,-10.017513275146484,-41.36391830444336,79.63850402832031,-0.46846485137939453,-60.476470947265625,69.58686065673828,-2.487409830093384,-50.194786071777344,55.95454406738281,7.982964515686035,-55.957130432128906,82.46704864501953,,
1780510087.9935052,22124.005162484,-4.521993637084961,-34.07404327392578,82.14885711669922,1.3476592302322388,-55.72950744628906,66.18219757080078,-5.253681659698486,-50.32314682006836,55.44202423095703,11.921876907348633,-51.957393646240234,88.46299743652344,,
1780510088.0141175,22124.005542418,0.37057629227638245,-31.114116668701172,82.52622985839844,5.24916934967041,-49.31920623779297,66.05289459228516,-6.636518955230713,-44.714637756347656,61.5220832824707,12.90738582611084,-47.663536071777344,90.39382934570312,,
1780510088.0336013,22124.020514322,-0.06941670924425125,-29.79400634765625,85.73515319824219,7.811034202575684,-50.70589065551758,66.00521087646484,-8.49525260925293,-51.6528434753418,56.2708854675293,9.580463409423828,-40.56165313720703,91.23368835449219,,
1780510088.0540552,22124.041643256,-9.297342300415039,-36.60127639770508,84.1640396118164,15.614524841308594,-49.14310836791992,74.59928894042969,-11.03091049194336,-56.85492706298828,55.39963150024414,4.9159722328186035,-32.16860580444336,86.74424743652344,,
1780510088.073499,22124.060935867,-13.618618965148926,-44.4803581237793,81.87278747558594,18.62141990661621,-37.93011474609375,84.2043228149414,-9.546830177307129,-52.16994857788086,62.02080535888672,-3.636216878890991,-33.80154037475586,79.5547103881836,,
1780510088.093416,22124.080994489,-14.43321418762207,-52.16569519042969,76.68071746826172,17.427038192749023,-30.96418571472168,90.02941131591797,-8.24169921875,-43.361549377441406,68.30079650878906,-11.766538619995117,-39.93023681640625,71.62434387207031,,
1780510088.1133542,22124.10032562,-11.921791076660156,-55.48640060424805,70.6011734008789,16.827604293823242,-24.886554718017578,91.57029724121094,-5.98618745803833,-36.67085647583008,73.23677825927734,-10.805869102478027,-41.73651123046875,67.60574340820312,,
1780510088.1332824,22124.12139441,-6.926435470581055,-55.090492248535156,68.91030883789062,17.061769485473633,-24.113727569580078,89.18013000488281,-3.014915704727173,-34.72056198120117,75.10177612304688,-7.3204779624938965,-43.04062271118164,66.40687561035156,,
1780510088.153507,22124.140532696,-5.439144134521484,-55.481788635253906,65.7220458984375,17.01297950744629,-26.26718521118164,86.5084228515625,-0.005493713077157736,-33.650299072265625,75.06160736083984,-3.917227029800415,-44.57244110107422,64.00736236572266,,
1780510088.1733043,22124.160817173,-9.794753074645996,-57.02867126464844,62.94365692138672,16.46417808532715,-31.277374267578125,87.89907836914062,2.3134605884552,-31.947376251220703,73.94245910644531,-4.702506065368652,-48.826778411865234,59.932273864746094,,
1780510088.1932986,22124.181048279,-11.921897888183594,-54.80075454711914,63.07624435424805,13.08901309967041,-37.55735397338867,87.6554946899414,1.6526374816894531,-31.299983978271484,74.18621826171875,-2.947995662689209,-53.67436218261719,61.82029342651367,,
1780510088.213369,22124.201370249,-12.809788703918457,-51.61312484741211,67.31034851074219,6.046504974365234,-46.78620147705078,83.21539306640625,2.134869337081909,-34.40891647338867,71.2945556640625,2.0022366046905518,-58.4674186706543,69.23749542236328,,
1780510088.2333007,22124.221447141,-12.69093132019043,-46.70684051513672,74.43770599365234,1.0683856010437012,-57.470726013183594,75.55111694335938,0.28422605991363525,-43.97190475463867,62.88483428955078,4.752113342285156,-58.465431213378906,76.89424896240234,,
1780510088.2532992,22124.240751198,-8.777057647705078,-38.62097930908203,81.0409927368164,-0.22559292614459991,-60.034854888916016,68.03056335449219,-3.3048884868621826,-51.640281677246094,54.627559661865234,9.491493225097656,-54.9843864440918,84.30536651611328,,
1780510088.2732286,22124.260727972,-2.6956989765167236,-32.8327751159668,82.21371459960938,2.3848817348480225,-53.50498962402344,66.23528289794922,-5.515104293823242,-48.557090759277344,57.0228271484375,12.72956371307373,-50.91447067260742,89.25485229492188,,
1780510088.2933931,22124.280849174,1.1938186883926392,-29.657812118530273,82.8617935180664,5.591878414154053,-49.201332092285156,66.08065795898438,-7.167970180511475,-45.553314208984375,60.55229568481445,12.464618682861328,-45.898738861083984,90.71624755859375,,
1780510088.3133893,22124.301493466,-2.8664064407348633,-31.376502990722656,86.72211456298828,10.260488510131836,-51.36745834350586,68.21654510498047,-9.26002025604248,-55.020660400390625,54.274295806884766,7.565560817718506,-37.40167236328125,90.73748779296875,,
1780510088.3333323,22124.32044244,-11.431220054626465,-38.382286071777344,83.19634246826172,17.16059112548828,-46.24494171142578,77.72171020507812,-11.299883842468262,-56.331642150878906,57.28773880004883,2.422177314758301,-31.739683151245117,84.78632354736328,,
1780510088.3533273,22124.34030596,-14.33651065826416,-47.07796096801758,81.23868560791016,18.164064407348633,-35.28517150878906,86.45695495605469,-8.853185653686523,-49.563053131103516,63.98565673828125,-6.788388252258301,-36.24080276489258,77.48330688476562,,
1780510088.373438,22124.360499,-13.94715690612793,-53.256839752197266,74.40191650390625,17.143239974975586,-28.994754791259766,90.85845947265625,-8.063713073730469,-40.885772705078125,70.23748779296875,-12.582371711730957,-40.99705123901367,69.54714965820312,,
1780510088.3936527,22124.380789781,-10.0333251953125,-55.26252365112305,70.28379821777344,17.199934005737305,-23.81062126159668,91.15176391601562,-5.451542854309082,-35.119293212890625,74.15145874023438,-10.074118614196777,-42.62723922729492,66.7589111328125,,
1780510088.413409,22124.401028793,-5.404857635498047,-54.488616943359375,68.66619110107422,17.04098892211914,-24.570322036743164,87.76759338378906,-1.814707636833191,-34.63481903076172,75.49144744873047,-5.819680690765381,-43.22349548339844,66.39453887939453,,
1780510088.4335887,22124.421158189,-6.063410758972168,-55.93246841430664,64.92533874511719,17.27488136291504,-27.642648696899414,86.71855163574219,1.1915796995162964,-33.229339599609375,74.90403747558594,-4.097987174987793,-45.83557891845703,62.952781677246094,,
1780510088.4534776,22124.441491202,-10.41440486907959,-56.73529052734375,62.8089714050293,15.896615982055664,-33.18273162841797,87.99339294433594,2.2361326217651367,-31.458105087280273,73.80985260009766,-4.68185567855835,-50.63562774658203,59.846920013427734,,
1780510088.4732475,22124.46045293,-11.696200370788574,-53.523563385009766,64.76624298095703,11.055468559265137,-40.751495361328125,86.40851593017578,1.1698112487792969,-31.74066734313965,73.85645294189453,-1.6121344566345215,-55.70625305175781,64.05315399169922,,
1780510088.4934404,22124.480604195,-12.791339874267578,-50.470970153808594,69.73482513427734,4.344614028930664,-50.665470123291016,80.91365814208984,2.0753591060638428,-37.145416259765625,69.0208740234375,2.8006298542022705,-59.059486389160156,71.92921447753906,,
1780510088.5133896,22124.500844802,-11.50361156463623,-44.368385314941406,77.05524444580078,0.14817193150520325,-59.46867752075195,72.5459976196289,-0.5929890275001526,-47.16744613647461,59.24723434448242,6.2605743408203125,-57.225826263427734,79.8038558959961,,
1780510088.5333552,22124.521383799,-6.968379020690918,-36.52824401855469,81.98172760009766,0.7625098824501038,-58.47553253173828,66.63126373291016,-4.108458042144775,-51.96016311645508,53.86408233642578,11.029722213745117,-53.562435150146484,86.50657653808594,,
1780510088.5534644,22124.540922572,-1.0166537761688232,-32.09368133544922,82.16339874267578,3.897148847579956,-51.15836715698242,66.1904296875,-6.040251731872559,-46.1149787902832,59.56448745727539,13.083209037780762,-49.346553802490234,90.06828308105469,,
1780510088.573314,22124.560418617,0.930103600025177,-29.230127334594727,84.1859130859375,6.763996124267578,-49.90678787231445,65.4088363647461,-8.131134986877441,-47.681236267089844,58.48003387451172,11.23963737487793,-43.371158599853516,90.96581268310547,,
1780510088.5934157,22124.580424951,-6.579990386962891,-34.346439361572266,85.78606414794922,13.47534465789795,-51.13495635986328,71.33438873291016,-10.085296630859375,-56.45661544799805,54.006813049316406,6.243867874145508,-33.8754768371582,88.8138656616211,,
1780510088.6133807,22124.600371973,-12.932465553283691,-41.558799743652344,82.15387725830078,18.553699493408203,-41.634437561035156,81.33488464355469,-10.307279586791992,-54.32231140136719,59.484519958496094,-0.9510893225669861,-32.00776290893555,81.8179931640625,,
1780510088.6336055,22124.620902042,-14.751261711120605,-50.306034088134766,79.14057159423828,18.016632080078125,-32.76226806640625,88.53407287597656,-8.119104385375977,-46.26359558105469,65.84227752685547,-9.913159370422363,-38.051143646240234,74.52293395996094,,
1780510088.653517,22124.640890647,-13.17973804473877,-54.84395980834961,72.06166076660156,16.85811424255371,-26.71804428100586,91.31897735595703,-6.891479015350342,-38.53187561035156,71.87418365478516,-12.134695053100586,-41.175636291503906,68.17196655273438,,
1780510088.6734223,22124.660571748,-8.476826667785645,-55.406005859375,69.3026123046875,17.01820945739746,-23.505077362060547,90.20872497558594,-4.1531782150268555,-34.58440017700195,74.68157196044922,-8.566328048706055,-42.47324752807617,67.03326416015625,,
1780510088.693381,22124.680431038,-4.494871139526367,-54.153221130371094,67.24531555175781,16.70599937438965,-25.01290512084961,86.647705078125,-0.9694917798042297,-34.226783752441406,75.6015396118164,-4.625766277313232,-43.44095230102539,66.36115264892578,,
1780510088.713329,22124.700444869,-7.0600786209106445,-56.36843490600586,63.663631439208984,16.8497257232666,-29.21607780456543,86.95108795166016,1.435752511024475,-32.51653289794922,74.24927520751953,-4.769022464752197,-47.2618408203125,61.906253814697266,,
1780510088.733478,22124.721044809,-11.080415725708008,-55.729331970214844,62.55210876464844,14.342123031616211,-35.4531364440918,87.92467498779297,1.708225131034851,-31.62631607055664,74.04082489013672,-3.7157185077667236,-52.20816421508789,61.18099594116211,,
1780510088.753332,22124.741199821,-11.89302921295166,-52.29409408569336,66.14453125,8.007843971252441,-43.98307418823242,84.65672302246094,1.653646469116211,-33.50986862182617,72.89537048339844,0.814378559589386,-57.33770751953125,67.61940002441406,,
1780510088.7733285,22124.760728326,-12.698741912841797,-48.480743408203125,72.45472717285156,2.286616325378418,-54.713375091552734,77.99799346923828,1.1166244745254517,-41.35745620727539,65.82535552978516,3.9220986366271973,-58.84194564819336,75.0592041015625,,
1780510088.7933035,22124.780324737,-9.909977912902832,-41.16472244262695,79.728271484375,-0.7280735969543457,-60.6265754699707,69.76641845703125,-2.4440815448760986,-49.9638557434082,56.17668533325195,8.091523170471191,-55.86775588989258,82.48764038085938,,
1780510088.8133514,22124.800416637,-4.471571922302246,-34.143341064453125,82.19352722167969,1.3558685779571533,-55.85977554321289,66.29552459716797,-5.223866939544678,-50.303436279296875,55.36667251586914,12.093299865722656,-52.07126998901367,88.3957748413086,,
1780510088.8333664,22124.820456282,0.5877941250801086,-31.11631965637207,82.51876068115234,4.784379959106445,-49.492183685302734,66.53556060791016,-6.313426494598389,-45.11842727661133,61.03212356567383,13.220244407653809,-47.85974884033203,90.3578109741211,,
1780510088.8534064,22124.840834734,-0.2334957867860794,-29.89145851135254,85.968994140625,7.9745941162109375,-51.12116622924805,66.21267700195312,-8.642723083496094,-52.01648712158203,55.69571304321289,9.606213569641113,-40.52766036987305,91.10694885253906,,
1780510088.8736115,22124.861364152,-9.482095718383789,-36.3653678894043,84.28517150878906,15.474660873413086,-49.288719177246094,74.76091003417969,-11.318439483642578,-56.909305572509766,55.475181579589844,4.853914737701416,-32.36838150024414,86.84175872802734,,
1780510088.8935304,22124.880618979,-13.714566230773926,-44.442413330078125,82.09503173828125,18.30376625061035,-37.9803352355957,84.41964721679688,-9.554370880126953,-52.02084732055664,62.135189056396484,-3.7529969215393066,-34.155250549316406,79.6680679321289,,
1780510088.9134564,22124.900427703,-14.194367408752441,-52.06465148925781,77.02306365966797,17.67913055419922,-31.0861873626709,89.93888092041016,-8.746919631958008,-43.395469665527344,67.99137878417969,-12.154047966003418,-39.9679069519043,71.49678802490234,,
1780510088.9333155,22124.920537599,-11.912287712097168,-55.328636169433594,70.94264221191406,16.985000610351562,-24.618419647216797,91.60134887695312,-6.326791286468506,-36.413509368896484,73.08753967285156,-11.15489673614502,-42.15803909301758,67.15550994873047,,
1780510088.9533553,22124.940446858,-6.961745262145996,-55.08338928222656,68.94047546386719,17.21265411376953,-23.892169952392578,89.21460723876953,-3.079432487487793,-34.80000686645508,75.1471939086914,-7.325823783874512,-43.14794158935547,66.48934173583984,,
1780510088.9732764,22124.960473432,-5.037280559539795,-55.2017936706543,65.91515350341797,17.104373931884766,-25.982505798339844,86.42117309570312,-0.011273547075688839,-33.67837905883789,75.1706314086914,-3.985797882080078,-44.65814208984375,64.3255844116211,,
1780510088.9933724,22124.980776466,-9.41295051574707,-56.925506591796875,63.0013313293457,16.582822799682617,-31.035268783569336,87.69549560546875,2.1571924686431885,-31.947965621948242,73.88943481445312,-4.773482799530029,-48.95665740966797,60.14125061035156,,
1780510089.0133498,22125.000869899,-11.725451469421387,-54.67457962036133,63.146785736083984,13.202040672302246,-37.515357971191406,87.50241088867188,1.4458245038986206,-31.368011474609375,74.0355224609375,-3.0163679122924805,-53.897769927978516,62.0264778137207,,
1780510089.0333595,22125.020670041,-12.692825317382812,-51.48363494873047,67.36161041259766,6.089717388153076,-46.819095611572266,83.05484771728516,1.9966762065887451,-34.597412109375,71.13805389404297,2.000784397125244,-58.61582946777344,69.48328399658203,,
1780510089.0533445,22125.041396078,-12.497021675109863,-46.66655349731445,74.43672943115234,1.1685360670089722,-57.44280242919922,75.30650329589844,0.17257998883724213,-44.26859664916992,62.5727653503418,4.804062843322754,-58.39157485961914,77.20230102539062,,
1780510089.073352,22125.061090907,-8.703971862792969,-38.54112243652344,81.01985168457031,-0.031271275132894516,-59.9171257019043,67.90377807617188,-3.444760322570801,-51.889549255371094,54.41150665283203,9.538902282714844,-54.973392486572266,84.54594421386719,,
1780510089.0933163,22125.081116529,-2.7687692642211914,-32.81124496459961,82.1352767944336,2.636852502822876,-53.356231689453125,66.19921875,-5.654483795166016,-48.36811447143555,57.18008804321289,12.664773941040039,-50.900489807128906,89.29364776611328,,
1780510089.1133041,22125.100779023,1.1169943809509277,-29.655797958374023,82.8508071899414,5.853781223297119,-49.20914840698242,65.89614868164062,-7.456748962402344,-45.4080810546875,60.662193298339844,12.286515235900879,-45.86469650268555,90.72885131835938,,
1780510089.133398,22125.120148301,-3.037360429763794,-31.57074546813965,86.6332778930664,10.453826904296875,-51.47161865234375,68.23454284667969,-9.41104793548584,-55.06723403930664,54.20687484741211,7.3262224197387695,-37.229801177978516,90.71363830566406,,
1780510089.1532915,22125.143336023,-11.512825012207031,-38.62834930419922,83.00493621826172,17.422119140625,-46.021095275878906,77.90194702148438,-11.241474151611328,-56.25452423095703,57.29249572753906,2.2249503135681152,-31.58062171936035,84.60671997070312,,
1780510089.1733,22125.160159371,-14.382669448852539,-47.26981735229492,81.02201080322266,18.243467330932617,-35.082191467285156,86.54936218261719,-8.728626251220703,-49.3919792175293,64.05345153808594,-6.900420665740967,-36.19086837768555,77.46640014648438,,
1780510089.1933408,22125.180244316,-14.03594970703125,-53.44585418701172,74.03636932373047,17.032032012939453,-28.907079696655273,90.88929748535156,-7.580393314361572,-40.82206726074219,70.31367492675781,-12.43483829498291,-40.85605239868164,69.5966796875,,
1780510089.213652,22125.202114081,-9.983121871948242,-55.090274810791016,69.97662353515625,17.086336135864258,-23.795251846313477,91.14318084716797,-5.124043941497803,-35.08769226074219,74.2127456665039,-9.886287689208984,-42.38308334350586,67.30670928955078,,
1780510089.2334037,22125.220619501,-5.325078964233398,-54.12916946411133,68.30743408203125,16.87032699584961,-24.64075469970703,87.78882598876953,-1.8284339904785156,-34.665863037109375,75.57295989990234,-5.851268291473389,-43.13719177246094,66.9831771850586,,
1780510089.2533233,22125.24040856,-5.96240234375,-55.72483825683594,64.66532135009766,17.130107879638672,-27.699527740478516,86.73670959472656,1.0029346942901611,-33.12412643432617,74.89229583740234,-4.438180923461914,-45.94284439086914,63.28883743286133,,
1780510089.2734096,22125.260333395,-10.490766525268555,-56.469757080078125,62.725948333740234,15.680978775024414,-33.40685272216797,87.9345703125,2.0186831951141357,-31.451398849487305,73.74177551269531,-4.840595245361328,-50.86220932006836,60.17931365966797,,
1780510089.2934544,22125.280709771,-11.784663200378418,-53.238807678222656,64.93560791015625,10.68813419342041,-41.13591766357422,86.22828674316406,1.1540569067001343,-31.898815155029297,73.76057434082031,-1.5675777196884155,-55.8710823059082,64.58941650390625,,
1780510089.3132806,22125.300159313,-12.840533256530762,-50.22058868408203,69.98334503173828,4.029520511627197,-51.07643127441406,80.68547821044922,2.102046251296997,-37.42110824584961,68.8053970336914,2.783393144607544,-59.03768539428711,72.30619812011719,,
1780510089.3335793,22125.320775278,-11.388337135314941,-43.97701644897461,77.45942687988281,-0.24220310151576996,-59.866729736328125,72.2713851928711,-0.8723559975624084,-47.15861892700195,59.037071228027344,6.298032760620117,-57.03739929199219,80.12804412841797,,
1780510089.353502,22125.34103914,-6.697437286376953,-36.25481414794922,82.01582336425781,0.5013867616653442,-58.473854064941406,66.53857421875,-4.5014543533325195,-51.533851623535156,54.088470458984375,11.03059196472168,-53.36209487915039,86.83316040039062,,
1780510089.3734527,22125.360578732,-0.8387354612350464,-32.17715072631836,82.21226501464844,3.8729939460754395,-51.02021789550781,66.19770050048828,-5.741644382476807,-46.08800506591797,59.5784912109375,13.323471069335938,-49.14361572265625,89.98526763916016,,
1780510089.3939753,22125.381029538,1.130667805671692,-29.316987991333008,84.1911392211914,6.559601783752441,-49.660606384277344,65.58294677734375,-7.522437572479248,-48.03413009643555,58.39902114868164,11.598114967346191,-43.11346435546875,91.01299285888672,,
1780510089.4139557,22125.401537305,-6.806022644042969,-34.361629486083984,85.66626739501953,13.641301155090332,-51.04799270629883,71.47940063476562,-10.136475563049316,-56.620140075683594,54.18600082397461,6.29910945892334,-33.7757682800293,88.64085388183594,,
1780510089.4340916,22125.421695727,-13.13065242767334,-41.67693328857422,82.22470092773438,18.280332565307617,-41.28011703491211,81.6583023071289,-10.172625541687012,-54.070091247558594,59.97123336791992,-1.102761149406433,-32.41148376464844,81.7352294921875,,
1780510089.454107,22125.442092479,-14.618062973022461,-50.2347412109375,79.3586654663086,18.02886962890625,-32.8369255065918,88.63622283935547,-8.366619110107422,-46.1346549987793,65.96456146240234,-10.427667617797852,-38.516845703125,74.19715881347656,,
1780510089.4738715,22125.461245763,-12.956124305725098,-54.477108001708984,72.48658752441406,17.020278930664062,-26.435691833496094,91.24882507324219,-7.65956974029541,-38.11302185058594,71.82481384277344,-12.703726768493652,-41.7083854675293,67.6346664428711,,
1780510089.4934828,22125.480564507,-8.607649803161621,-55.33353042602539,69.78977966308594,17.1382999420166,-23.294157028198242,90.1453628540039,-4.359707832336426,-34.447052001953125,74.59242248535156,-8.793843269348145,-42.8023796081543,66.64179229736328,,
1780510089.5134401,22125.500380017,-4.949282646179199,-54.41204071044922,67.65523529052734,16.973018646240234,-24.881427764892578,86.6792984008789,-0.6263471841812134,-34.36264419555664,75.4346694946289,-4.72124719619751,-43.56584930419922,65.9919662475586,,
1780510089.5335684,22125.520436182,-7.5254716873168945,-56.730987548828125,64.0895767211914,17.195758819580078,-29.06068229675293,86.97239685058594,1.9684727191925049,-32.57766342163086,74.18578338623047,-4.73281717300415,-47.22038269042969,61.46208572387695,,
1780510089.5539532,22125.540953332,-11.053046226501465,-55.98802947998047,62.955421447753906,14.727416038513184,-35.339786529541016,87.85110473632812,1.9404507875442505,-31.314287185668945,73.83779907226562,-4.112624168395996,-52.42677307128906,60.62910461425781,,
1780510089.5734048,22125.561854047,-11.75701904296875,-52.48163986206055,66.24868774414062,8.449012756347656,-43.87542724609375,84.84994506835938,1.4450234174728394,-32.91912841796875,72.87196350097656,0.2376708984375,-57.47211456298828,66.9521713256836,,
1780510089.5934224,22125.58038807,-12.693313598632812,-48.912986755371094,72.16127014160156,2.564762830734253,-54.539710998535156,78.24005889892578,1.156451940536499,-40.71985626220703,66.01832580566406,3.6160950660705566,-58.97798538208008,74.67342376708984,,
1780510089.613931,22125.601944944,-10.200543403625488,-41.64242172241211,79.45719909667969,-0.5574226379394531,-60.56953048706055,69.89469909667969,-2.269155263900757,-49.88078308105469,56.36368942260742,7.777953147888184,-56.11204528808594,82.33765411376953,,
1780510089.633588,22125.621403514,-4.987919330596924,-34.54816818237305,82.29642486572266,1.5111815929412842,-56.27939987182617,65.93067932128906,-5.258327960968018,-50.558773040771484,54.96327209472656,11.832286834716797,-52.10612487792969,88.2867660522461,,
1780510089.6537971,22125.642158694,0.18848729133605957,-31.4580078125,82.43575286865234,5.273344039916992,-49.526363372802734,66.03084564208984,-6.440205097198486,-44.69967269897461,61.3639030456543,13.07507610321045,-47.79161071777344,90.39656829833984,,
1780510089.6751237,22125.662642535,0.11921785771846771,-29.71053695678711,85.45606231689453,7.862005233764648,-50.663307189941406,65.886962890625,-8.54117488861084,-50.86011505126953,56.65177536010742,9.800602912902832,-40.93159103393555,91.19131469726562,,
1780510089.6937258,22125.680813558,-9.111234664916992,-36.29237365722656,84.27188873291016,15.540068626403809,-49.65226364135742,74.22899627685547,-11.295801162719727,-56.75657272338867,55.27903366088867,5.061224937438965,-32.40972900390625,86.98196411132812,,
1780510089.7136555,22125.70075696,-13.575358390808105,-44.01776123046875,81.89958953857422,18.678760528564453,-38.577693939208984,83.94904327392578,-9.579222679138184,-52.27455139160156,61.731468200683594,-3.622868061065674,-33.84733963012695,79.87727355957031,,
1780510089.7336037,22125.720890378,-14.51529598236084,-51.63164520263672,77.1058578491211,17.696104049682617,-31.407991409301758,89.93707275390625,-8.167839050292969,-43.72861099243164,67.86631774902344,-11.91942024230957,-40.12799835205078,71.82598114013672,,
1780510089.7535503,22125.740776414,-12.21467399597168,-55.08348083496094,70.7540054321289,17.12704849243164,-25.006290435791016,91.76216888427734,-6.1862101554870605,-36.70608901977539,72.90882873535156,-11.599166870117188,-42.097835540771484,67.54209899902344,,
1780510089.7735522,22125.760949898,-7.434661865234375,-54.925743103027344,68.45825958251953,17.17970085144043,-23.749582290649414,89.61225891113281,-3.102213144302368,-34.69521713256836,75.0849609375,-7.759013652801514,-43.00223159790039,67.10618591308594,,
1780510089.793573,22125.780437401,-5.100063323974609,-54.954437255859375,65.75839233398438,17.100109100341797,-25.70672607421875,86.65123748779297,-0.09730692952871323,-33.58839797973633,75.24229431152344,-4.553904056549072,-44.65226364135742,64.84075927734375,,
1780510089.8134592,22125.801008359,-9.085729598999023,-56.830509185791016,62.88966369628906,16.798280715942383,-30.554813385009766,87.59397888183594,2.0564475059509277,-31.864208221435547,73.98189544677734,-5.1757330894470215,-48.915496826171875,60.72323989868164,,
1780510089.8333805,22125.820430746,-11.595063209533691,-54.70672607421875,63.228797912597656,13.31183910369873,-37.3850212097168,87.42183685302734,1.519616961479187,-31.31015968322754,73.91504669189453,-3.3181159496307373,-54.15141677856445,62.19237518310547,,
1780510089.853492,22125.840985987,-12.524615287780762,-51.438331604003906,67.47216796875,6.092160224914551,-46.878658294677734,83.0074462890625,2.042154312133789,-34.512672424316406,70.9802017211914,1.8628015518188477,-58.74338912963867,69.80497741699219,,
1780510089.8735154,22125.861367736,-12.436269760131836,-46.65178680419922,74.52642822265625,1.092751383781433,-57.64729309082031,75.32095336914062,0.01608925685286522,-44.03315353393555,62.54861831665039,4.685175895690918,-58.3928108215332,77.51827239990234,,
1780510089.8934424,22125.881198393,-8.663043975830078,-38.53648376464844,81.03907012939453,-0.19820387661457062,-60.0844612121582,67.91835021972656,-3.7222182750701904,-51.79591369628906,54.53791809082031,9.38929271697998,-54.95989227294922,84.87195587158203,,
1780510089.9134629,22125.9005665,-2.659167528152466,-32.852481842041016,82.1349868774414,2.363154411315918,-53.45391082763672,66.10128784179688,-6.179157733917236,-48.244712829589844,57.52050018310547,12.602754592895508,-50.906776428222656,89.83922576904297,,
1780510089.9335887,22125.920884521,1.124803066253662,-29.80282211303711,82.86177062988281,5.643193244934082,-49.101661682128906,66.02020263671875,-7.217071533203125,-45.780418395996094,60.50457000732422,12.486655235290527,-45.7945556640625,91.01530456542969,,
1780510089.9535031,22125.940486952,-2.9537651538848877,-31.42804718017578,86.59717559814453,10.46340274810791,-51.26823806762695,68.1650161743164,-9.226231575012207,-55.25138473510742,54.060367584228516,7.644510746002197,-37.27691650390625,90.95624542236328,,
1780510089.973417,22125.96248413,-11.512741088867188,-38.37809371948242,83.15074157714844,17.208040237426758,-46.024681091308594,77.7680892944336,-11.34594440460205,-56.33188247680664,57.491912841796875,2.243638277053833,-31.758056640625,84.94273376464844,,
1780510089.9934015,22125.98041207,-14.231898307800293,-47.04631042480469,81.47323608398438,18.151775360107422,-35.1250114440918,86.4578628540039,-8.981611251831055,-49.52158737182617,64.18368530273438,-7.145726680755615,-36.38257598876953,77.70855712890625,,
1780510090.0134747,22126.000379833,-13.890482902526855,-53.01313781738281,74.48541259765625,17.296432495117188,-28.76726531982422,90.82215881347656,-8.27759838104248,-40.8272819519043,70.22666931152344,-13.014665603637695,-41.25776290893555,69.60332489013672,,
1780510090.033494,22126.020962721,-10.257993698120117,-55.057777404785156,70.34671020507812,17.260623931884766,-23.526763916015625,91.29805755615234,-5.278035640716553,-35.03054428100586,74.06816864013672,-10.35653305053711,-42.877159118652344,66.9087142944336,,
1780510090.053544,22126.041335036,-5.825497150421143,-54.44966506958008,68.71070098876953,17.21027946472168,-24.379058837890625,88.02240753173828,-1.4787511825561523,-34.64162063598633,75.43173217773438,-6.289082050323486,-43.4988899230957,66.55653381347656,,
1780510090.0734959,22126.060949947,-6.857356071472168,-56.0784797668457,64.88288116455078,17.488971710205078,-27.525611877441406,86.9958267211914,1.7610106468200684,-33.22675323486328,74.76824951171875,-4.5928192138671875,-46.04660415649414,62.95710754394531,,
1780510090.0934284,22126.081065596,-10.869519233703613,-56.850738525390625,62.901405334472656,16.037799835205078,-33.11613464355469,88.07789611816406,2.7472541332244873,-31.291873931884766,73.74242401123047,-5.203122615814209,-50.71345901489258,59.95476150512695,,
1780510090.113396,22126.10116294,-11.80308723449707,-53.55585479736328,64.7379379272461,10.807733535766602,-40.89784622192383,86.39157104492188,1.5626872777938843,-31.45389747619629,73.75597381591797,-2.086773633956909,-55.6584358215332,64.44606018066406,,
1780510090.1333873,22126.120563576,-12.777064323425293,-50.3150634765625,70.13916778564453,3.8890316486358643,-51.318748474121094,80.64374542236328,2.1571531295776367,-37.125431060791016,68.72074127197266,2.4508137702941895,-59.03056716918945,72.56598663330078,,
1780510090.153432,22126.140468414,-11.517141342163086,-44.012535095214844,77.50016784667969,-0.5092793703079224,-60.06026077270508,72.2784194946289,-0.9410675168037415,-47.29370880126953,59.024478912353516,6.07576322555542,-57.078155517578125,80.45050811767578,,
1780510090.1734962,22126.160883421,-6.838462829589844,-36.33613967895508,81.90580749511719,0.5678472518920898,-58.33102798461914,66.65076446533203,-4.205710411071777,-51.89439392089844,53.95567321777344,10.99985408782959,-53.40315246582031,87.04744720458984,,
1780510090.1934636,22126.180610562,-0.997111976146698,-32.23448944091797,82.00334167480469,3.853604793548584,-50.92302322387695,66.3992919921875,-5.980238914489746,-45.99806594848633,59.89130783081055,13.109403610229492,-49.24842834472656,90.38119506835938,,
1780510090.2134404,22126.200590122,0.7933958172798157,-29.44194221496582,84.17420196533203,6.781979084014893,-49.80183029174805,65.63551330566406,-7.976620197296143,-47.95083236694336,58.42298126220703,11.227336883544922,-43.14155960083008,91.13591766357422,,
1780510090.233631,22126.221375072,-6.946575164794922,-34.478755950927734,85.55349731445312,13.550042152404785,-51.13557434082031,71.91038513183594,-10.443739891052246,-56.54458999633789,54.26439666748047,6.146185874938965,-33.81308364868164,88.8277359008789,,
1780510090.253441,22126.240726093,-13.145451545715332,-41.70380401611328,82.01171875,18.38154411315918,-41.30533981323242,81.98619079589844,-10.28503704071045,-54.09593200683594,59.96826934814453,-1.3290547132492065,-32.38600158691406,81.72673797607422,,
1780510090.2734172,22126.260568508,-14.865900039672852,-50.24464416503906,78.86034393310547,17.865795135498047,-32.75339126586914,88.92691802978516,-8.121601104736328,-45.958892822265625,66.09322357177734,-10.416226387023926,-38.4901237487793,74.33679962158203,,
1780510090.293568,22126.280821377,-13.175878524780273,-54.57176971435547,71.92562103271484,16.956174850463867,-26.510377883911133,91.53652954101562,-6.851089000701904,-38.24713134765625,71.9465103149414,-12.537501335144043,-41.55866622924805,68.12100982666016,,
1780510090.313697,22126.30232376,-8.642559051513672,-55.30941390991211,69.1739273071289,17.17336654663086,-23.40465545654297,90.31523895263672,-3.867117404937744,-34.51089096069336,74.70252227783203,-8.867392539978027,-42.73027038574219,67.0743179321289,,
1780510090.3335688,22126.32104351,-4.984769821166992,-54.30223083496094,67.01314544677734,16.970861434936523,-24.876371383666992,86.77141571044922,-0.5105336904525757,-34.122920989990234,75.57013702392578,-4.823619842529297,-43.65381622314453,66.33297729492188,,
1780510090.3536267,22126.341092839,-7.848903179168701,-56.66191101074219,63.42703628540039,17.08636474609375,-29.183530807495117,87.17945861816406,1.9754518270492554,-32.422645568847656,74.25874328613281,-5.049283027648926,-47.47515869140625,61.83201217651367,,
1780510090.3734713,22126.360491002,-11.326560020446777,-55.78959655761719,62.64579772949219,14.42178726196289,-35.540409088134766,87.75253295898438,1.8610737323760986,-31.389657974243164,73.86445617675781,-3.948622941970825,-52.73106384277344,61.31199645996094,,
1780510090.3934884,22126.38080478,-11.92602825164795,-52.29996109008789,66.2801742553711,7.7274017333984375,-44.46345138549805,84.30779266357422,1.7664203643798828,-33.18389129638672,72.30268859863281,0.6099861860275269,-57.68925857543945,67.9742431640625,,
1780510090.4135401,22126.400905305,-12.66954517364502,-48.27788162231445,72.70484924316406,2.0873913764953613,-55.29204177856445,77.46476745605469,1.048326015472412,-41.589202880859375,65.13799285888672,3.7783803939819336,-58.71992874145508,75.76341247558594,,
1780510090.4334152,22126.423886811,-9.86020565032959,-40.6816520690918,79.90234375,-0.4413491189479828,-60.41163635253906,69.24043273925781,-2.698376417160034,-50.56639099121094,55.89641571044922,8.021605491638184,-55.73383712768555,83.17481231689453,,
1780510090.4534302,22126.440848044,-4.348982810974121,-33.733089447021484,82.05541229248047,1.4946072101593018,-55.409908294677734,66.29933166503906,-5.548695087432861,-50.10445022583008,55.8885498046875,11.859903335571289,-51.93077850341797,88.95750427246094,,
1780510090.4734888,22126.460632641,0.39321666955947876,-30.8354434967041,82.49327850341797,5.249450206756592,-49.3707389831543,66.05216979980469,-7.054693698883057,-44.88512420654297,61.541229248046875,12.650704383850098,-47.495845794677734,90.83907318115234,,
1780510090.4937346,22126.480501144,-0.5548640489578247,-29.747116088867188,85.83980560302734,8.086417198181152,-51.041038513183594,66.33141326904297,-8.981953620910645,-52.49496841430664,55.79908752441406,9.024519920349121,-40.217987060546875,91.5877914428711,,
1780510090.5148041,22126.501690907,-9.658266067504883,-36.64151382446289,83.92239379882812,15.742602348327637,-48.82423782348633,75.24547576904297,-11.311049461364746,-56.885772705078125,55.72123336791992,4.515665054321289,-32.10183334350586,86.80282592773438,,
1780510090.5337446,22126.52087882,-13.7840576171875,-44.598262786865234,81.90061950683594,18.253820419311523,-37.655426025390625,84.70175170898438,-9.32303237915039,-51.7586669921875,62.548954010009766,-4.2818379402160645,-34.38779830932617,79.69697570800781,,
1780510090.5535362,22126.540940556,-14.294255256652832,-51.679141998291016,76.54855346679688,17.47601318359375,-30.959003448486328,90.07450866699219,-8.752622604370117,-43.1949577331543,68.53492736816406,-12.322983741760254,-40.21120834350586,71.69486999511719,,
1780510090.5735044,22126.56132894,-12.03898811340332,-54.906951904296875,70.60931396484375,16.929338455200195,-24.513120651245117,91.68124389648438,-6.049274921417236,-36.444766998291016,73.27790832519531,-11.163172721862793,-42.18864059448242,67.65582275390625,,
1780510090.5934668,22126.580892351,-7.279883861541748,-54.91878890991211,68.61946105957031,17.13730239868164,-23.909223556518555,89.3585205078125,-2.6252450942993164,-34.718963623046875,75.08305358886719,-7.516195297241211,-43.16859436035156,66.82392883300781,,
1780510090.6137056,22126.601062617,-5.859677314758301,-55.401329040527344,65.38336944580078,17.158065795898438,-26.04082489013672,86.78841400146484,0.5976364016532898,-33.486427307128906,75.06669616699219,-4.276370525360107,-44.74030303955078,64.46991729736328,,
1780510090.6334906,22126.62102376,-10.205015182495117,-56.87397766113281,62.757991790771484,16.486221313476562,-31.30267333984375,87.94326782226562,2.700345516204834,-31.819766998291016,73.92803192138672,-5.100032329559326,-49.15092468261719,60.4243049621582,,
1780510090.6535983,22126.641093404,-12.004972457885742,-54.45564651489258,63.04515838623047,12.701412200927734,-37.90874481201172,87.35807800292969,1.7984472513198853,-31.312192916870117,73.98592376708984,-3.0826852321624756,-53.91830062866211,62.91098403930664,,
1780510090.673601,22126.661444247,-12.748907089233398,-51.246917724609375,67.68936157226562,5.317728519439697,-47.63655090332031,82.5226821899414,2.410773754119873,-34.859825134277344,70.49806213378906,2.0496466159820557,-58.51219177246094,70.6365966796875,,
1780510090.6936707,22126.681142619,-12.3691987991333,-45.74929428100586,75.01665496826172,0.3331299424171448,-58.15611267089844,74.6991195678711,0.10423925518989563,-44.86195373535156,61.72834396362305,4.899653434753418,-57.937538146972656,78.4134292602539,,
1780510090.713627,22126.700862518,-8.352673530578613,-37.96281051635742,81.14483642578125,-0.11024672538042068,-59.63839340209961,67.6827392578125,-3.556440591812134,-52.055206298828125,54.14588165283203,9.712376594543457,-54.51701354980469,85.36288452148438,,
1780510090.733477,22126.720586538,-2.295562505722046,-32.58305358886719,81.91486358642578,2.62719988822937,-52.70073318481445,66.49794006347656,-5.571265697479248,-48.03858947753906,57.89079666137695,12.737405776977539,-50.558082580566406,89.78185272216797,,
1780510090.7532535,22126.740401371,1.043587565422058,-29.467004776000977,82.87704467773438,5.759105682373047,-49.150184631347656,66.2710952758789,-7.301032543182373,-46.08230972290039,60.45333480834961,11.97990894317627,-45.37761306762695,90.9356918334961,,
1780510090.7735758,22126.761580696,-4.026357173919678,-32.068321228027344,86.3696060180664,10.891617774963379,-51.459903717041016,69.36994934082031,-9.535466194152832,-55.70699691772461,54.00593566894531,6.942185401916504,-36.52592086791992,90.4856948852539,,
1780510090.7934952,22126.781939603,-12.151097297668457,-39.15673828125,82.49744415283203,17.412355422973633,-45.080169677734375,79.14920806884766,-11.017193794250488,-55.944984436035156,57.94084930419922,1.3934545516967773,-31.817956924438477,84.13597869873047,,
1780510090.813412,22126.800994003,-14.653929710388184,-47.92331314086914,80.6015625,17.93187713623047,-34.55954360961914,87.29976654052734,-8.455814361572266,-48.73625183105469,64.69810485839844,-7.740167617797852,-36.62497329711914,77.05127716064453,,
1780510090.833571,22126.820852221,-14.118393898010254,-53.23142623901367,73.48430633544922,16.866283416748047,-28.373050689697266,91.08011627197266,-7.4969353675842285,-40.23686599731445,70.82906341552734,-12.709632873535156,-41.024532318115234,69.58421325683594,,
1780510090.853442,22126.840509666,-10.194664001464844,-54.19270706176758,69.96166229248047,16.856164932250977,-23.69040870666504,91.03501892089844,-4.47011661529541,-35.20216369628906,74.44023132324219,-9.660284996032715,-42.21916961669922,68.26209259033203,,
1780510090.8734977,22126.860807716,-5.883366107940674,-52.59619903564453,68.5760726928711,16.536846160888672,-25.014602661132812,87.51392364501953,-0.7470977306365967,-35.30195617675781,75.88867950439453,-5.589526176452637,-42.796966552734375,68.4177474975586,,
1780510090.8932889,22126.880735656,-7.381071090698242,-53.587242126464844,65.25929260253906,16.52434730529785,-28.351652145385742,86.5370101928711,2.527653694152832,-34.09836959838867,75.3239974975586,-4.408121109008789,-45.65776062011719,65.39432525634766,,
1780510090.9133353,22126.90109668,-10.930500984191895,-52.697967529296875,64.61920166015625,13.944210052490234,-34.445594787597656,86.64019775390625,3.479572057723999,-32.78323745727539,74.82748413085938,-3.86816143989563,-50.36222839355469,64.40956115722656,,
1780510090.9333816,22126.920574224,-10.948758125305176,-47.75434875488281,69.36682891845703,6.893023490905762,-43.299903869628906,82.5375747680664,3.4438159465789795,-33.66025161743164,74.40955352783203,0.957950234413147,-55.71782684326172,71.98677825927734,,
1780510090.9532456,22126.940177222,-12.067410469055176,-42.626792907714844,74.93071746826172,1.7581931352615356,-51.138004302978516,77.08775329589844,3.9427831172943115,-38.851070404052734,69.9406509399414,2.7166662216186523,-56.168304443359375,78.48936462402344,,
1780510090.973379,22126.960546962,-9.675302505493164,-36.53715896606445,78.71792602539062,0.5692926645278931,-52.41018295288086,71.93024444580078,1.8375413417816162,-45.52489471435547,64.87431335449219,5.664410591125488,-54.51221466064453,82.28303527832031,,
1780510090.993346,22126.980554093,-5.570102691650391,-31.345897674560547,79.52593231201172,1.6834076642990112,-48.195823669433594,72.1054458618164,-1.0149589776992798,-44.05837631225586,68.22924041748047,8.335234642028809,-53.18141174316406,85.85408020019531,,
1780510091.0133235,22127.000904175,-3.611919403076172,-28.851184844970703,80.58984375,4.428249835968018,-45.08987808227539,71.25606536865234,-2.9587819576263428,-41.27609634399414,71.74616241455078,7.706399917602539,-50.1539192199707,86.43303680419922,,
1780510091.033377,22127.02065271,-5.822007656097412,-28.00476837158203,81.4179458618164,7.300563812255859,-44.57416534423828,70.91521453857422,-1.7885537147521973,-46.92483139038086,69.10145568847656,4.3302001953125,-42.93563461303711,85.17607879638672,,
1780510091.053366,22127.04083647,-12.094923973083496,-31.677343368530273,78.40369415283203,12.517346382141113,-39.835548400878906,77.39521026611328,0.3039399981498718,-49.00123977661133,72.45629119873047,-0.11285233497619629,-35.3902473449707,81.24720764160156,,
1780510091.0734344,22127.060906796,-13.649982452392578,-35.790283203125,77.81261444091797,14.522416114807129,-33.97570037841797,83.10912322998047,1.2354776859283447,-47.592063903808594,77.25926208496094,-4.924018383026123,-33.819679260253906,77.94105529785156,,
1780510091.0933266,22127.080687539,-11.870475769042969,-38.32712173461914,77.6950454711914,14.0008544921875,-32.00494384765625,83.45557403564453,1.2413169145584106,-45.336181640625,79.74684143066406,-6.765196323394775,-33.86397171020508,75.69467163085938,,
1780510091.113335,22127.100414712,-9.513384819030762,-39.432159423828125,75.70718383789062,13.207929611206055,-31.978483200073242,83.22777557373047,2.3791558742523193,-43.43665313720703,81.49517822265625,-4.779644966125488,-33.313629150390625,75.09689331054688,,
1780510091.1333747,22127.120595854,-7.825490474700928,-40.57036590576172,73.79442596435547,12.204832077026367,-34.4730110168457,82.47693634033203,4.2157440185546875,-42.56517791748047,82.27017974853516,-3.0879364013671875,-33.5543327331543,73.8437728881836,,
1780510091.15339,22127.141113764,-7.72298526763916,-41.60870361328125,72.76604461669922,10.125906944274902,-38.79405975341797,81.78884887695312,6.044075965881348,-41.49008560180664,82.26716613769531,-1.7871509790420532,-35.31468200683594,72.53458404541016,,
1780510091.1733878,22127.160931106,-7.924328327178955,-40.950645446777344,73.33969116210938,5.898281097412109,-44.728328704833984,81.18252563476562,6.3784894943237305,-38.60154724121094,82.27047729492188,-0.11121468991041183,-39.26834487915039,74.66860961914062,,
1780510091.1932766,22127.180310538,-8.397295951843262,-40.59996795654297,77.03378295898438,0.47135379910469055,-49.03998565673828,78.83898162841797,7.3041768074035645,-35.322227478027344,81.92977142333984,1.3297390937805176,-44.422977447509766,79.57266998291016,,
1780510091.2131424,22127.200318543,-9.832712173461914,-40.30034255981445,79.80037689208984,-0.9946141839027405,-48.962852478027344,76.49264526367188,6.979957580566406,-35.59928512573242,80.36627960205078,1.965029239654541,-47.626068115234375,81.82357025146484,,
1780510091.2329361,22127.220244265,-8.951359748840332,-38.45293426513672,81.2443618774414,-0.8737268447875977,-46.74558639526367,75.18620300292969,5.959484577178955,-36.34003829956055,78.64369201660156,2.9365227222442627,-49.590049743652344,82.53753662109375,,
1780510091.2536047,22127.241179614,-7.7467169761657715,-36.73826599121094,82.23591613769531,-0.2988991141319275,-46.06254577636719,74.5383071899414,4.620845794677734,-34.83888244628906,78.3470687866211,2.4540059566497803,-49.629119873046875,82.89598846435547,,
1780510091.2734287,22127.260482311,-7.687496662139893,-36.108726501464844,82.42706298828125,0.2850959897041321,-45.627830505371094,75.0551986694336,5.379003047943115,-34.538753509521484,78.04527282714844,0.6095138788223267,-47.99184036254883,82.37862396240234,,
1780510091.2935667,22127.280956798,-8.376340866088867,-35.5993537902832,82.01547241210938,1.0990300178527832,-44.52863311767578,76.02225494384766,7.177533149719238,-36.08673095703125,78.165771484375,-1.1328954696655273,-45.00224304199219,81.92607879638672,,
1780510091.3135912,22127.30102681,-9.591962814331055,-36.16020202636719,81.247314453125,2.3309130668640137,-43.57080078125,77.56092834472656,7.908438682556152,-37.6697883605957,78.4066162109375,-2.6403908729553223,-41.06615447998047,81.1956787109375,,
1780510091.3335528,22127.320731906,-11.21220588684082,-37.368221282958984,80.43096160888672,4.431795120239258,-42.7962760925293,79.8287353515625,7.1062846183776855,-38.73345947265625,79.1033706665039,-4.681395530700684,-37.3930778503418,79.75899505615234,,
1780510091.3541324,22127.341157425,-12.057683944702148,-39.23351287841797,79.43206024169922,6.089614391326904,-41.79240417480469,82.55191802978516,6.513897895812988,-39.23958206176758,80.62283325195312,-6.729222774505615,-34.04979705810547,77.72106170654297,,
1780510091.3735325,22127.360654702,-11.389058113098145,-40.883018493652344,78.3819808959961,6.420741558074951,-41.56635284423828,84.18180084228516,6.590809345245361,-39.61769104003906,82.07284545898438,-7.558514595031738,-31.274534225463867,76.1561508178711,,
1780510091.3940473,22127.381837304,-9.829768180847168,-42.34162902832031,77.5477294921875,6.01416540145874,-42.325984954833984,84.4705581665039,6.909689426422119,-39.83458709716797,83.12240600585938,-6.868872165679932,-29.909360885620117,75.07772827148438,,
1780510091.4135287,22127.400573909,-8.40906047821045,-43.5614013671875,76.71414184570312,4.715788841247559,-44.571224212646484,84.19862365722656,7.536502361297607,-38.83547592163086,83.49356842041016,-5.6754961013793945,-30.408597946166992,74.55084228515625,,
1780510091.4336696,22127.421280873,-7.6348347663879395,-44.55312728881836,77.04305267333984,1.4768766164779663,-48.13637161254883,83.1955795288086,7.957779884338379,-35.96609878540039,83.3407211303711,-3.8792529106140137,-33.136016845703125,75.74052429199219,,
1780510091.454132,22127.441051983,-7.718236923217773,-45.49782943725586,79.5219955444336,-3.4424452781677246,-51.951393127441406,81.10070037841797,8.898321151733398,-32.00168228149414,82.48519897460938,-2.004706382751465,-37.727317810058594,79.83197021484375,,
1780510091.4735308,22127.460301635,-9.460695266723633,-45.66904067993164,81.7755126953125,-5.708942890167236,-52.534332275390625,78.80070495605469,9.502922058105469,-29.931655883789062,80.96519470214844,-1.0710440874099731,-41.43060302734375,82.05113220214844,,
1780510091.4940186,22127.48183714,-9.364139556884766,-44.821651458740234,83.437744140625,-5.780364513397217,-50.52859878540039,77.18588256835938,8.454383850097656,-30.20725440979004,79.14692687988281,0.11113859713077545,-44.00566482543945,82.53202056884766,,
1780510091.513493,22127.501267826,-8.11794376373291,-43.59728240966797,84.37459564208984,-6.026936054229736,-49.482181549072266,76.81194305419922,7.224651336669922,-29.35389518737793,78.13138580322266,0.29959216713905334,-44.86488723754883,82.69503784179688,,
1780510091.5335212,22127.52094365,-7.742590427398682,-43.11994171142578,84.96359252929688,-5.913851737976074,-49.76609420776367,77.13233184814453,7.530440807342529,-28.090723037719727,77.5732421875,-1.1285641193389893,-43.94990539550781,82.373779296875,,
1780510091.554009,22127.541394361,-8.147642135620117,-42.891422271728516,85.05816650390625,-5.623350620269775,-49.066898345947266,77.83687591552734,9.419528007507324,-28.66173553466797,77.44677734375,-2.4986519813537598,-41.753379821777344,82.07459259033203,,
1780510091.5734594,22127.560575786,-8.527383804321289,-42.95340347290039,84.77989196777344,-5.472982883453369,-48.33973693847656,78.97444915771484,10.799420356750488,-29.74173927307129,77.05664825439453,-3.5398614406585693,-38.75718307495117,81.72594451904297,,
1780510091.593438,22127.580454747,-8.934309959411621,-43.39867401123047,84.80488586425781,-4.874770641326904,-47.91948318481445,79.95905303955078,11.045110702514648,-30.86618423461914,76.87223815917969,-4.76713752746582,-35.77625274658203,81.18219757080078,,
1780510091.613644,22127.601182005,-9.517916679382324,-44.40727615356445,84.87195587158203,-4.154735565185547,-47.72978210449219,81.4186019897461,10.429545402526855,-31.60820198059082,76.9326171875,-6.481100559234619,-33.397621154785156,80.50753021240234,,
1780510091.6341283,22127.621925083,-9.661589622497559,-45.908817291259766,84.95429992675781,-4.145087242126465,-47.43177795410156,83.24640655517578,9.992971420288086,-31.871301651000977,77.41696166992188,-7.781835079193115,-31.159387588500977,79.65475463867188,,
1780510091.6539414,22127.641542444,-9.39720630645752,-47.70306396484375,84.62532806396484,-4.470295429229736,-47.27203369140625,84.96989440917969,9.770066261291504,-32.10159683227539,78.61577606201172,-8.65144157409668,-29.154375076293945,78.5206527709961,,
1780510091.673532,22127.661279982,-8.595449447631836,-49.44715881347656,83.72125244140625,-4.603938102722168,-46.987709045410156,86.4965591430664,9.53654956817627,-32.21769714355469,80.05293273925781,-8.95324420928955,-27.310420989990234,77.18885040283203,,
1780510091.6935647,22127.680680241,-7.271640300750732,-50.68587112426758,83.14790344238281,-4.946601867675781,-47.13670349121094,86.92435455322266,9.143492698669434,-32.10588073730469,81.25804901123047,-8.612234115600586,-26.166471481323242,76.32979583740234,,
1780510091.71379,22127.703398343,-6.089049816131592,-51.26774215698242,82.76907348632812,-5.508256435394287,-48.241798400878906,86.78346252441406,9.060942649841309,-31.53110694885254,81.88084411621094,-7.984256267547607,-25.915084838867188,76.17920684814453,,
1780510091.7336566,22127.721072128,-5.533354759216309,-51.835472106933594,82.88445281982422,-6.996108531951904,-49.9256477355957,85.91703796386719,9.474933624267578,-30.131380081176758,81.68647766113281,-6.932578086853027,-26.99808692932129,76.85750579833984,,
1780510091.7534852,22127.740840512,-5.701398849487305,-52.46502685546875,84.05509948730469,-9.77186393737793,-52.12449645996094,83.92439270019531,10.486062049865723,-28.11949920654297,80.43718719482422,-5.1096882820129395,-29.44489288330078,78.96175384521484,,
1780510091.7735345,22127.760489563,-6.771413326263428,-51.84293746948242,85.48214721679688,-11.720732688903809,-53.85099792480469,81.41732788085938,12.107460975646973,-25.92145538330078,78.62177276611328,-3.603472948074341,-32.7336311340332,81.03328704833984,,
1780510091.7939494,22127.781146076,-7.539031505584717,-50.28642654418945,86.6356430053711,-11.846064567565918,-54.00969314575195,79.46173858642578,12.345244407653809,-25.175853729248047,76.87116241455078,-2.412672996520996,-35.26323699951172,81.90494537353516,,
1780510091.8139312,22127.801635779,-7.069639682769775,-48.38368606567383,87.40803527832031,-11.389947891235352,-53.310386657714844,78.54788208007812,11.587486267089844,-24.959970474243164,75.7216796875,-1.6422679424285889,-36.615394592285156,82.23040771484375,,
1780510091.834134,22127.821688707,-6.449671745300293,-46.80379104614258,87.64973449707031,-11.132063865661621,-53.00554656982422,78.44535827636719,11.059648513793945,-25.212142944335938,75.0190658569336,-1.9488517045974731,-36.32157516479492,82.40813446044922,,
1780510091.8539271,22127.84112218,-6.625920295715332,-46.07057189941406,87.84422302246094,-10.617877006530762,-52.29048156738281,78.92694091796875,11.377986907958984,-26.5036678314209,74.40541076660156,-3.011770009994507,-34.714603424072266,82.20320892333984,,
1780510091.8735614,22127.860520086,-7.249260425567627,-45.83409881591797,87.89508819580078,-9.71336841583252,-50.83452224731445,80.31299591064453,11.642699241638184,-28.6149959564209,74.19268798828125,-4.460787773132324,-32.27444076538086,81.7248764038086,,
1780510091.8941672,22127.880971888,-8.19184398651123,-46.3151741027832,87.82366943359375,-8.378670692443848,-48.95951843261719,82.68639373779297,11.057205200195312,-31.01362419128418,74.7439193725586,-6.498435020446777,-29.333086013793945,80.81251525878906,,
1780510091.9135904,22127.900526951,-9.493271827697754,-47.960227966308594,87.10033416748047,-6.1441969871521,-46.608036041259766,86.56175231933594,9.345100402832031,-33.16463088989258,76.6717529296875,-9.005749702453613,-26.398921966552734,78.60918426513672,,
1780510091.9334624,22127.920508547,-9.248759269714355,-49.872806549072266,85.6978530883789,-3.875358819961548,-43.213897705078125,89.9774398803711,7.466206073760986,-35.06825637817383,79.95362091064453,-11.305877685546875,-23.69788360595703,75.13677978515625,,
1780510091.9535286,22127.940521525,-7.515193939208984,-50.69628143310547,84.7842788696289,-1.8823728561401367,-40.83714294433594,90.88723754882812,5.45732307434082,-37.45401382446289,82.45487213134766,-10.583745002746582,-21.931726455688477,73.58853149414062,,
1780510091.9735248,22127.960521355,-6.125781536102295,-50.29714584350586,83.90939331054688,-0.08694595843553543,-40.05289077758789,90.19306945800781,5.14338493347168,-39.60519790649414,83.70954132080078,-8.921304702758789,-22.216981887817383,73.38387298583984,,
1780510091.9934742,22127.980679366,-5.2625322341918945,-50.235694885253906,82.64510345458984,0.7763224244117737,-40.06601333618164,89.25223541259766,5.684247016906738,-39.56455612182617,83.9735336303711,-7.728644847869873,-23.83447265625,72.0831069946289,,
1780510092.0135112,22128.001231554,-4.875139236450195,-50.45212173461914,81.26435852050781,0.5408689975738525,-40.7624397277832,88.31645202636719,5.863501071929932,-38.102699279785156,84.07345581054688,-6.80631160736084,-26.1498966217041,70.6664810180664,,
1780510092.033555,22128.021027101,-5.105556488037109,-50.38680648803711,80.22368621826172,0.06863998621702194,-42.464805603027344,87.4544677734375,6.480181694030762,-36.698978424072266,83.79000854492188,-5.738266468048096,-28.559375762939453,70.75474548339844,,
1780510092.0534935,22128.040881704,-5.6963019371032715,-49.83561325073242,79.5459213256836,-0.7572191953659058,-44.976444244384766,86.19769287109375,7.33617639541626,-34.752655029296875,83.06563568115234,-4.24185848236084,-31.29128074645996,72.08287048339844,,
1780510092.0734348,22128.060463245,-5.981108665466309,-49.478214263916016,80.56102752685547,-3.851768732070923,-48.59699249267578,83.87693786621094,7.69856071472168,-31.661632537841797,81.5949935913086,-1.80121910572052,-35.59707260131836,75.04902648925781,,
1780510092.093666,22128.080782511,-6.927492141723633,-48.10595703125,82.87383270263672,-7.019748687744141,-51.726985931396484,80.86726379394531,9.28603458404541,-28.392860412597656,79.80046081542969,-0.6364908218383789,-40.65989685058594,78.67286682128906,,
1780510092.1134586,22128.101311613,-7.940677165985107,-45.62680435180664,84.39929962158203,-7.516194820404053,-51.94831848144531,78.45797729492188,9.27710247039795,-28.577659606933594,77.74675750732422,0.4724220931529999,-44.035133361816406,80.67153930664062,,
1780510092.1334414,22128.120853336,-7.067696571350098,-42.669090270996094,85.19123840332031,-6.772319793701172,-49.945274353027344,77.23101806640625,8.154096603393555,-29.400794982910156,76.39244079589844,1.7759615182876587,-46.12772750854492,81.78907012939453,,
1780510092.1535654,22128.141082181,-6.170248031616211,-40.001609802246094,85.31590270996094,-6.138819694519043,-48.97617721557617,76.69930267333984,6.973518371582031,-29.549449920654297,75.74837493896484,1.5699076652526855,-46.64700698852539,82.33750915527344,,
1780510092.1736732,22128.161840837,-6.9098801612854,-38.40830612182617,85.36691284179688,-4.678866386413574,-48.51145935058594,76.88890075683594,7.278017520904541,-30.641738891601562,75.50389862060547,-0.3188464641571045,-45.28343963623047,82.07612609863281,,
1780510092.1935382,22128.18066734,-8.268831253051758,-37.6489143371582,84.95197296142578,-2.9938127994537354,-46.68239974975586,78.10760498046875,8.516253471374512,-33.10268020629883,75.448974609375,-2.4666757583618164,-42.08208084106445,81.63287353515625,,
1780510092.213417,22128.200922594,-10.319744110107422,-37.789405822753906,84.15828704833984,-0.7365586161613464,-44.40448760986328,80.61502075195312,8.478557586669922,-35.71237564086914,75.74567413330078,-5.123857021331787,-37.590755462646484,80.88837432861328,,
1780510092.2334347,22128.220608229,-12.736322402954102,-39.441978454589844,82.8680419921875,2.8075015544891357,-42.15758514404297,84.45390319824219,7.0244317054748535,-37.63526916503906,77.89566802978516,-8.2127685546875,-32.843055725097656,78.48371887207031,,
1780510092.2534869,22128.240849143,-12.306480407714844,-41.58847427368164,81.94409942626953,4.763291358947754,-39.30965805053711,87.27098846435547,5.680933475494385,-39.22123336791992,80.69253540039062,-10.093523025512695,-29.446361541748047,76.10073852539062,,
1780510092.2734413,22128.261300491,-10.524758338928223,-42.689510345458984,81.1158447265625,5.3318095207214355,-38.36223602294922,87.50525665283203,4.555691242218018,-40.6902961730957,82.82286071777344,-9.145206451416016,-27.350223541259766,75.00777435302734,,
1780510092.2934644,22128.280720317,-8.554583549499512,-43.31700134277344,79.7467041015625,5.58232307434082,-39.06881332397461,86.97046661376953,4.839609146118164,-41.21989059448242,83.85189819335938,-7.628244876861572,-26.926782608032227,74.5821762084961,,
1780510092.3136497,22128.300569179,-6.902472972869873,-44.20900344848633,78.15125274658203,5.017635822296143,-41.005943298339844,86.06693267822266,5.753882884979248,-40.41756057739258,84.24523162841797,-6.459991931915283,-28.020456314086914,73.3499755859375,,
1780510092.3334844,22128.320476676,-6.248996734619141,-44.92206573486328,77.06094360351562,3.125643014907837,-44.212623596191406,85.02686309814453,6.652907848358154,-38.450706481933594,84.2815933227539,-4.858644962310791,-30.346195220947266,73.04558563232422,,
1780510092.3534434,22128.340576618,-6.4300761222839355,-45.14886474609375,77.98381042480469,-0.40885278582572937,-48.7686882019043,83.51795959472656,7.224666595458984,-35.25838088989258,83.5940170288086,-2.945467948913574,-33.84707260131836,75.64818572998047,,
1780510092.373445,22128.360493648,-7.5503387451171875,-45.77896499633789,80.41911315917969,-4.677842140197754,-52.150428771972656,81.06440734863281,8.439128875732422,-31.26357650756836,82.4018325805664,-1.207198977470398,-38.827796936035156,80.02912902832031,,
1780510092.393618,22128.380737354,-9.163400650024414,-45.23110580444336,82.62678527832031,-6.251996994018555,-52.08115005493164,78.4222412109375,8.403745651245117,-30.14673614501953,80.40148162841797,-0.25858572125434875,-42.763484954833984,81.97240447998047,,
1780510092.4140203,22128.400899657,-8.655631065368652,-43.65439224243164,83.99996185302734,-5.888290882110596,-49.956275939941406,76.91693878173828,7.067756175994873,-30.748201370239258,78.76986694335938,0.9424537420272827,-45.45523452758789,82.56305694580078,,
1780510092.4334984,22128.421244497,-7.261577129364014,-42.26895523071289,84.89315032958984,-5.643985748291016,-49.04366683959961,76.48998260498047,6.087883949279785,-29.770305633544922,77.7773208618164,1.0410592555999756,-45.906917572021484,82.57859802246094,,
1780510092.453522,22128.440518059,-7.026834964752197,-41.289127349853516,85.17906188964844,-5.288343906402588,-48.86980438232422,76.9092788696289,6.7566728591918945,-29.282970428466797,77.54125213623047,-0.32924264669418335,-44.66322708129883,82.2680435180664,,
1780510092.4735148,22128.461128213,-7.76207971572876,-40.95957565307617,85.01203155517578,-4.5212082862854,-47.96531677246094,77.77242279052734,8.749650001525879,-30.451059341430664,77.65455627441406,-1.985601544380188,-41.78122329711914,81.77284240722656,,
1780510092.4934974,22128.480900451,-8.5552978515625,-41.12737274169922,84.55766296386719,-3.755720376968384,-46.97088623046875,79.09113311767578,9.714756965637207,-32.17045974731445,77.48748016357422,-3.5421056747436523,-38.102447509765625,81.29097747802734,,
1780510092.5135741,22128.500595281,-9.46779727935791,-41.91526412963867,84.34266662597656,-2.619229793548584,-46.333370208740234,80.65260314941406,9.502433776855469,-33.58346176147461,77.69723510742188,-5.325333595275879,-34.45386505126953,80.5382080078125,,
1780510092.5335393,22128.522698463,-10.361140251159668,-43.5166015625,84.05435180664062,-1.316907286643982,-45.62250518798828,83.04814910888672,8.670059204101562,-34.39846420288086,78.55186462402344,-7.419869899749756,-31.56456184387207,79.02010345458984,,
1780510092.5534353,22128.540197418,-9.92994499206543,-45.18438720703125,83.593017578125,-0.7151002287864685,-44.83171844482422,85.58981323242188,8.287008285522461,-35.10781478881836,80.478271484375,-8.895283699035645,-28.650409698486328,77.35740661621094,,
1780510092.573594,22128.560633802,-8.493854522705078,-44.532840728759766,83.26560974121094,-0.5459995865821838,-45.109825134277344,87.38123321533203,7.839224815368652,-36.74007797241211,83.51585388183594,-8.657692909240723,-24.913694381713867,77.80625915527344,,
1780510092.593985,22128.580912703,-7.244556903839111,-43.42900085449219,82.62694549560547,0.061927832663059235,-45.93749237060547,87.75084686279297,7.8302998542785645,-38.98991012573242,85.3436508178711,-7.880840301513672,-22.14696502685547,77.8968734741211,,
1780510092.613558,22128.601186703,-6.3079328536987305,-41.541099548339844,82.0806884765625,-0.44222208857536316,-47.658843994140625,87.525390625,7.664037227630615,-39.91890335083008,86.92657470703125,-6.3729472160339355,-21.193113327026367,78.13250732421875,,
1780510092.6339371,22128.621081513,-5.4220428466796875,-38.1402473449707,82.71270751953125,-1.3794076442718506,-51.23611831665039,87.09535217285156,7.158145427703857,-40.15250778198242,88.99988555908203,-4.357460021972656,-21.814844131469727,81.39450073242188,,
1780510092.6534362,22128.640579675,-5.4779181480407715,-37.0014533996582,82.92524719238281,-2.5560996532440186,-53.71335983276367,85.57743072509766,6.749368667602539,-38.083953857421875,89.96808624267578,-2.1936771869659424,-25.471187591552734,84.34806823730469,,
1780510092.6734731,22128.660888311,-6.411370754241943,-37.71007537841797,83.24828338623047,-4.35670804977417,-51.2095832824707,83.62384033203125,6.528808116912842,-32.80077362060547,91.56671142578125,0.745966374874115,-33.51173400878906,88.1549072265625,,
1780510092.6935422,22128.681252881,-7.784801959991455,-39.77521896362305,83.52468872070312,-4.417762279510498,-45.568443298339844,83.6758804321289,4.936656951904297,-26.82917594909668,93.48228454589844,2.326322555541992,-41.703346252441406,90.99241638183594,,
1780510092.713518,22128.701041002,-8.20529842376709,-42.80009078979492,83.9217758178711,-3.208521842956543,-38.36923599243164,85.07228088378906,3.7406325340270996,-21.38619613647461,94.31462860107422,2.046792507171631,-49.31640625,93.08483123779297,,
1780510092.7338133,22128.72140943,-8.300676345825195,-46.54359817504883,85.42091369628906,0.8240420818328857,-29.563016891479492,85.55734252929688,3.587402820587158,-17.539112091064453,94.55751037597656,2.4566969871520996,-57.943599700927734,95.63391876220703,,
1780510092.7540693,22128.74155802,-8.965295791625977,-49.15781784057617,87.2390365600586,5.864190578460693,-22.213552474975586,84.66851043701172,3.409806251525879,-13.94246768951416,93.78105163574219,3.428826093673706,-66.22443389892578,97.70536804199219,,
1780510092.774031,22128.760965264,-10.22080135345459,-49.897125244140625,88.26731872558594,8.871953010559082,-16.6387882232666,83.5773696899414,3.71840500831604,-12.698088645935059,92.40262603759766,4.642180919647217,-71.04936981201172,99.17854309082031,,
1780510092.7941914,22128.781173647,-12.401603698730469,-47.76712417602539,88.77253723144531,11.465371131896973,-12.979021072387695,82.07154083251953,3.393916368484497,-14.309446334838867,91.56614685058594,4.889667510986328,-71.45152282714844,100.5347671508789,,
1780510092.8142753,22128.801430579,-15.772590637207031,-42.14809036254883,88.45468139648438,13.27962589263916,-11.293941497802734,81.13172912597656,1.8250477313995361,-21.472326278686523,92.1584243774414,3.4702041149139404,-65.11181640625,101.11991119384766,,
1780510092.8335238,22128.82218795,-19.830760955810547,-32.40223693847656,87.08377075195312,14.585001945495605,-12.78886890411377,81.08259582519531,-1.9539482593536377,-33.45960998535156,95.4151611328125,1.3201537132263184,-50.12743377685547,100.93359375,,
1780510092.854155,22128.841574473,-21.701522827148438,-21.67778205871582,85.31350708007812,14.560440063476562,-19.747819900512695,81.8459243774414,-4.575944900512695,-44.076820373535156,99.69145965576172,2.143099546432495,-33.72380828857422,101.29222869873047,,
1780510092.8735292,22128.860600118,-21.028499603271484,-12.609504699707031,83.62137603759766,13.97596549987793,-27.072187423706055,81.8780517578125,-5.3341193199157715,-49.196407318115234,102.35230255126953,3.99042010307312,-24.488611221313477,102.11985778808594,,
1780510092.8935983,22128.880608346,-19.668434143066406,-7.001277446746826,80.1230697631836,14.095516204833984,-33.141578674316406,82.43819427490234,-6.806467533111572,-50.60408020019531,104.44312286376953,4.372811317443848,-21.79928207397461,101.6069107055664,,
1780510092.9135137,22128.901340784,-18.3903865814209,-7.479820728302002,77.53865051269531,14.624710083007812,-39.412315368652344,83.44173431396484,-6.412406921386719,-51.62360382080078,104.58519744873047,5.0118560791015625,-24.308313369750977,99.21095275878906,,
1780510092.9335554,22128.921173589,-16.20688819885254,-8.708073616027832,74.92061614990234,14.790050506591797,-45.27983093261719,83.42753601074219,-6.890257835388184,-52.79866027832031,106.04710388183594,5.983175754547119,-26.91929817199707,97.4350814819336,,
1780510092.9535158,22128.941097017,-15.170690536499023,-13.455963134765625,74.28770446777344,13.082605361938477,-49.55007553100586,82.97899627685547,-6.329331874847412,-53.429962158203125,106.64263153076172,7.783018589019775,-26.67207908630371,96.26756286621094,,
1780510092.9741607,22128.96172544,-14.851771354675293,-16.6711368560791,73.14242553710938,11.989480018615723,-50.79072952270508,82.88006591796875,-6.574600696563721,-50.775146484375,107.23281860351562,8.091261863708496,-30.493818283081055,97.34671783447266,,
1780510092.9942043,22128.98133797,-14.717155456542969,-21.588138580322266,73.81897735595703,10.606973648071289,-47.99609375,82.71314239501953,-6.891501426696777,-44.677978515625,107.0093765258789,8.725584983825684,-36.7790641784668,99.38323211669922,,
1780510093.0139644,22129.000900413,-13.614418029785156,-27.419301986694336,76.12346649169922,9.91185474395752,-42.3509635925293,83.05243682861328,-6.911564350128174,-36.77812576293945,107.20015716552734,8.104783058166504,-44.86833953857422,101.77943420410156,,
1780510093.0341303,22129.021364896,-12.694198608398438,-33.6654167175293,78.24858093261719,11.278749465942383,-34.475406646728516,83.57086181640625,-5.0656046867370605,-29.44578742980957,106.8064193725586,7.196536540985107,-53.30158233642578,103.84085083007812,,
1780510093.0534062,22129.041069736,-10.832440376281738,-39.967620849609375,80.65199279785156,14.379323959350586,-25.837785720825195,82.9751968383789,-2.982346534729004,-23.136947631835938,105.14801788330078,6.748204708099365,-62.10090255737305,104.70732879638672,,
1780510093.0734324,22129.060954863,-9.093735694885254,-45.47525405883789,83.67119598388672,17.18442153930664,-18.649398803710938,81.42057800292969,-1.9959592819213867,-17.65166473388672,102.71875,7.0916924476623535,-70.25520324707031,104.95220184326172,,
1780510093.0934803,22129.081227715,-8.641497611999512,-49.223785400390625,86.31090545654297,19.49262046813965,-13.802376747131348,79.56563568115234,-1.9492723941802979,-13.757099151611328,99.69805145263672,7.825146198272705,-76.04524993896484,104.93539428710938,,
1780510093.1134443,22129.100616033,-10.043676376342773,-50.30765151977539,87.77800750732422,21.456710815429688,-10.602364540100098,77.89327239990234,-1.8090656995773315,-12.352829933166504,96.78888702392578,8.329137802124023,-78.1370849609375,105.2446517944336,,
1780510093.1334643,22129.120502155,-12.600685119628906,-48.2211799621582,87.96308898925781,22.292634963989258,-8.835463523864746,76.25248718261719,-2.151073455810547,-15.186964988708496,94.74186706542969,8.1621732711792,-75.09426879882812,105.51200103759766,,
1780510093.1535094,22129.140593558,-15.332712173461914,-41.3788948059082,87.8318862915039,22.86982536315918,-9.320980072021484,74.95283508300781,-3.5267062187194824,-24.851362228393555,95.39411163330078,6.670463562011719,-64.61631774902344,105.63111877441406,,
1780510093.173467,22129.160966471,-17.93556785583496,-31.013473510742188,86.53081512451172,22.499528884887695,-13.153457641601562,74.28780364990234,-6.089029312133789,-38.32731246948242,99.84355163574219,5.228004455566406,-46.375274658203125,106.11233520507812,,
1780510093.1934988,22129.180975229,-19.602994918823242,-20.491968154907227,85.22699737548828,20.73316192626953,-20.289779663085938,75.37126922607422,-5.916706562042236,-47.72276306152344,103.45720672607422,5.641597747802734,-30.732120513916016,106.66504669189453,,
1780510093.2143607,22129.201769807,-18.921314239501953,-11.170475959777832,82.52669525146484,18.52030372619629,-26.489946365356445,76.50959014892578,-6.866304874420166,-51.47477722167969,106.07630157470703,5.8838348388671875,-22.0361385345459,106.44988250732422,,
1780510093.2339602,22129.221377846,-17.362764358520508,-5.747988700866699,79.52884674072266,17.218347549438477,-33.62455749511719,78.56614685058594,-8.079992294311523,-51.48569107055664,107.9612045288086,4.592497825622559,-20.82567596435547,104.131591796875,,
1780510093.2540734,22129.241242834,-15.541719436645508,-6.973621845245361,76.97159576416016,16.694522857666016,-40.954830169677734,80.35148620605469,-7.440352916717529,-52.863563537597656,107.6216049194336,5.628705024719238,-23.072330474853516,100.55339813232422,,
1780510093.2741742,22129.262432051,-13.858725547790527,-10.186553001403809,74.84053039550781,15.945904731750488,-46.634490966796875,81.48159790039062,-7.002292633056641,-53.86494445800781,107.98826599121094,7.213408946990967,-26.88855743408203,98.55792999267578,,
1780510093.2940037,22129.281646926,-13.31646728515625,-16.32982063293457,74.62222290039062,13.431631088256836,-49.76774215698242,81.90801239013672,-6.512950420379639,-51.91759490966797,107.92760467529297,8.309955596923828,-29.67144203186035,97.98100280761719,,
1780510093.3143177,22129.30212406,-12.845099449157715,-22.1286678314209,74.88201904296875,11.112543106079102,-48.85091018676758,82.43277740478516,-7.352314472198486,-44.713294982910156,107.70144653320312,8.398765563964844,-36.13800811767578,99.67304229736328,,
1780510093.3339736,22129.321184197,-12.869207382202148,-28.265764236450195,76.26029968261719,10.116108894348145,-42.97285461425781,82.97706604003906,-6.772321701049805,-36.87913131713867,106.79670715332031,8.272273063659668,-43.498924255371094,101.86626434326172,,
1780510093.353585,22129.342327301,-12.260804176330566,-34.153350830078125,78.42186737060547,11.68178653717041,-35.00112533569336,83.60523223876953,-4.852422714233398,-29.34422492980957,105.76353454589844,7.073818683624268,-52.42641067504883,103.50067901611328,,
1780510093.3739672,22129.361303657,-10.941941261291504,-40.427005767822266,80.44212341308594,14.61264705657959,-27.026290893554688,83.43283081054688,-2.708489418029785,-22.574207305908203,103.95769500732422,6.021773815155029,-61.44384002685547,103.95287322998047,,
1780510093.3934731,22129.380367502,-9.346970558166504,-45.6429328918457,83.3028793334961,17.276657104492188,-20.263456344604492,82.11156463623047,-1.2498687505722046,-16.914949417114258,101.39140319824219,6.15536642074585,-69.39875030517578,104.31779479980469,,
1780510093.413669,22129.400764999,-8.851890563964844,-49.49769973754883,85.73978424072266,18.80997085571289,-15.099996566772461,80.49105834960938,-0.6401510834693909,-12.916340827941895,98.38566589355469,6.896232604980469,-75.34386444091797,104.42242431640625,,
1780510093.4334552,22129.420507515,-10.027926445007324,-50.95012664794922,87.20167541503906,20.363784790039062,-11.763097763061523,78.83488464355469,-0.5784763097763062,-11.115715026855469,95.24302673339844,7.524508476257324,-77.97996520996094,104.50767517089844,,
1780510093.4534419,22129.44118955,-12.54896354675293,-49.42005157470703,87.60762786865234,21.25371742248535,-9.758368492126465,77.1144027709961,-0.9227425456047058,-12.937350273132324,93.02792358398438,7.426992416381836,-76.13717651367188,104.65675354003906,,
1780510093.473581,22129.46122989,-15.616493225097656,-43.75563430786133,87.45037841796875,21.868886947631836,-9.46843433380127,75.78384399414062,-1.9534695148468018,-20.63050079345703,92.78211212158203,5.722747325897217,-67.7970199584961,104.45643615722656,,
1780510093.493536,22129.482012024,-18.369394302368164,-33.59017562866211,86.56106567382812,21.516685485839844,-12.022798538208008,75.59971618652344,-4.831820964813232,-34.328224182128906,96.87287139892578,3.7628390789031982,-50.64240646362305,104.40834045410156,,
1780510093.5134912,22129.500646655,-19.81401252746582,-22.87093162536621,85.45250701904297,20.159521102905273,-18.88277816772461,76.70358276367188,-5.520078659057617,-45.387752532958984,101.11475372314453,4.051031112670898,-34.00419998168945,105.11089324951172,,
1780510093.5334744,22129.520759206,-19.218557357788086,-13.504997253417969,83.37467956542969,18.016151428222656,-25.49860191345215,77.65055847167969,-5.808278560638428,-50.061283111572266,103.5864028930664,4.823543548583984,-24.496601104736328,104.9481201171875,,
1780510093.5534303,22129.540515746,-17.6074275970459,-7.216134548187256,80.24520111083984,16.64754867553711,-31.973955154418945,79.35489654541016,-7.2125091552734375,-50.594268798828125,105.7162857055664,3.814685344696045,-22.307037353515625,103.37733459472656,,
1780510093.573468,22129.560260415,-16.252695083618164,-8.419747352600098,78.12619018554688,16.23146629333496,-38.78953552246094,80.87229919433594,-6.210770606994629,-51.90734100341797,105.4947509765625,4.723902225494385,-24.496618270874023,100.31416320800781,,
1780510093.5934677,22129.580920073,-14.269291877746582,-10.47265911102295,75.76472473144531,15.86063003540039,-44.55623245239258,81.48116302490234,-6.1313018798828125,-53.3384895324707,106.52449035644531,6.028611660003662,-27.248830795288086,98.28776550292969,,
1780510093.613449,22129.601080172,-13.441332817077637,-15.673432350158691,75.34223937988281,13.5045166015625,-48.863529205322266,81.72496032714844,-5.613724708557129,-53.08827590942383,106.60629272460938,7.4958176612854,-27.719297409057617,97.1064453125,,
1780510093.6334376,22129.620889142,-12.880241394042969,-19.717205047607422,74.77426147460938,11.719451904296875,-50.02153778076172,82.02244567871094,-6.4860053062438965,-48.6329345703125,106.70994567871094,7.396544933319092,-31.734315872192383,98.11078643798828,,
1780510093.6528811,22129.6399451,-12.766178131103516,-24.879182815551758,75.5532455444336,9.984187126159668,-46.87379837036133,82.29656219482422,-6.991077899932861,-42.175662994384766,106.15811157226562,7.964867115020752,-37.78396987915039,99.85042572021484,,
1780510093.6735144,22129.661399262,-12.077184677124023,-30.0009822845459,77.7181396484375,10.015344619750977,-41.161956787109375,82.70357513427734,-6.647649765014648,-35.077491760253906,106.04901885986328,7.289021015167236,-45.45745086669922,101.80634307861328,,
1780510093.6934392,22129.680407179,-11.253461837768555,-35.49797439575195,79.54168701171875,11.616100311279297,-34.20819091796875,83.17847442626953,-5.151989936828613,-28.586078643798828,105.24219512939453,6.48370885848999,-53.37699508666992,103.12166595458984,,
1780510093.7134151,22129.700911218,-9.821898460388184,-40.695045471191406,81.82996368408203,14.653218269348145,-26.669170379638672,82.58253479003906,-3.244952440261841,-22.643980026245117,103.7735595703125,5.975752353668213,-61.86244583129883,103.95297241210938,,
1780510093.7335398,22129.721129507,-8.775691986083984,-45.336822509765625,84.44886779785156,17.031402587890625,-20.17301368713379,81.17216491699219,-2.224910020828247,-17.49981689453125,101.55518341064453,6.384196758270264,-69.33641815185547,104.30245208740234,,
1780510093.7537434,22129.740710945,-8.845627784729004,-48.26142883300781,86.81332397460938,18.882892608642578,-15.27652645111084,79.50509643554688,-1.6468770503997803,-14.308514595031738,99.00849151611328,7.184861183166504,-74.4708251953125,104.66512298583984,,
1780510093.773514,22129.760531645,-10.527392387390137,-48.67902374267578,88.02165985107422,20.859663009643555,-12.193580627441406,77.66017150878906,-1.626059651374817,-13.69332218170166,96.45262908935547,7.416306495666504,-76.25264739990234,104.85870361328125,,
1780510093.7935266,22129.780696062,-13.293045043945312,-46.0355224609375,88.29672241210938,21.896238327026367,-10.422980308532715,76.0553207397461,-1.5409269332885742,-17.241613388061523,94.6938705444336,7.0504865646362305,-72.76597595214844,105.22906494140625,,
1780510093.8135257,22129.801769636,-16.078845977783203,-39.09658432006836,87.98939514160156,22.46263885498047,-10.896899223327637,74.9579849243164,-2.739511251449585,-26.991933822631836,95.59373474121094,5.299898147583008,-62.099300384521484,105.100341796875,,
1780510093.8335354,22129.821030572,-18.095726013183594,-28.924654006958008,86.60396575927734,21.886327743530273,-15.049074172973633,74.69738006591797,-5.457523345947266,-39.71833801269531,99.73611450195312,4.138819694519043,-44.6118049621582,105.36040496826172,,
1780510093.8535376,22129.841106652,-18.973670959472656,-19.004911422729492,85.09132385253906,20.303205490112305,-22.074495315551758,75.93518829345703,-5.594986438751221,-47.94120788574219,102.7999038696289,4.5970940589904785,-30.523683547973633,105.43455505371094,,
1780510093.873478,22129.860558508,-17.983448028564453,-10.287619590759277,82.41407775878906,18.222280502319336,-28.173786163330078,77.09397888183594,-6.850296497344971,-51.253116607666016,105.34110260009766,5.028952121734619,-22.575767517089844,105.11009216308594,,
1780510093.8934312,22129.880449539,-16.320375442504883,-5.674561023712158,79.42659759521484,16.987939834594727,-35.394718170166016,79.22106170654297,-7.987979888916016,-51.571807861328125,106.95897674560547,4.053327560424805,-21.474708557128906,102.77003479003906,,
1780510093.9134367,22129.900616919,-14.470227241516113,-6.776185035705566,76.69744873046875,16.421573638916016,-42.46795654296875,80.79629516601562,-7.4251532554626465,-53.27033615112305,106.73177337646484,5.29591178894043,-23.62201690673828,99.51455688476562,,
1780510093.9335334,22129.920912418,-13.026956558227539,-10.41333293914795,74.79155731201172,15.417156219482422,-47.956790924072266,81.74922180175781,-6.890409469604492,-54.174339294433594,107.2340087890625,7.031834125518799,-27.04825782775879,98.03036499023438,,
1780510093.9534962,22129.94092502,-12.703330993652344,-16.413970947265625,74.50611114501953,12.737061500549316,-50.89231872558594,82.26570892333984,-6.754875659942627,-51.543087005615234,107.3873291015625,7.899642467498779,-30.351015090942383,97.98085021972656,,
1780510093.9741926,22129.961696103,-12.381394386291504,-22.223386764526367,74.91563415527344,10.246979713439941,-49.50301742553711,82.73818969726562,-7.621516227722168,-44.06405258178711,107.205810546875,8.082795143127441,-36.87507247924805,99.96773529052734,,
1780510093.9935389,22129.981140493,-12.46335506439209,-28.420879364013672,76.45286560058594,9.419808387756348,-43.253665924072266,83.36825561523438,-6.675852298736572,-36.0532112121582,106.54112243652344,7.776247978210449,-44.35219192504883,102.40430450439453,,
1780510094.0134797,22130.00095833,-11.977070808410645,-34.54026412963867,78.65316772460938,11.361512184143066,-35.27503967285156,83.81918334960938,-4.9414286613464355,-28.400737762451172,105.78587341308594,6.354496479034424,-53.0597038269043,104.12677764892578,,
1780510094.0339994,22130.021363465,-10.665474891662598,-40.8630256652832,80.64864349365234,14.60129165649414,-27.147436141967773,83.54266357421875,-2.856326103210449,-21.90326690673828,104.00943756103516,5.465365409851074,-61.95682907104492,104.55621337890625,,
1780510094.0541763,22130.042883283,-9.128623008728027,-46.02595901489258,83.5091323852539,17.412973403930664,-20.34642219543457,82.12820434570312,-1.4673188924789429,-16.477624893188477,101.49861907958984,5.903799533843994,-69.7840347290039,104.93392944335938,,
1780510094.0740788,22130.061388452,-8.815123558044434,-49.67303466796875,85.87837982177734,19.06284523010254,-15.058021545410156,80.32782745361328,-0.9495687484741211,-12.677591323852539,98.45162963867188,6.834069728851318,-75.56777954101562,105.01068115234375,,
1780510094.0938776,22130.080599508,-10.113666534423828,-51.00263595581055,87.26693725585938,20.590848922729492,-11.602045059204102,78.63862609863281,-0.8530095219612122,-10.977386474609375,95.38887786865234,7.508080959320068,-78.06290435791016,105.12449645996094,,
1780510094.1141253,22130.101508621,-12.719554901123047,-49.46713638305664,87.71908569335938,21.75016212463379,-9.64519214630127,76.73013305664062,-1.1223863363265991,-12.878521919250488,93.18716430664062,7.384600639343262,-76.0779800415039,105.19931030273438,,
1780510094.1342094,22130.121352193,-15.84550952911377,-43.551509857177734,87.60597229003906,22.37169647216797,-9.252426147460938,75.33960723876953,-2.094870090484619,-20.99591827392578,93.0833511352539,5.665292739868164,-67.32777404785156,105.03616333007812,,
1780510094.1534927,22130.141147846,-18.465700149536133,-33.24861145019531,86.52584838867188,21.984079360961914,-12.024806022644043,75.10603332519531,-5.045176982879639,-34.89563751220703,97.24651336669922,3.6707699298858643,-50.02181625366211,104.93783569335938,,
1780510094.1741686,22130.161834834,-19.82993507385254,-22.844758987426758,85.51817321777344,20.512876510620117,-18.981048583984375,76.27136993408203,-5.473354339599609,-45.86461639404297,101.419677734375,4.144588470458984,-33.371376037597656,105.49472045898438,,
1780510094.1935005,22130.18091542,-19.116418838500977,-13.702359199523926,83.337890625,18.243553161621094,-25.419269561767578,77.2715835571289,-5.8140363693237305,-50.3712272644043,103.85536193847656,4.836150646209717,-24.05220603942871,105.1298599243164,,
1780510094.2134418,22130.200736161,-17.346162796020508,-7.4411516189575195,80.37120819091797,16.863515853881836,-31.96685218811035,78.90625,-7.181098461151123,-50.68667984008789,105.96701049804688,3.624972105026245,-21.960241317749023,103.50456237792969,,
1780510094.2333791,22130.220509439,-15.923612594604492,-8.587793350219727,78.26673889160156,16.321041107177734,-38.854530334472656,80.48027038574219,-6.221451759338379,-51.890438079833984,105.794921875,4.375631332397461,-24.085298538208008,100.37151336669922,,
1780510094.2532074,22130.240959251,-14.054593086242676,-10.63740348815918,75.87399291992188,15.873007774353027,-44.64278793334961,81.25619506835938,-6.034634590148926,-53.44270324707031,106.69227600097656,5.760142803192139,-26.6809139251709,98.31175994873047,,
1780510094.2737815,22130.261350142,-13.316840171813965,-16.03682518005371,75.5048599243164,13.412964820861816,-48.77293395996094,81.503662109375,-5.367702960968018,-53.10048294067383,106.68927001953125,7.150400161743164,-27.33393096923828,97.15753173828125,,
1780510094.2933226,22130.282147107,-12.702725410461426,-20.545915603637695,75.14026641845703,11.65042495727539,-49.8162841796875,81.84024047851562,-5.952540874481201,-48.315208435058594,106.40007019042969,6.824142932891846,-31.440675735473633,98.16861724853516,,
1780510094.313382,22130.300388545,-12.223508834838867,-26.215600967407227,76.30606079101562,9.425129890441895,-46.961669921875,82.06918334960938,-6.139007091522217,-41.55587387084961,105.28372955322266,6.94120979309082,-37.38118362426758,99.622802734375,,
1780510094.3333466,22130.320285737,-11.35842227935791,-31.815006256103516,78.65169525146484,8.877950668334961,-41.593196868896484,82.48912811279297,-5.773085117340088,-34.15437316894531,104.67005157470703,6.013538360595703,-44.64991760253906,101.14803314208984,,
1780510094.354206,22130.341393117,-10.512079238891602,-37.483646392822266,80.51878356933594,9.807721138000488,-35.323997497558594,83.11112976074219,-4.039839267730713,-27.684038162231445,103.36483001708984,4.608837604522705,-52.12026596069336,101.74423217773438,,
1780510094.3735015,22130.360688633,-9.224691390991211,-42.2134895324707,82.68624114990234,11.698013305664062,-29.395326614379883,82.86595916748047,-1.5911571979522705,-22.654821395874023,101.31697845458984,3.490919589996338,-59.2596321105957,101.47940826416016,,
1780510094.393391,22130.380721587,-8.92552661895752,-45.60850524902344,85.2325439453125,13.260763168334961,-24.839588165283203,81.64420318603516,0.030179297551512718,-19.17530632019043,98.7381820678711,3.3732738494873047,-65.1636734008789,100.70883178710938,,
1780510094.4134953,22130.400493817,-9.4222412109375,-47.440269470214844,87.15718078613281,13.888626098632812,-21.950605392456055,80.47992706298828,1.346641182899475,-18.148216247558594,95.95325469970703,3.660458564758301,-68.51209259033203,99.82989501953125,,
1780510094.43335,22130.420362295,-11.312348365783691,-46.59953689575195,87.8272705078125,14.248921394348145,-20.75164031982422,78.91036224365234,2.1330208778381348,-19.661640167236328,93.03275299072266,3.1381402015686035,-68.12362670898438,99.06239318847656,,
1780510094.4533386,22130.441295821,-14.150047302246094,-43.111122131347656,87.53738403320312,14.533548355102539,-20.119478225708008,77.50484466552734,2.7299365997314453,-24.13931655883789,90.82848358154297,1.7341212034225464,-63.405616760253906,98.53408813476562,,
1780510094.4733377,22130.461101415,-17.007638931274414,-36.67307662963867,86.49559783935547,14.950217247009277,-20.35669708251953,76.9900131225586,2.5044422149658203,-32.72185134887695,90.20865631103516,-1.0312892198562622,-53.94458770751953,97.14639282226562,,
1780510094.4933002,22130.481078533,-18.54848861694336,-29.69814109802246,84.97130584716797,15.07750129699707,-22.456993103027344,78.11193084716797,0.8795561194419861,-41.6785774230957,90.96835327148438,-2.8757786750793457,-42.40656280517578,94.55790710449219,,
1780510094.51331,22130.500816874,-18.077871322631836,-25.511930465698242,84.47087860107422,15.011507987976074,-26.131591796875,79.4652099609375,-0.0397077314555645,-46.66311264038086,91.54732513427734,-2.8619327545166016,-34.87105941772461,91.75852966308594,,
1780510094.5332787,22130.520626823,-16.70195770263672,-23.001361846923828,83.07998657226562,14.881708145141602,-30.301837921142578,80.06160736083984,-0.15106447041034698,-48.86761474609375,91.949462890625,-2.63958740234375,-31.316753387451172,89.8509750366211,,
1780510094.5534635,22130.54123327,-15.020530700683594,-22.255544662475586,81.47319030761719,15.244671821594238,-34.4234733581543,80.42292022705078,-0.033406347036361694,-49.055755615234375,92.34117889404297,-3.119211435317993,-30.619869232177734,87.52804565429688,,
1780510094.5732129,22130.560826167,-13.442899703979492,-22.50620460510254,78.91238403320312,14.593049049377441,-38.85725021362305,80.54936218261719,0.62522953748703,-50.16808319091797,92.6494369506836,-2.2428090572357178,-28.541805267333984,84.9586181640625,,
1780510094.5935857,22130.581038487,-11.437111854553223,-24.276700973510742,76.53842163085938,13.167567253112793,-44.05076217651367,80.56290435791016,1.7686034440994263,-50.80304718017578,92.46929168701172,-1.545080542564392,-26.74259376525879,82.61481475830078,,
1780510094.6135626,22130.601383479,-10.395089149475098,-28.188552856445312,74.70298767089844,10.451619148254395,-49.28032684326172,80.38420867919922,3.701972246170044,-50.37913513183594,91.2630386352539,-0.9345017671585083,-26.296377182006836,81.48265075683594,,
1780510094.6334972,22130.621309513,-8.650301933288574,-31.954204559326172,75.6162338256836,5.584867000579834,-54.08230972290039,80.07300567626953,3.649639368057251,-45.666996002197266,90.77567291259766,-0.23633724451065063,-31.3463077545166,82.90511322021484,,
1780510094.654453,22130.641243724,-9.409486770629883,-37.0944938659668,78.67145538330078,0.23487761616706848,-54.73744583129883,78.77792358398438,3.8020215034484863,-39.40410232543945,89.9834976196289,1.2316490411758423,-36.94163131713867,86.77507781982422,,
1780510094.673476,22130.660458586,-10.432421684265137,-41.2114143371582,80.5340576171875,-0.8023603558540344,-51.88968276977539,77.79759979248047,3.7733960151672363,-35.7669677734375,88.69720458984375,1.2993849515914917,-41.57438659667969,86.90970611572266,,
1780510094.6935408,22130.680899438,-9.279088020324707,-43.17343521118164,81.9791259765625,-0.6660048961639404,-48.92946243286133,77.66246032714844,3.540086269378662,-33.57041931152344,86.97014617919922,0.8974214196205139,-44.863162994384766,85.57534790039062,,
1780510094.7134032,22130.700791946,-8.489072799682617,-44.751495361328125,82.93712615966797,-0.17174318432807922,-48.40135192871094,78.9900894165039,4.257752895355225,-30.49709129333496,85.81538391113281,-0.20107777416706085,-46.067771911621094,84.66177368164062,,
1780510094.7333703,22130.722558897,-8.604379653930664,-45.789398193359375,83.47006225585938,0.49516716599464417,-48.09722137451172,80.0098876953125,5.8797125816345215,-28.633880615234375,84.87557220458984,-1.6486072540283203,-46.86784362792969,84.19337463378906,,
1780510094.7532225,22130.740267636,-8.838034629821777,-45.99442672729492,83.43557739257812,-0.4387972950935364,-47.849117279052734,80.20051574707031,7.2934980392456055,-28.135704040527344,83.12298583984375,-2.297697067260742,-46.582584381103516,83.94831085205078,,
1780510094.7736154,22130.760909528,-8.99893569946289,-45.41749954223633,83.67697143554688,-1.8506999015808105,-48.2108039855957,79.85870361328125,8.427628517150879,-27.685169219970703,81.2500991821289,-2.4591197967529297,-45.69645690917969,83.7448501586914,,
1780510094.7933185,22130.780513365,-9.236454010009766,-44.40304946899414,84.11324310302734,-3.2351996898651123,-48.62816619873047,79.1430435180664,8.843993186950684,-26.87428092956543,79.96839141845703,-2.6631431579589844,-44.8044548034668,83.66018676757812,,
1780510094.8133242,22130.801211243,-9.499038696289062,-43.632728576660156,84.44671630859375,-4.074478626251221,-49.07052993774414,78.57008361816406,9.186081886291504,-26.15526008605957,79.15818786621094,-3.1474618911743164,-43.85310745239258,83.4692611694336,,
1780510094.8333876,22130.820957019,-9.497244834899902,-43.03775405883789,84.54399871826172,-4.800752639770508,-49.15835189819336,78.35030364990234,9.828436851501465,-25.983654022216797,78.32167053222656,-3.4486749172210693,-42.55793762207031,83.27005767822266,,
1780510094.854093,22130.842023135,-9.555602073669434,-42.976768493652344,84.63236999511719,-5.143739700317383,-49.5808219909668,78.16641235351562,10.487958908081055,-26.041812896728516,77.66203308105469,-4.000204563140869,-40.8095588684082,82.9574966430664,,
1780510094.874225,22130.861445356,-9.44102954864502,-43.37226104736328,84.73007202148438,-5.3806471824646,-49.859954833984375,78.3526611328125,10.804902076721191,-26.37303352355957,77.18895721435547,-4.403889179229736,-39.0501823425293,82.69718170166016,,
1780510094.893429,22130.880395834,-9.283645629882812,-43.858680725097656,84.92048645019531,-5.64029598236084,-50.283485412597656,78.5749282836914,10.970723152160645,-26.426237106323242,77.00369262695312,-4.876709938049316,-37.20810317993164,82.49717712402344,,
1780510094.913347,22130.900332223,-9.206870079040527,-44.450565338134766,85.12023162841797,-6.263444423675537,-50.669158935546875,79.00629425048828,11.195366859436035,-26.542043685913086,76.70291900634766,-5.474684238433838,-35.566505432128906,82.2167739868164,,
1780510094.9342039,22130.921513438,-9.056829452514648,-45.29523468017578,85.39088439941406,-6.847159385681152,-51.17851638793945,79.47354125976562,11.553961753845215,-26.83131217956543,76.52349853515625,-5.965329170227051,-33.77224349975586,81.9463882446289,,
1780510094.9543445,22130.941604378,-8.755596160888672,-46.278175354003906,85.71150207519531,-7.519438743591309,-51.617469787597656,79.98917388916016,11.784516334533691,-26.94590950012207,76.54673767089844,-6.2706499099731445,-32.30202102661133,81.79724884033203,,
1780510094.9740796,22130.961606769,-8.540675163269043,-47.21084213256836,86.0396728515625,-8.282288551330566,-52.1546745300293,80.36615753173828,12.120889663696289,-26.836015701293945,76.5546646118164,-6.631889820098877,-30.96349334716797,81.6743392944336,,
1780510094.9936056,22130.98058898,-8.215655326843262,-48.1536979675293,86.38566589355469,-8.989802360534668,-52.735496520996094,80.45124053955078,12.343437194824219,-26.596139907836914,76.60050201416016,-6.724911212921143,-29.974796295166016,81.61929321289062,,
1780510095.0133257,22131.000328439,-7.862206935882568,-49.130374908447266,86.73184204101562,-9.678943634033203,-53.22092819213867,80.65196228027344,12.563055992126465,-26.373432159423828,76.65967559814453,-6.616778373718262,-29.039670944213867,81.66852569580078,,
1780510095.0336835,22131.021076917,-7.624255180358887,-49.85572814941406,87.05501556396484,-10.42961597442627,-53.54024124145508,80.75173950195312,12.65532112121582,-26.184476852416992,76.54706573486328,-6.531446933746338,-28.395112991333008,81.69551086425781,,
1780510095.0534306,22131.041869191,-7.349549770355225,-50.46866226196289,87.44132232666016,-10.959650993347168,-53.731327056884766,80.73685455322266,12.717229843139648,-26.088314056396484,76.46239471435547,-6.377908706665039,-27.799192428588867,81.66728973388672,,
1780510095.0734532,22131.061438579,-7.168253421783447,-50.89664840698242,87.75445556640625,-11.375285148620605,-53.76152038574219,80.83892059326172,12.537076950073242,-26.32102394104004,76.47056579589844,-6.270068645477295,-27.352619171142578,81.59899139404297,,
1780510095.0935657,22131.083294704,-6.9828200340271,-51.30432891845703,88.06501770019531,-11.802496910095215,-53.60346984863281,81.38157653808594,12.352187156677246,-26.714603424072266,76.3368911743164,-6.3364434242248535,-26.703413009643555,81.37016296386719,,
1780510095.1134777,22131.100680183,-6.798494338989258,-51.689697265625,88.35198211669922,-11.910499572753906,-53.09050750732422,82.06330108642578,11.972233772277832,-27.367273330688477,76.61897277832031,-6.5173444747924805,-25.873117446899414,81.03665161132812,,
1780510095.133434,22131.120807247,-6.601837158203125,-52.323280334472656,88.54077911376953,-11.985422134399414,-52.45943069458008,83.21137237548828,11.380095481872559,-28.188091278076172,76.964599609375,-6.9284749031066895,-24.945194244384766,80.32048034667969,,
1780510095.153463,22131.14103755,-6.458978176116943,-53.071720123291016,88.47128295898438,-11.688262939453125,-51.39057159423828,84.70272827148438,10.775838851928711,-29.170785903930664,77.74639892578125,-7.530511379241943,-24.08698844909668,79.24629974365234,,
1780510095.1734204,22131.161391941,-6.141846656799316,-53.671573638916016,88.16667938232422,-10.896319389343262,-49.98121643066406,86.42058563232422,10.084941864013672,-30.11145782470703,79.06948852539062,-8.464940071105957,-23.122268676757812,77.54129028320312,,
1780510095.1934063,22131.181163538,-5.703829288482666,-54.2405891418457,87.44976806640625,-9.5453462600708,-48.14482116699219,88.27584838867188,9.253666877746582,-31.217172622680664,80.56126403808594,-9.324379920959473,-22.0122127532959,75.3236083984375,,
1780510095.213511,22131.200650488,-5.407925128936768,-54.256351470947266,86.51173400878906,-7.550437927246094,-46.042877197265625,89.59458923339844,8.213164329528809,-32.828407287597656,82.00761413574219,-10.015275001525879,-21.409263610839844,73.48143005371094,,
1780510095.2333612,22131.220380586,-5.1429524421691895,-53.98227310180664,85.62189483642578,-5.013813495635986,-44.128055572509766,90.1093521118164,7.604592800140381,-34.84107208251953,82.88726806640625,-9.963037490844727,-21.502483367919922,72.23405456542969,,
1780510095.2533739,22131.240744185,-4.980498313903809,-53.695823669433594,84.66230773925781,-3.1292636394500732,-42.44602584838867,89.99404907226562,7.14430570602417,-35.7859992980957,83.35562896728516,-9.532266616821289,-22.79229164123535,71.03556060791016,,
1780510095.2733996,22131.260734323,-4.757937908172607,-53.69124221801758,83.80563354492188,-2.0045597553253174,-41.52696990966797,89.60343170166016,6.82636833190918,-35.5618896484375,83.4496841430664,-8.674341201782227,-24.744813919067383,70.04389953613281,,
1780510095.2934158,22131.281038922,-4.715092658996582,-53.48122024536133,82.81871795654297,-1.269510269165039,-41.57726287841797,89.01530456542969,6.930481433868408,-34.71057891845703,83.30917358398438,-7.643881320953369,-27.08363914489746,69.67311096191406,,
1780510095.313586,22131.301020883,-4.839337348937988,-53.40480041503906,81.945556640625,-1.2005162239074707,-42.56258773803711,88.20619201660156,7.434222221374512,-33.440486907958984,82.67718505859375,-6.483119010925293,-29.557804107666016,69.68112182617188,,
1780510095.3335626,22131.320810999,-5.16671085357666,-53.08570861816406,81.46233367919922,-1.9846177101135254,-44.57637023925781,87.1200180053711,7.901280879974365,-31.44963264465332,81.76173400878906,-5.15758752822876,-32.517173767089844,70.70878601074219,,
1780510095.3533556,22131.340462811,-5.6796135902404785,-52.43431854248047,82.29723358154297,-4.328781604766846,-47.93058395385742,85.17890930175781,8.425046920776367,-28.80365753173828,80.35382080078125,-3.4287850856781006,-36.305171966552734,73.7125473022461,,
1780510095.3734076,22131.360526965,-6.687701225280762,-50.611297607421875,84.06287384033203,-7.465768337249756,-51.89700698852539,81.96980285644531,10.029234886169434,-26.191932678222656,78.4273452758789,-1.9405771493911743,-40.43301773071289,77.51925659179688,,
1780510095.3934345,22131.380723655,-7.969422817230225,-47.39480209350586,85.54243469238281,-8.440428733825684,-53.6265754699707,79.02450561523438,10.53840160369873,-26.26429557800293,76.06414794921875,-0.8110557198524475,-43.336917877197266,79.83277130126953,,
1780510095.4134035,22131.400473559,-7.59259557723999,-43.98194885253906,86.1451644897461,-7.19035530090332,-51.87855529785156,77.08615112304688,9.219846725463867,-27.793445587158203,74.89630889892578,0.8224999308586121,-45.25188064575195,81.63734436035156,,
1780510095.433389,22131.420748781,-6.706159591674805,-40.78886032104492,85.99372863769531,-6.003108501434326,-50.539085388183594,76.42343139648438,7.420506954193115,-28.68784523010254,74.0706787109375,1.1212470531463623,-45.96372985839844,82.56815338134766,,
1780510095.4534047,22131.440927372,-7.185922622680664,-38.05681228637695,85.9107666015625,-4.111171245574951,-50.1631965637207,76.05671691894531,7.072685241699219,-30.53466796875,73.6423568725586,-0.6579298377037048,-44.47549819946289,82.38137817382812,,
1780510095.473386,22131.461195839,-8.803176879882812,-36.64070129394531,85.22186279296875,-1.9141631126403809,-47.868980407714844,77.57681274414062,7.821898460388184,-33.846649169921875,73.69930267333984,-3.1745612621307373,-40.9495849609375,81.88554382324219,,
1780510095.4934149,22131.480879076,-11.118871688842773,-36.67979431152344,84.0115737915039,1.2907191514968872,-44.55012893676758,80.7061538696289,7.322905540466309,-37.36670684814453,74.78704833984375,-5.962583541870117,-36.169673919677734,80.87247467041016,,
1780510095.5134327,22131.500958401,-13.106605529785156,-38.4265251159668,82.29098510742188,5.594954967498779,-40.84561538696289,85.24276733398438,5.7472076416015625,-39.74258804321289,78.06279754638672,-9.361186981201172,-32.19670486450195,77.72639465332031,,
1780510095.533449,22131.520385036,-12.173738479614258,-40.444149017333984,81.33116912841797,7.389948844909668,-37.38218307495117,86.93274688720703,4.39453125,-41.12261199951172,80.95244598388672,-10.268085479736328,-30.01697540283203,75.63363647460938,,
1780510095.5534928,22131.540724144,-10.374279022216797,-41.05369186401367,80.0293960571289,8.037922859191895,-36.626766204833984,86.6151351928711,3.967525005340576,-42.02330017089844,82.97259521484375,-8.841654777526855,-29.143634796142578,75.2763671875,,
1780510095.573495,22131.560876733,-8.42724895477295,-42.079124450683594,78.51840209960938,8.174338340759277,-37.6466178894043,85.8151626586914,5.243992805480957,-42.09178924560547,83.75481414794922,-7.173517227172852,-29.31415367126465,74.62610626220703,,
1780510095.5934339,22131.581224667,-7.172410488128662,-43.39725875854492,76.86365509033203,7.440629482269287,-39.96163558959961,84.73966217041016,6.7029032707214355,-41.152713775634766,83.86229705810547,-5.973633766174316,-30.91265296936035,73.01686096191406,,
1780510095.6134248,22131.600337705,-6.921806335449219,-43.87520217895508,76.25379943847656,5.14565372467041,-44.073829650878906,83.94268798828125,7.589742183685303,-38.98796844482422,83.5579605102539,-4.877107620239258,-33.49658203125,73.29796600341797,,
1780510095.6334329,22131.620294504,-7.086316108703613,-43.92091369628906,77.60513305664062,0.75797039270401,-49.35117721557617,82.26356506347656,7.438793182373047,-35.396610260009766,82.84954071044922,-2.7013230323791504,-37.174354553222656,76.65261840820312,,
1780510095.653387,22131.640742237,-8.460110664367676,-44.62007141113281,80.26222229003906,-3.8057806491851807,-51.9747428894043,79.92977142333984,7.893514633178711,-31.417898178100586,82.2014389038086,-1.0713200569152832,-41.65940475463867,80.96437072753906,,
1780510095.6733375,22131.66053639,-9.644756317138672,-44.21137619018555,82.30756378173828,-4.809749126434326,-50.87894058227539,77.41387939453125,7.071561813354492,-31.637935638427734,80.45291900634766,0.02586774155497551,-44.77487564086914,82.67071533203125,,
1780510095.6934192,22131.680330792,-8.654204368591309,-42.95267868041992,83.65514373779297,-4.750331401824951,-49.014957427978516,76.15410614013672,5.761859893798828,-32.0140380859375,78.81320190429688,1.1166216135025024,-46.30939865112305,82.96492767333984,,
1780510095.7133768,22131.70021213,-7.36368989944458,-41.8508186340332,84.52545166015625,-4.673069000244141,-48.76554870605469,75.76984405517578,4.9311981201171875,-30.58955192565918,78.37109375,0.6788344383239746,-45.764400482177734,82.95164489746094,,
1780510095.73341,22131.720296268,-7.375100135803223,-41.067779541015625,84.84712982177734,-3.979372024536133,-48.63609313964844,76.13597106933594,6.1341047286987305,-30.199575424194336,78.49536895751953,-0.9619689583778381,-43.73632049560547,82.47272491455078,,
1780510095.7535741,22131.740462142,-7.895986557006836,-40.788822174072266,84.55056762695312,-3.4775490760803223,-47.69401931762695,77.113037109375,8.26771354675293,-31.593326568603516,78.54222869873047,-2.313504219055176,-40.11941909790039,82.00164794921875,,
1780510095.7733529,22131.760284186,-8.512090682983398,-41.1778450012207,84.20429992675781,-2.877518653869629,-47.08591079711914,78.44914245605469,9.095986366271973,-33.182289123535156,78.45987701416016,-3.764390468597412,-36.02947235107422,81.35398864746094,,
1780510095.7948148,22131.781905553,-9.206154823303223,-42.25816345214844,84.15156555175781,-1.757761836051941,-46.63177490234375,80.23417663574219,8.82217788696289,-34.41961669921875,78.90364074707031,-5.5880537033081055,-32.82844543457031,80.28108978271484,,
1780510095.8144476,22131.801914636,-9.241512298583984,-44.007530212402344,84.19242858886719,-1.0145564079284668,-46.271976470947266,82.33723449707031,8.424570083618164,-34.953121185302734,79.74732208251953,-7.318049907684326,-30.378204345703125,78.84246063232422,,
1780510095.8336215,22131.820669293,-8.652990341186523,-45.97616195678711,83.89557647705078,-0.9843851327896118,-46.08588790893555,84.4467544555664,8.42944049835205,-35.28569793701172,80.90902709960938,-8.59744644165039,-28.210134506225586,76.85733795166016,,
1780510095.8541822,22131.841411607,-7.429044723510742,-47.75639724731445,83.2784423828125,-1.1906564235687256,-45.972408294677734,85.7702865600586,8.271490097045898,-35.68791961669922,82.01344299316406,-8.942200660705566,-26.163232803344727,75.02315521240234,,
1780510095.8735478,22131.861104392,-6.13165807723999,-48.92972946166992,82.82984161376953,-1.3790658712387085,-46.19263458251953,86.24549102783203,8.280505180358887,-35.8948860168457,82.6764144897461,-8.677271842956543,-25.20355987548828,74.13311004638672,,
1780510095.8939428,22131.881244342,-5.34954309463501,-49.34052658081055,82.35999298095703,-2.0115487575531006,-47.249271392822266,85.97828674316406,8.442745208740234,-35.25098419189453,82.92521667480469,-8.128056526184082,-25.699392318725586,73.8698959350586,,
1780510095.914308,22131.902899267,-4.899738788604736,-49.85477066040039,82.50878143310547,-3.809911012649536,-48.977325439453125,85.21587371826172,8.884531021118164,-33.090579986572266,82.51697540283203,-7.068896770477295,-27.382240295410156,74.29583740234375,,
1780510095.9340334,22131.92097336,-5.261663436889648,-50.5027961730957,83.65901184082031,-6.978248596191406,-51.500831604003906,83.58611297607422,9.607154846191406,-30.291763305664062,81.50924682617188,-5.112905502319336,-30.465015411376953,76.75713348388672,,
1780510095.9535768,22131.940993651,-6.784063339233398,-50.27206802368164,85.1608657836914,-9.380671501159668,-53.91987609863281,81.2058334350586,11.241904258728027,-27.355688095092773,80.05077362060547,-3.58762264251709,-34.292213439941406,79.68962860107422,,
1780510095.974054,22131.961341364,-7.92700719833374,-49.027313232421875,86.39142608642578,-10.197818756103516,-54.53966522216797,78.91797637939453,11.5946626663208,-26.345684051513672,77.77613830566406,-2.328385591506958,-37.19514083862305,81.1161117553711,,
1780510095.9935408,22131.980480215,-7.85520076751709,-47.34246826171875,87.24727630615234,-9.856961250305176,-53.81201171875,77.58931732177734,10.57276725769043,-26.449878692626953,76.40388488769531,-1.3029584884643555,-39.026222229003906,81.79720306396484,,
1780510096.014054,22132.001615662,-6.9903740882873535,-45.720394134521484,87.68657684326172,-9.3292236328125,-53.14535903930664,77.36073303222656,9.424725532531738,-26.276731491088867,75.28852081298828,-1.164933204650879,-39.48118209838867,82.26331329345703,,
1780510096.034153,22132.021118261,-6.961462020874023,-44.69786834716797,87.88441467285156,-8.875811576843262,-52.774349212646484,77.78177642822266,9.891887664794922,-26.875202178955078,74.47101593017578,-2.3179891109466553,-37.977962493896484,81.878662109375,,
1780510096.0540562,22132.041181814,-7.4155755043029785,-44.1319465637207,87.78881072998047,-7.900197982788086,-51.3216667175293,79.09187316894531,10.74129867553711,-28.88724136352539,74.24153137207031,-3.678574323654175,-35.561065673828125,81.48611450195312,,
1780510096.073932,22132.061160842,-8.394340515136719,-44.33921813964844,87.52114868164062,-6.515088081359863,-49.481990814208984,81.41466522216797,10.81420612335205,-31.140522003173828,74.4576416015625,-5.780946731567383,-32.24736022949219,80.66011047363281,,
1780510096.0942223,22132.081178299,-9.939697265625,-45.690616607666016,86.7352294921875,-3.9383864402770996,-47.22319412231445,85.01470184326172,9.344141006469727,-33.36237716674805,76.03858184814453,-8.490606307983398,-28.97055435180664,78.63240051269531,,
1780510096.1135519,22132.100795593,-10.088059425354004,-47.60792922973633,85.34650421142578,-1.5074119567871094,-43.79658889770508,88.7800064086914,7.777638912200928,-35.28199768066406,78.96226501464844,-11.351202964782715,-26.271657943725586,75.5020751953125,,
1780510096.1335156,22132.120860494,-8.367183685302734,-48.840049743652344,84.31776428222656,0.10371194034814835,-41.086429595947266,89.99142456054688,5.812289714813232,-37.40675354003906,81.6283950805664,-11.245035171508789,-24.321861267089844,73.71141815185547,,
1780510096.153508,22132.140559559,-6.61995792388916,-48.87295150756836,83.34407043457031,1.6880658864974976,-40.03338623046875,89.48324584960938,5.203624725341797,-39.29405212402344,83.12470245361328,-9.575879096984863,-24.370424270629883,73.4384765625,,
1780510096.1735604,22132.160743326,-5.726869583129883,-49.18376159667969,81.80351257324219,2.667875289916992,-39.893436431884766,88.60359191894531,5.8445916175842285,-39.611324310302734,83.5534439086914,-8.057293891906738,-25.8089656829834,72.35841369628906,,
1780510096.1935,22132.180506054,-5.413827419281006,-49.5728759765625,80.23396301269531,2.640003204345703,-40.642086029052734,87.65424346923828,6.241345405578613,-38.39008331298828,83.72737121582031,-6.9913763999938965,-28.146791458129883,71.03398132324219,,
1780510096.2132175,22132.200331693,-5.493963241577148,-49.62544631958008,79.22650146484375,1.8180747032165527,-42.58551788330078,86.68093872070312,6.951005458831787,-36.869754791259766,83.37797546386719,-5.803866863250732,-30.73847007751465,71.03666687011719,,
1780510096.2335095,22132.221270388,-5.977934837341309,-49.1402702331543,78.9369125366211,0.2574954628944397,-45.62032699584961,85.41270446777344,7.627772331237793,-34.557735443115234,82.43650817871094,-4.322734355926514,-33.709110260009766,72.60328674316406,,
1780510096.2534392,22132.241251051,-6.432549476623535,-48.79045867919922,80.35662841796875,-3.552503824234009,-49.55509948730469,82.9681396484375,7.671492576599121,-31.252687454223633,81.1231460571289,-1.6704070568084717,-38.15324020385742,76.09274291992188,,
1780510096.273629,22132.261377848,-7.692973613739014,-47.22595977783203,82.73194122314453,-6.437231063842773,-52.226497650146484,79.9455795288086,8.385074615478516,-28.56572723388672,79.52754974365234,-0.5224575996398926,-42.514190673828125,79.67701721191406,,
1780510096.2935379,22132.281144204,-8.212111473083496,-44.93668746948242,84.14722442626953,-6.790006637573242,-51.66952896118164,77.71695709228516,7.826713562011719,-29.67978858947754,77.6434555053711,0.8155447840690613,-45.23521041870117,81.30267333984375,,
1780510096.3136473,22132.301572466,-6.9705634117126465,-41.843910217285156,84.90503692626953,-5.972141742706299,-49.67045211791992,76.37458038330078,6.237101078033447,-30.701519012451172,76.8046875,2.102113723754883,-46.726158142089844,82.50428009033203,,
1780510096.3336077,22132.320887236,-6.236334323883057,-39.152828216552734,85.022216796875,-5.212869644165039,-49.11902618408203,75.80665588378906,5.259449481964111,-30.99074363708496,76.47103881835938,1.612525224685669,-46.458919525146484,82.7168197631836,,
1780510096.3535829,22132.340578691,-6.856223106384277,-37.23127365112305,84.95852661132812,-3.4223439693450928,-48.168209075927734,75.89855194091797,6.099598407745361,-32.28776550292969,76.7477035522461,-0.04735828936100006,-44.46733856201172,82.43950653076172,,
1780510096.373581,22132.360708278,-8.127367973327637,-36.2722282409668,84.11738586425781,-1.6436996459960938,-45.966670989990234,77.1523666381836,7.3325886726379395,-34.972381591796875,77.1240463256836,-1.9292851686477661,-40.8690185546875,82.0417251586914,,
1780510096.3935215,22132.380732235,-10.193692207336426,-36.81324768066406,83.13541412353516,1.1682697534561157,-43.912353515625,79.45761108398438,7.311503887176514,-37.86225891113281,77.69403839111328,-4.279317378997803,-36.381675720214844,80.7897720336914,,
1780510096.4134567,22132.400741202,-12.137467384338379,-38.861148834228516,81.753662109375,4.616524696350098,-41.66501235961914,83.26679229736328,6.407607555389404,-39.69248962402344,79.5333251953125,-7.1799211502075195,-32.317081451416016,78.04133605957031,,
1780510096.4335303,22132.42047722,-11.488712310791016,-41.25263595581055,81.0250244140625,6.332460880279541,-39.492401123046875,85.49418640136719,5.734763145446777,-41.14856719970703,81.4498291015625,-8.693432807922363,-29.48539924621582,75.69927978515625,,
1780510096.4534993,22132.440738112,-9.736490249633789,-42.514793395996094,80.144287109375,6.705606937408447,-39.03464889526367,85.68798828125,5.4128899574279785,-42.09941101074219,82.86941528320312,-7.822569370269775,-27.730546951293945,74.8508071899414,,
1780510096.4736185,22132.461100962,-8.027066230773926,-43.638702392578125,78.97767639160156,6.5182013511657715,-40.0700798034668,85.2708969116211,6.055761337280273,-42.16525650024414,83.48847961425781,-6.597527980804443,-27.658607482910156,73.91197967529297,,
1780510096.49351,22132.481492747,-7.051475524902344,-44.630027770996094,77.44925689697266,5.524093151092529,-42.088104248046875,84.6788101196289,6.756958961486816,-40.702056884765625,83.7636947631836,-5.664934158325195,-29.23923683166504,72.63282775878906,,
1780510096.5135674,22132.500976797,-6.571542739868164,-45.0360107421875,76.9985580444336,3.110954761505127,-45.5255012512207,83.89921569824219,7.287496089935303,-38.17383575439453,83.58793640136719,-4.311623573303223,-31.745223999023438,73.2145767211914,,
1780510096.533623,22132.52114983,-6.825602054595947,-45.206092834472656,78.326904296875,-1.2151684761047363,-50.062522888183594,82.24626159667969,7.489673137664795,-34.484214782714844,82.95732116699219,-1.9774471521377563,-35.94664001464844,76.6783218383789,,
1780510096.5534494,22132.540835283,-8.224767684936523,-45.567344665527344,81.13230895996094,-4.882138729095459,-52.266441345214844,79.92887115478516,8.738344192504883,-30.77668571472168,81.79741668701172,-0.8553110957145691,-40.64826202392578,80.44525909423828,,
1780510096.5734901,22132.560455705,-9.35448169708252,-44.75197219848633,83.0047836303711,-5.527411460876465,-51.269134521484375,77.65583038330078,8.261918067932129,-30.959716796875,79.70034790039062,0.12976787984371185,-43.917930603027344,81.80738830566406,,
1780510096.5934796,22132.580591829,-8.361543655395508,-43.1793212890625,84.27127838134766,-5.267115116119385,-49.43374252319336,76.60830688476562,7.149542808532715,-31.070722579956055,78.2303237915039,1.0751550197601318,-45.57301712036133,82.20053100585938,,
1780510096.6135037,22132.600965441,-7.243801593780518,-42.046138763427734,84.93841552734375,-5.1694793701171875,-49.07730484008789,76.63250732421875,6.462444305419922,-30.04718017578125,77.25940704345703,0.437782883644104,-45.470375061035156,82.05972290039062,,
1780510096.6334827,22132.621153765,-7.419928073883057,-41.355804443359375,85.16726684570312,-4.624246597290039,-48.84383773803711,77.35334014892578,7.73085880279541,-30.046714782714844,76.93638610839844,-1.2307721376419067,-43.632503509521484,81.58175659179688,,
1780510096.6535804,22132.641480278,-7.992022514343262,-41.24140167236328,84.93592834472656,-4.050203800201416,-47.65727996826172,78.60993957519531,9.42469596862793,-31.228517532348633,77.04470825195312,-2.7361483573913574,-40.369632720947266,81.21086120605469,,
1780510096.6734989,22132.660940127,-8.906973838806152,-41.707088470458984,84.59590911865234,-3.1882550716400146,-46.6605224609375,80.1762924194336,9.954838752746582,-32.67032241821289,76.9464340209961,-4.55524206161499,-36.7298698425293,80.60569763183594,,
1780510096.6936014,22132.680672629,-10.090144157409668,-43.19664764404297,84.1895523071289,-1.6199989318847656,-45.79072570800781,82.58568572998047,9.314376831054688,-33.905242919921875,77.74983215332031,-6.683159828186035,-33.083133697509766,79.3036117553711,,
1780510096.7136602,22132.702654216,-10.28947639465332,-45.27763748168945,83.56707000732422,-0.38923829793930054,-44.440773010253906,85.57994842529297,8.615937232971191,-34.703495025634766,79.36349487304688,-8.816110610961914,-29.802526473999023,77.24372863769531,,
1780510096.7335227,22132.722405637,-9.048181533813477,-47.14189147949219,82.95594787597656,0.07957512140274048,-43.37789535522461,87.41947174072266,7.774676322937012,-35.54143524169922,81.13453674316406,-9.933745384216309,-27.186378479003906,75.23330688476562,,
1780510096.753571,22132.740937205,-7.311188220977783,-48.36876678466797,82.32379150390625,0.41044944524765015,-42.88533020019531,87.86844635009766,7.333311080932617,-36.7135124206543,82.43692779541016,-9.300992012023926,-25.50535011291504,74.09465789794922,,
1780510096.7740965,22132.761307255,-5.325799942016602,-48.61946487426758,82.16002655029297,0.5358563661575317,-43.699947357177734,87.36299896240234,8.146391868591309,-36.79929733276367,82.83126068115234,-9.234164237976074,-26.104360580444336,73.3575668334961,,
1780510096.7941017,22132.781547267,-4.829859256744385,-49.1163215637207,81.4963607788086,-0.17474772036075592,-45.10512924194336,86.53192901611328,9.07230281829834,-35.425323486328125,82.61843872070312,-8.456284523010254,-27.744653701782227,72.89959716796875,,
1780510096.8143978,22132.801633961,-4.901857852935791,-49.680335998535156,82.01302337646484,-2.637208938598633,-47.45604705810547,85.13941192626953,9.612900733947754,-32.732383728027344,82.01312255859375,-6.93045711517334,-30.44041633605957,74.02051544189453,,
1780510096.8336964,22132.821325416,-5.838647365570068,-50.048973083496094,83.34471130371094,-5.990722179412842,-51.14751052856445,83.16287231445312,10.114497184753418,-29.438377380371094,80.89472961425781,-4.585241794586182,-33.9662971496582,77.4737777709961,,
1780510096.8536227,22132.841337784,-7.426526069641113,-49.41330337524414,85.03951263427734,-8.491255760192871,-54.0939826965332,80.04440307617188,11.020332336425781,-26.472713470458984,79.34027862548828,-2.9211719036102295,-37.244686126708984,80.47970581054688,,
1780510096.873563,22132.861097155,-8.402548789978027,-48.000091552734375,86.26688385009766,-9.16771125793457,-54.46914291381836,77.81478881835938,10.217619895935059,-26.3620548248291,77.59050750732422,-1.5057358741760254,-39.57951354980469,82.00550842285156,,
1780510096.8935256,22132.880894512,-7.822432041168213,-46.45587921142578,86.91703796386719,-8.803093910217285,-53.399620056152344,76.77569580078125,8.759530067443848,-26.591724395751953,76.4023208618164,-0.30158689618110657,-40.55560302734375,83.0436019897461,,
1780510096.9134765,22132.900553827,-7.180911064147949,-45.01353073120117,87.1490707397461,-8.157724380493164,-53.288818359375,76.26812744140625,8.156571388244629,-26.402097702026367,75.74095153808594,-0.5581549406051636,-39.82314682006836,83.1012191772461,,
1780510096.9335732,22132.920638717,-7.194429397583008,-44.01222229003906,87.27188873291016,-7.05486536026001,-52.95286178588867,76.3453369140625,8.968317985534668,-27.16131019592285,75.60289764404297,-1.6807544231414795,-37.763336181640625,82.68439483642578,,
1780510096.9535918,22132.94426818,-7.486794948577881,-43.44841003417969,86.89441680908203,-5.963839054107666,-51.6989631652832,77.50463104248047,10.250155448913574,-28.93553352355957,75.70321655273438,-2.8648180961608887,-34.680057525634766,82.27725219726562,,
1780510096.9735024,22132.961549606,-8.166125297546387,-43.676124572753906,86.5815658569336,-4.543274402618408,-50.474586486816406,79.37644958496094,10.733635902404785,-31.186185836791992,75.80475616455078,-4.74633264541626,-31.3780574798584,81.34090423583984,,
1780510096.9935863,22132.980657724,-9.082230567932129,-44.671287536621094,86.09204864501953,-2.504106044769287,-48.91420364379883,82.08291625976562,10.149080276489258,-33.47134017944336,76.58805847167969,-7.1161041259765625,-28.914203643798828,79.64728546142578,,
1780510097.0136306,22133.001128403,-9.317072868347168,-46.30332946777344,85.17621612548828,-0.6329243779182434,-46.547550201416016,85.40873718261719,9.445719718933105,-35.11109161376953,78.50320434570312,-9.959964752197266,-26.880111694335938,76.79861450195312,,
1780510097.0335848,22133.020564276,-8.139992713928223,-47.96639633178711,84.1925048828125,0.5111904144287109,-44.23456954956055,87.62965393066406,8.528116226196289,-36.77278518676758,80.59364318847656,-11.17954158782959,-25.308246612548828,74.34910583496094,,
1780510097.0534732,22133.040935701,-6.792510986328125,-48.76497268676758,82.97821044921875,1.6992989778518677,-42.58323287963867,88.17205810546875,7.876615047454834,-38.37018966674805,82.11014556884766,-10.484346389770508,-24.80139923095703,73.26661682128906,,
1780510097.073529,22133.061126552,-5.625880241394043,-48.88991165161133,81.59671783447266,2.6640923023223877,-42.08146286010742,87.73927307128906,7.919759750366211,-38.81370162963867,82.89761352539062,-9.369744300842285,-25.908187866210938,72.6637954711914,,
1780510097.0939753,22133.081180582,-5.2237372398376465,-49.1053466796875,80.11636352539062,2.725282669067383,-42.650150299072266,87.01116943359375,8.375341415405273,-37.460208892822266,83.11309051513672,-8.590348243713379,-28.261816024780273,71.84013366699219,,
1780510097.1135936,22133.101336243,-5.348052501678467,-49.27791213989258,79.39192199707031,1.5231071710586548,-44.463172912597656,86.03169250488281,8.902546882629395,-35.21781539916992,82.86888885498047,-7.3488311767578125,-31.33746337890625,72.06343841552734,,
1780510097.1342647,22133.121567105,-5.778939723968506,-49.1512336730957,79.90664672851562,-1.2149313688278198,-47.81751251220703,84.52569580078125,9.33651351928711,-32.22764205932617,82.1686019897461,-5.189069747924805,-35.207000732421875,74.80306243896484,,
1780510097.1541162,22133.141297833,-7.048404216766357,-49.12918472290039,81.9109115600586,-4.933215618133545,-51.862510681152344,81.93757629394531,10.052611351013184,-28.746858596801758,80.65289306640625,-2.803326368331909,-39.72343826293945,79.15737915039062,,
1780510097.1741989,22133.16143426,-8.948420524597168,-47.812015533447266,83.81682586669922,-6.679701805114746,-53.84345245361328,78.95150756835938,9.590965270996094,-27.861034393310547,78.46585845947266,-1.6879997253417969,-42.90894317626953,81.49954223632812,,
1780510097.1936867,22133.18153173,-8.889644622802734,-46.01980209350586,85.1800765991211,-6.600109577178955,-52.59531784057617,77.04869842529297,7.915236473083496,-28.974180221557617,76.63236236572266,-0.10522546619176865,-44.73823547363281,82.69153594970703,,
1780510097.2135355,22133.201392894,-7.738711833953857,-43.532875061035156,85.61369323730469,-5.675472259521484,-51.165016174316406,76.21526336669922,6.184455871582031,-29.329418182373047,75.80217742919922,0.8536012768745422,-45.286380767822266,83.51090240478516,,
1780510097.2334945,22133.220952264,-7.221201419830322,-41.77142333984375,85.82449340820312,-4.694560527801514,-50.928993225097656,75.9267578125,6.356157302856445,-29.577678680419922,75.40696716308594,0.04702265188097954,-43.42387771606445,83.04346466064453,,
1780510097.2535617,22133.240846625,-7.682704448699951,-40.23664474487305,85.45063018798828,-3.1440200805664062,-49.76490020751953,76.61361694335938,8.108736991882324,-31.204790115356445,75.75480651855469,-1.6051859855651855,-40.13336944580078,82.39976501464844,,
1780510097.2735188,22133.260813737,-8.703880310058594,-39.964454650878906,84.73118591308594,-1.3598098754882812,-47.929527282714844,78.47779846191406,9.056849479675293,-33.7733039855957,76.24545288085938,-3.618774175643921,-35.80992126464844,81.64788055419922,,
1780510097.2935283,22133.280938513,-10.216551780700684,-40.728092193603516,83.92268371582031,1.4559475183486938,-46.02097702026367,81.22637176513672,8.633978843688965,-36.4464225769043,77.29659271240234,-6.193688869476318,-32.0046501159668,79.94261932373047,,
1780510097.3135955,22133.301031714,-10.593490600585938,-42.31547927856445,82.98385620117188,3.968554735183716,-43.32570266723633,84.4919204711914,8.009231567382812,-38.37531661987305,79.37913513183594,-9.259466171264648,-29.526182174682617,76.93629455566406,,
1780510097.333574,22133.320541476,-9.35257339477539,-43.97171401977539,82.28921508789062,4.986716270446777,-41.222808837890625,86.22990417480469,7.338855743408203,-39.80762481689453,81.16253662109375,-10.380810737609863,-28.04463005065918,74.82464599609375,,
1780510097.3534803,22133.340986698,-7.636305809020996,-45.090599060058594,81.28919982910156,5.239465236663818,-40.504310607910156,86.55854034423828,7.151601314544678,-40.71072769165039,82.55261993408203,-9.550331115722656,-27.433170318603516,73.86720275878906,,
1780510097.3734992,22133.360641788,-6.286825656890869,-46.220672607421875,80.25898742675781,5.143105506896973,-40.98333740234375,86.18205261230469,7.857649326324463,-40.323429107666016,83.13399505615234,-8.521246910095215,-28.229087829589844,72.84260559082031,,
1780510097.3934815,22133.380672068,-5.571028232574463,-47.01567459106445,79.4200210571289,4.145625591278076,-42.69825744628906,85.53021240234375,8.654962539672852,-38.62525177001953,83.1829833984375,-7.7440643310546875,-29.997438430786133,72.13542938232422,,
1780510097.4134874,22133.400552856,-5.338085651397705,-47.29469680786133,79.54151916503906,1.6641435623168945,-45.67263412475586,84.57315063476562,9.080842018127441,-35.83818054199219,82.78106689453125,-6.597546100616455,-32.568626403808594,73.15380096435547,,
1780510097.4334877,22133.421361287,-5.885316371917725,-47.5474967956543,81.2371597290039,-2.530850648880005,-49.963172912597656,82.63317108154297,9.120647430419922,-32.12688064575195,81.78013610839844,-4.190549850463867,-36.259803771972656,76.84746551513672,,
1780510097.4539778,22133.443383495,-7.756759166717529,-47.46766662597656,83.14688110351562,-6.191867351531982,-53.10529708862305,79.9527359008789,10.00830364227295,-28.474668502807617,80.51795959472656,-2.510322332382202,-39.73210144042969,80.62792205810547,,
1780510097.4741042,22133.461348528,-8.968891143798828,-46.39802551269531,84.64844512939453,-6.970897674560547,-52.82603073120117,77.50967407226562,9.364968299865723,-28.53734588623047,78.71766662597656,-1.0291569232940674,-42.301204681396484,82.27576446533203,,
1780510097.4939659,22133.481715178,-8.427350044250488,-44.97705841064453,85.45878601074219,-6.605489253997803,-51.300323486328125,76.37751770019531,7.7586989402771,-28.67790985107422,77.4222640991211,0.14650702476501465,-43.71012496948242,83.10252380371094,,
1780510097.5139384,22133.501583876,-7.579631805419922,-43.73068618774414,85.96347045898438,-6.300868511199951,-51.287227630615234,76.06502532958984,7.113234996795654,-27.459714889526367,76.7282943725586,-0.257811576128006,-43.01801300048828,83.0522689819336,,
1780510097.5341387,22133.522086865,-7.676442623138428,-43.360755920410156,86.31937408447266,-5.688978672027588,-51.34639358520508,76.41990661621094,8.57218074798584,-27.381372451782227,76.4547119140625,-1.6628097295761108,-40.51731872558594,82.51496887207031,,
1780510097.5541604,22133.541562599,-8.005393028259277,-43.067039489746094,85.90879821777344,-5.182886600494385,-50.3475341796875,77.6370620727539,10.520073890686035,-28.683303833007812,76.46633911132812,-2.940399646759033,-37.25369644165039,82.1655502319336,,
1780510097.574113,22133.561444896,-8.526469230651855,-43.216888427734375,85.62781524658203,-4.356294631958008,-49.715816497802734,79.0153579711914,11.216605186462402,-30.300395965576172,76.3883056640625,-4.535109043121338,-34.07310104370117,81.51382446289062,,
1780510097.5940666,22133.581262681,-9.153112411499023,-44.021873474121094,85.63204193115234,-3.2423598766326904,-49.21381378173828,80.74356079101562,10.712958335876465,-31.736671447753906,76.58792114257812,-6.457076549530029,-31.627809524536133,80.42350769042969,,
1780510097.6141052,22133.601167614,-9.362789154052734,-45.36043167114258,85.63414001464844,-2.448152780532837,-48.2647705078125,83.0634765625,10.048386573791504,-32.577903747558594,77.48194885253906,-8.501335144042969,-29.71489715576172,78.91808319091797,,
1780510097.633677,22133.621075978,-9.062920570373535,-46.928314208984375,84.97379302978516,-2.105034828186035,-47.196556091308594,85.59405517578125,9.846378326416016,-33.31428146362305,79.0330810546875,-10.224136352539062,-27.812040328979492,76.85659790039062,,
1780510097.653543,22133.641210833,-7.987072944641113,-48.53440856933594,83.99214172363281,-1.7664494514465332,-45.927650451660156,87.3049545288086,9.666409492492676,-34.07976150512695,80.75419616699219,-10.882442474365234,-26.25981903076172,74.98538970947266,,
1780510097.6735253,22133.660664591,-6.711738586425781,-49.347999572753906,82.98135375976562,-1.2707314491271973,-45.33584976196289,87.73187255859375,9.191720008850098,-34.89370346069336,82.10000610351562,-10.417655944824219,-25.764558792114258,73.98788452148438,,
1780510097.6935968,22133.680652608,-5.6903204917907715,-49.63534927368164,82.15923309326172,-0.9272644519805908,-45.583595275878906,87.52328491210938,9.270002365112305,-34.70751953125,82.62097930908203,-9.903435707092285,-26.560588836669922,73.5831298828125,,
1780510097.7135618,22133.700906468,-5.144532680511475,-50.06321716308594,81.73387145996094,-1.8738696575164795,-46.895904541015625,86.65604400634766,9.676918029785156,-33.13286590576172,82.455078125,-8.879181861877441,-28.37352752685547,73.56364440917969,,
1780510097.733474,22133.720576963,-5.245448589324951,-50.71744155883789,82.22535705566406,-4.368380546569824,-49.30622863769531,85.29338073730469,10.303714752197266,-30.57555389404297,81.76325225830078,-6.8980793952941895,-31.290193557739258,75.34866333007812,,
1780510097.7535212,22133.740540312,-6.431374549865723,-51.15982437133789,83.88817596435547,-7.960843086242676,-52.753597259521484,82.78166198730469,11.166132926940918,-27.37833023071289,80.16905212402344,-4.219462871551514,-35.16537094116211,79.19002532958984,,
1780510097.7735505,22133.761120292,-8.398530006408691,-49.74738311767578,85.48597717285156,-9.500016212463379,-55.15761184692383,79.80744934082031,11.681662559509277,-25.662424087524414,78.21385955810547,-2.888303279876709,-38.10009002685547,81.40779876708984,,
1780510097.7935748,22133.780618463,-8.523717880249023,-48.1051139831543,86.61886596679688,-9.319128036499023,-54.26026916503906,77.89614868164062,10.50806999206543,-25.922712326049805,76.45592498779297,-1.3206273317337036,-40.089115142822266,82.3871841430664,,
1780510097.813534,22133.800481225,-7.616465091705322,-46.55886459350586,87.11672973632812,-8.686227798461914,-53.38250732421875,77.05793762207031,8.960424423217773,-25.858318328857422,75.28433990478516,-0.48888134956359863,-40.52193832397461,83.07474517822266,,
1780510097.833557,22133.820471014,-7.137821674346924,-45.31330108642578,87.33332824707031,-7.802067756652832,-53.28644561767578,76.88241577148438,8.958720207214355,-26.112531661987305,74.69468688964844,-1.160295844078064,-39.08237838745117,82.77235412597656,,
1780510097.853451,22133.840461554,-7.148229598999023,-44.48897933959961,87.31092071533203,-7.045520782470703,-52.35574722290039,77.68042755126953,10.025869369506836,-27.618698120117188,74.43341827392578,-2.231572151184082,-36.28870391845703,82.39765167236328,,
1780510097.8739064,22133.861071862,-7.745964050292969,-44.253841400146484,86.84654998779297,-5.612635612487793,-50.83549499511719,79.21733856201172,10.932104110717773,-30.181987762451172,74.7594985961914,-3.8121497631073,-32.78123092651367,81.72040557861328,,
1780510097.8935163,22133.880700002,-8.678502082824707,-44.60246276855469,86.46094512939453,-3.6808505058288574,-49.11394119262695,81.6704330444336,10.354440689086914,-32.781551361083984,75.52562713623047,-6.0575785636901855,-29.79422950744629,80.4879379272461,,
1780510097.9135365,22133.900799694,-9.534706115722656,-45.9005012512207,85.41522979736328,-1.08258855342865,-46.61470413208008,85.10740661621094,9.517556190490723,-35.070762634277344,77.54888916015625,-8.998076438903809,-27.357078552246094,77.72653198242188,,
1780510097.9335587,22133.920534669,-8.729833602905273,-47.611724853515625,84.5411148071289,0.48989444971084595,-43.68048095703125,87.72412109375,8.473772048950195,-36.9741325378418,79.91559600830078,-11.119667053222656,-25.761478424072266,74.85626983642578,,
1780510097.9534945,22133.940662864,-7.351365089416504,-48.592472076416016,83.34988403320312,1.8409539461135864,-41.62812805175781,88.5167236328125,7.5030412673950195,-38.97199249267578,81.81785583496094,-10.595497131347656,-24.920026779174805,73.43183898925781,,
1780510097.9735138,22133.960714053,-6.052406311035156,-48.8532600402832,82.26483154296875,2.9792773723602295,-40.88923263549805,88.10734558105469,7.455324172973633,-40.05816650390625,82.83847045898438,-9.353857040405273,-25.532133102416992,72.76461791992188,,
1780510097.9935553,22133.980616961,-5.3577985763549805,-49.36471176147461,81.0026626586914,3.394411087036133,-41.03819274902344,87.28822326660156,8.071507453918457,-39.347625732421875,83.032958984375,-8.28205680847168,-27.306930541992188,71.73368835449219,,
1780510098.0135963,22134.000899867,-5.224332332611084,-49.748783111572266,79.99214935302734,2.6752686500549316,-42.35786437988281,86.44402313232422,8.601371765136719,-37.4219856262207,82.9405517578125,-7.403351306915283,-29.906143188476562,71.03367614746094,,
1780510098.0337784,22134.021406781,-5.386398792266846,-49.52634811401367,79.95616912841797,0.7974226474761963,-45.07646942138672,85.41619873046875,8.900580406188965,-34.92427444458008,82.31439208984375,-6.182549953460693,-33.03538513183594,72.42889404296875,,
1780510098.0537207,22134.040841555,-5.965841770172119,-49.331459045410156,81.07447814941406,-2.7943692207336426,-49.02825164794922,83.44432067871094,9.089158058166504,-31.60222816467285,81.306640625,-3.701307773590088,-36.80317306518555,75.96046447753906,,
1780510098.0734622,22134.060795981,-7.469486236572266,-48.46965026855469,83.12249755859375,-6.231788158416748,-52.54288864135742,80.47356414794922,9.941941261291504,-28.199928283691406,79.7614974975586,-2.0099239349365234,-40.65563201904297,79.70503997802734,,
1780510098.0933928,22134.080618807,-8.766223907470703,-46.87088394165039,84.60989379882812,-7.066758155822754,-53.05668258666992,77.8725357055664,9.324203491210938,-28.49334144592285,77.78410339355469,-0.7176797986030579,-43.17831802368164,81.63554382324219,,
1780510098.1134577,22134.100560953,-7.976324081420898,-44.8546257019043,85.50205993652344,-6.662762641906738,-51.28858947753906,76.64934539794922,7.85424280166626,-29.056358337402344,76.39778900146484,0.7907671332359314,-44.42689514160156,82.83386993408203,,
1780510098.1334717,22134.120770331,-7.092771053314209,-43.009281158447266,85.91172790527344,-6.035547256469727,-50.9688835144043,76.04592895507812,6.802267074584961,-28.46462631225586,75.54423522949219,0.6781470775604248,-43.93024444580078,82.97307586669922,,
1780510098.1534095,22134.140343129,-7.163459777832031,-41.693668365478516,86.04420471191406,-4.975043296813965,-50.74983596801758,76.15143585205078,7.72850227355957,-28.912750244140625,75.57405090332031,-0.6205754280090332,-41.5744514465332,82.5589370727539,,
1780510098.1734295,22134.160408285,-7.798399925231934,-41.09662628173828,85.64552307128906,-3.6772971153259277,-49.425148010253906,77.47478485107422,9.469161033630371,-30.68282127380371,75.75779724121094,-2.386340618133545,-38.018798828125,81.99315643310547,,
1780510098.1934338,22134.180696757,-8.873955726623535,-41.310691833496094,85.11431884765625,-2.0554003715515137,-47.94654083251953,79.61599731445312,10.098114013671875,-33.09682846069336,75.99758911132812,-4.568692207336426,-34.14484405517578,81.06532287597656,,
1780510098.2134333,22134.200424884,-10.156123161315918,-42.503936767578125,84.47825622558594,0.49244943261146545,-46.27735900878906,82.8001480102539,9.324825286865234,-35.122222900390625,77.17243957519531,-7.410178184509277,-30.885265350341797,79.10626220703125,,
1780510098.2333915,22134.220836579,-10.146979331970215,-44.14493179321289,83.73582458496094,2.2466788291931152,-43.876094818115234,85.95712280273438,8.496613502502441,-36.5645751953125,79.28263854980469,-10.299662590026855,-28.658857345581055,76.3590087890625,,
1780510098.2534137,22134.241028199,-8.830411911010742,-45.62261962890625,82.88719177246094,3.0475804805755615,-41.940704345703125,87.56211853027344,7.6253461837768555,-37.79084777832031,81.24842071533203,-11.17192268371582,-27.165422439575195,74.53112030029297,,
1780510098.273339,22134.260480887,-7.044243812561035,-46.50440216064453,81.78080749511719,3.3369669914245605,-41.2536735534668,87.75049591064453,7.371689796447754,-38.607948303222656,82.6283950805664,-10.081157684326172,-26.643627166748047,73.64199829101562,,
1780510098.2935395,22134.280867436,-5.718097686767578,-47.15705108642578,80.63192749023438,3.292564868927002,-41.81282043457031,87.27386474609375,7.910637855529785,-38.176971435546875,83.2348403930664,-9.008588790893555,-27.625446319580078,72.92867279052734,,
1780510098.3134885,22134.301306925,-5.131619930267334,-47.6976432800293,79.71807861328125,2.2449517250061035,-43.57387924194336,86.45838165283203,8.735536575317383,-36.46359634399414,83.29220581054688,-8.008570671081543,-29.58206558227539,72.53148651123047,,
1780510098.333589,22134.321311586,-5.067203998565674,-47.986122131347656,80.042724609375,-0.17524835467338562,-46.680816650390625,85.21675872802734,9.399028778076172,-33.638954162597656,82.73835754394531,-6.654965877532959,-32.61711120605469,74.0176010131836,,
1780510098.3538527,22134.341237335,-6.029666900634766,-48.433502197265625,81.9452896118164,-4.551307678222656,-50.918907165527344,82.83069610595703,9.955737113952637,-29.924671173095703,81.47199249267578,-4.010150909423828,-36.76851272583008,78.20901489257812,,
1780510098.3734317,22134.36051489,-8.250868797302246,-48.08590316772461,83.93136596679688,-7.35540246963501,-53.69144821166992,79.78175354003906,10.557621002197266,-27.217885971069336,79.6733627319336,-2.5982930660247803,-40.2235221862793,81.25293731689453,,
1780510098.393598,22134.380660888,-9.046133995056152,-46.86825942993164,85.3744125366211,-7.607253074645996,-52.79670715332031,77.54637908935547,9.280193328857422,-27.948863983154297,77.63623046875,-0.8787089586257935,-42.74689483642578,82.49250793457031,,
1780510098.4135833,22134.400638763,-8.181682586669922,-45.416019439697266,86.06951141357422,-7.156485557556152,-51.633445739746094,76.69737243652344,7.487151145935059,-27.76642608642578,76.2591552734375,0.17441010475158691,-43.621131896972656,83.22388458251953,,
1780510098.4334438,22134.420964842,-7.43856954574585,-44.24250411987305,86.54383087158203,-6.578814506530762,-51.90316390991211,76.4435043334961,7.18577241897583,-27.00420379638672,75.53825378417969,-0.5259357690811157,-42.345550537109375,82.89237976074219,,
1780510098.453486,22134.440592447,-7.415619850158691,-43.55418014526367,86.64991760253906,-5.904424667358398,-51.34244155883789,77.14503479003906,8.961187362670898,-27.66929054260254,75.52904510498047,-1.82332181930542,-39.4744873046875,82.37301635742188,,
1780510098.4735591,22134.461713258,-7.839008331298828,-43.12794876098633,86.21257019042969,-4.992937088012695,-50.18829345703125,78.28430938720703,10.486710548400879,-29.418012619018555,75.7786865234375,-3.2407631874084473,-35.7623291015625,81.96414184570312,,
1780510098.4934146,22134.48121345,-8.625893592834473,-43.23996353149414,85.87791442871094,-3.7496094703674316,-49.30655288696289,79.93669891357422,10.521566390991211,-31.574308395385742,75.93618774414062,-5.114283561706543,-32.399200439453125,81.12273406982422,,
1780510098.5134559,22134.500907067,-9.387938499450684,-44.330955505371094,85.60253143310547,-2.005364418029785,-47.9959716796875,82.34358978271484,9.912759780883789,-33.4759407043457,76.87386322021484,-7.311439037322998,-29.696989059448242,79.48554229736328,,
1780510098.5335028,22134.520341489,-9.336893081665039,-46.062408447265625,84.88903045654297,-0.6068991422653198,-46.11867904663086,85.4294204711914,9.44189453125,-35.09782028198242,78.79849243164062,-9.66370964050293,-27.431882858276367,76.89627075195312,,
1780510098.5535717,22134.540790318,-8.321486473083496,-47.73539352416992,83.93724060058594,0.37303751707077026,-44.146305084228516,87.49872589111328,8.762941360473633,-36.631683349609375,80.68740844726562,-10.850428581237793,-25.82356834411621,74.51512145996094,,
1780510098.5734928,22134.560552626,-6.811511993408203,-48.74782180786133,82.99015045166016,1.3355103731155396,-42.9533576965332,87.91861724853516,8.244808197021484,-38.05474853515625,82.08708190917969,-10.334955215454102,-25.18425941467285,73.1888198852539,,
1780510098.593541,22134.580664786,-5.725449085235596,-49.29296112060547,82.04383087158203,1.9835306406021118,-42.71099090576172,87.50028991699219,8.53622055053711,-38.4776725769043,82.65442657470703,-9.507797241210938,-25.964468002319336,72.36924743652344,,
1780510098.6134586,22134.600488334,-5.220399379730225,-49.63623046875,81.00924682617188,1.8246376514434814,-43.446048736572266,86.83487701416016,8.943070411682129,-37.26995086669922,82.74213409423828,-8.74252986907959,-27.898725509643555,71.74951934814453,,
1780510098.633493,22134.620468752,-5.29730224609375,-49.99236297607422,80.67864990234375,0.3985373079776764,-45.24013137817383,85.88418579101562,9.283924102783203,-34.99000549316406,82.34477996826172,-7.5583882331848145,-30.67823028564453,71.9032974243164,,
1780510098.653461,22134.640523134,-5.45889139175415,-50.173072814941406,81.44353485107422,-2.5498645305633545,-48.3131217956543,84.45822143554688,9.591556549072266,-31.916852951049805,81.51895141601562,-5.4472808837890625,-34.14314651489258,74.48992156982422,,
1780510098.6734881,22134.660756754,-6.853830814361572,-49.899845123291016,83.1606674194336,-6.144262790679932,-52.26642990112305,81.86212921142578,10.357473373413086,-28.29524803161621,80.1766128540039,-3.0973517894744873,-38.2186164855957,78.6923828125,,
1780510098.693538,22134.680774321,-8.61170482635498,-48.4710807800293,84.7816390991211,-7.757256507873535,-54.24698257446289,78.92922973632812,10.296403884887695,-27.260007858276367,78.24822998046875,-1.8664913177490234,-41.02951431274414,81.17786407470703,,
1780510098.7134712,22134.700819363,-8.559266090393066,-46.56277847290039,85.95262908935547,-7.5053935050964355,-53.151798248291016,77.07022857666016,8.84257984161377,-28.186674118041992,76.49569702148438,-0.2939273715019226,-42.884883880615234,82.42215728759766,,
1780510098.7334843,22134.720385787,-7.539208889007568,-44.42115783691406,86.35433959960938,-6.760372161865234,-52.122314453125,76.20942687988281,7.391584396362305,-28.23697280883789,75.64852142333984,0.5178995728492737,-43.13255310058594,83.15155792236328,,
1780510098.7534807,22134.74052693,-7.195909023284912,-42.80199432373047,86.60445404052734,-5.558464527130127,-51.98290252685547,75.88809967041016,7.547114849090576,-28.384965896606445,75.37947845458984,-0.3399502635002136,-41.35602951049805,82.79953002929688,,
1780510098.7734654,22134.760595372,-7.5059614181518555,-41.48869323730469,86.27137756347656,-4.291270732879639,-50.912715911865234,76.6599349975586,9.0224609375,-30.04254913330078,75.37422180175781,-1.8200509548187256,-38.39511489868164,82.27682495117188,,
1780510098.7935228,22134.780514888,-8.370347023010254,-41.13557815551758,85.7629165649414,-2.6691982746124268,-49.416629791259766,78.3945541381836,9.938884735107422,-32.34293746948242,75.5977554321289,-3.8137898445129395,-34.7700080871582,81.48883056640625,,
1780510098.813523,22134.800674573,-9.724817276000977,-41.79512023925781,85.11087036132812,-0.25345349311828613,-47.57999038696289,81.22169494628906,9.287973403930664,-34.922706604003906,76.33848571777344,-6.384360313415527,-31.548381805419922,79.97991180419922,,
1780510098.8339362,22134.820978203,-10.324874877929688,-43.31340789794922,84.01288604736328,2.2923707962036133,-44.9137077331543,84.87161254882812,8.57270336151123,-36.78474426269531,78.39791107177734,-9.48523235321045,-28.97826385498047,77.01313781738281,,
1780510098.8536968,22134.840946019,-9.414132118225098,-44.99882888793945,83.05966186523438,3.5842058658599854,-42.27117156982422,87.16223907470703,7.611552715301514,-38.24296188354492,80.52852630615234,-11.129411697387695,-27.489444732666016,74.76776885986328,,
1780510098.8738894,22134.86113815,-7.600450038909912,-45.88423538208008,81.8956069946289,4.161031723022461,-41.018531799316406,87.56417083740234,6.9820146560668945,-39.410709381103516,82.27287292480469,-10.230478286743164,-26.6867733001709,73.81404876708984,,
1780510098.8935158,22134.880531009,-6.080397605895996,-46.43643569946289,80.54263305664062,4.553959369659424,-41.03331756591797,87.16401672363281,7.436262607574463,-39.47696304321289,83.12318420410156,-9.069568634033203,-27.63991928100586,73.12999725341797,,
1780510098.9134994,22134.900538912,-5.463726043701172,-47.04745864868164,79.11152648925781,4.179544925689697,-42.24876403808594,86.40509033203125,8.333406448364258,-38.122901916503906,83.31141662597656,-8.037650108337402,-29.649696350097656,72.35619354248047,,
1780510098.9336739,22134.920770752,-5.3254499435424805,-47.304595947265625,78.68205261230469,2.451647996902466,-44.8608512878418,85.44223022460938,9.080645561218262,-35.60948944091797,83.07701873779297,-6.980381488800049,-32.54484558105469,72.9671630859375,,
1780510098.9533608,22134.940366388,-5.721766948699951,-47.63043975830078,80.11933898925781,-1.2822794914245605,-48.80392074584961,83.51985931396484,9.477761268615723,-32.243431091308594,82.06117248535156,-4.608731746673584,-36.55865478515625,76.23554992675781,,
1780510098.9734094,22134.960450386,-7.682989597320557,-47.70499038696289,82.41046905517578,-5.361207962036133,-52.634063720703125,80.74894714355469,9.960846900939941,-28.339523315429688,80.69965362548828,-2.691037893295288,-40.68429946899414,80.41162872314453,,
1780510098.993621,22134.980586948,-9.338644027709961,-46.88865280151367,84.15866088867188,-6.711511611938477,-53.26789093017578,78.14349365234375,9.13901138305664,-28.298078536987305,78.64781188964844,-1.458768367767334,-43.328067779541016,82.218505859375,,
1780510099.013454,22135.000822565,-8.95728874206543,-45.38021469116211,85.24144744873047,-6.323901653289795,-51.62949752807617,76.56200408935547,7.292398452758789,-29.09467887878418,77.01841735839844,-0.029783040285110474,-44.8691291809082,83.19351959228516,,
1780510099.0343375,22135.021525321,-7.8114447593688965,-43.94731140136719,85.87962341308594,-5.764500141143799,-51.16606140136719,75.96057891845703,5.973228931427002,-28.376455307006836,76.04328155517578,0.12405630201101303,-44.503517150878906,83.3844985961914,,
1780510099.0536768,22135.040814224,-7.544778823852539,-42.83279037475586,86.18445587158203,-4.977125644683838,-51.149269104003906,75.92598724365234,6.959850311279297,-28.19896125793457,75.99488830566406,-0.9666849970817566,-41.96628952026367,82.87915802001953,,
1780510099.0736637,22135.060740627,-7.834342956542969,-42.013492584228516,85.80807495117188,-4.148271560668945,-49.91884994506836,77.13690948486328,9.114923477172852,-29.658761978149414,76.33023071289062,-2.4300360679626465,-38.308860778808594,82.36349487304688,,
1780510099.093602,22135.080678055,-8.650374412536621,-41.7741584777832,85.27781677246094,-2.8649604320526123,-48.805110931396484,78.76565551757812,10.012490272521973,-31.974061965942383,76.62287902832031,-4.230558395385742,-34.3795166015625,81.59427642822266,,
1780510099.1135614,22135.100568192,-9.622794151306152,-42.635982513427734,84.9749526977539,-0.8094637393951416,-47.765296936035156,81.00782775878906,9.63472843170166,-34.11201858520508,77.21601867675781,-6.611366271972656,-31.138286590576172,80.07208251953125,,
1780510099.1336668,22135.120537898,-9.617640495300293,-44.11656188964844,84.51622009277344,0.6752992272377014,-46.21686935424805,83.76200103759766,9.170312881469727,-35.53401184082031,78.81456756591797,-9.032256126403809,-28.7116756439209,77.63408660888672,,
1780510099.153606,22135.140621211,-8.758771896362305,-45.94884490966797,83.9504623413086,1.328576922416687,-44.63785934448242,86.17333221435547,8.85708236694336,-36.65546417236328,80.37854766845703,-10.827513694763184,-27.136432647705078,75.17176055908203,,
1780510099.1736543,22135.160958939,-7.2196245193481445,-47.458099365234375,82.949951171875,1.7079532146453857,-43.6290168762207,87.10420227050781,8.482272148132324,-37.83526611328125,81.8410873413086,-10.537644386291504,-25.854394912719727,73.62744903564453,,
1780510099.1935818,22135.180977106,-5.996665954589844,-48.33647918701172,82.13111114501953,2.093632221221924,-43.33238983154297,87.02362823486328,8.706932067871094,-38.281982421875,82.64852142333984,-9.825579643249512,-26.247299194335938,72.6895751953125,,
1780510099.2135549,22135.204321493,-5.24733304977417,-48.83615493774414,81.28799438476562,1.716866374015808,-44.128971099853516,86.48829650878906,9.165543556213379,-37.142818450927734,82.68743133544922,-9.085594177246094,-27.78593635559082,72.07359313964844,,
1780510099.2340362,22135.221941373,-4.982809066772461,-49.30327606201172,81.24603271484375,0.0639287531375885,-46.03209686279297,85.53410339355469,9.620258331298828,-34.57737731933594,82.29408264160156,-8.207379341125488,-30.323440551757812,72.22949981689453,,
1780510099.2540054,22135.241362643,-5.329870700836182,-49.746883392333984,82.0816421508789,-3.0169217586517334,-49.12800598144531,84.13829803466797,10.081072807312012,-31.453371047973633,81.52531433105469,-6.075267791748047,-33.658966064453125,74.88829803466797,,
1780510099.2741535,22135.261731754,-7.073963642120361,-49.529632568359375,83.90222930908203,-6.67387580871582,-52.96988296508789,81.34725189208984,10.740139961242676,-27.740257263183594,80.2524185180664,-3.6927647590637207,-37.67721939086914,79.1760482788086,,
1780510099.2939951,22135.281847589,-8.866121292114258,-48.543853759765625,85.47005462646484,-8.156227111816406,-54.89176940917969,78.60042572021484,10.47491455078125,-26.678020477294922,78.35192108154297,-2.4735336303710938,-40.271629333496094,81.42169952392578,,
1780510099.3143215,22135.301560398,-8.719221115112305,-46.8018684387207,86.51215362548828,-7.9621076583862305,-53.50617218017578,76.89515686035156,8.970760345458984,-27.550167083740234,76.46908569335938,-0.8495660424232483,-42.17730712890625,82.55098724365234,,
1780510099.3341691,22135.321289266,-7.798183917999268,-45.117183685302734,86.91195678710938,-7.289857387542725,-52.71065139770508,76.08555603027344,7.5822014808654785,-27.3115234375,75.62031555175781,-0.1364668607711792,-42.15434265136719,83.26438903808594,,
1780510099.3542411,22135.341672885,-7.442397594451904,-43.828041076660156,87.13114166259766,-6.274660587310791,-52.68831253051758,75.97351837158203,7.891805648803711,-27.277502059936523,75.1833267211914,-1.0794202089309692,-40.314884185791016,82.8384017944336,,
1780510099.373618,22135.361196715,-7.728290557861328,-42.662864685058594,86.90753936767578,-5.187926769256592,-51.791053771972656,76.7015151977539,9.363100051879883,-28.808101654052734,75.25917053222656,-2.490387201309204,-37.451560974121094,82.28184509277344,,
1780510099.393577,22135.383720235,-8.423018455505371,-42.33633041381836,86.49649810791016,-3.727067232131958,-50.397743225097656,78.43009185791016,10.214619636535645,-31.05658531188965,75.4631576538086,-4.32161283493042,-34.04827117919922,81.49620819091797,,
1780510099.4136302,22135.400739675,-9.44339656829834,-42.85867691040039,85.94790649414062,-1.628265142440796,-48.78950500488281,81.14619445800781,9.698129653930664,-33.60438919067383,75.9781723022461,-6.699871063232422,-30.946006774902344,80.05248260498047,,
1780510099.4335847,22135.421083572,-10.093036651611328,-44.076114654541016,85.01519012451172,0.7058377861976624,-46.30989456176758,84.65911102294922,8.833393096923828,-35.4583854675293,77.9078598022461,-9.88951301574707,-28.54771614074707,77.20149993896484,,
1780510099.4535284,22135.440544082,-9.281228065490723,-45.8393440246582,83.9841537475586,2.062692165374756,-43.59016418457031,87.3255615234375,8.025375366210938,-37.099605560302734,80.10877227783203,-11.653820991516113,-26.885515213012695,74.59446716308594,,
1780510099.4734988,22135.461119877,-7.478436470031738,-46.73830032348633,82.86571502685547,2.989550828933716,-41.89815902709961,88.01978302001953,7.194306373596191,-38.560882568359375,81.95738983154297,-11.056289672851562,-26.158649444580078,73.4754867553711,,
1780510099.4935842,22135.481656133,-5.996715068817139,-47.23004150390625,81.49005126953125,3.811231851577759,-41.430946350097656,87.64191436767578,7.423797607421875,-39.22233200073242,82.93975067138672,-9.677417755126953,-26.978378295898438,72.8924331665039,,
1780510099.5136333,22135.501174644,-5.365408897399902,-47.6331787109375,80.02649688720703,3.8881304264068604,-42.14985656738281,86.91730499267578,8.12600040435791,-38.04117202758789,83.22329711914062,-8.901127815246582,-29.197763442993164,72.00660705566406,,
1780510099.5336494,22135.520990332,-5.195176124572754,-48.01103210449219,79.33709716796875,2.7421727180480957,-44.2181510925293,85.93887329101562,8.899019241333008,-35.88120651245117,82.92585754394531,-7.834939002990723,-31.966381072998047,72.02900695800781,,
1780510099.5535953,22135.540954265,-5.5897908210754395,-48.029605865478516,80.00382995605469,-0.1889481097459793,-47.767704010009766,84.38842010498047,9.33285903930664,-32.85588073730469,82.13711547851562,-5.82899284362793,-35.664886474609375,74.55530548095703,,
1780510099.5734887,22135.560922377,-7.188000679016113,-48.03706359863281,82.23011779785156,-4.331014633178711,-52.010398864746094,81.61470794677734,9.701501846313477,-28.870182037353516,80.90259552001953,-3.2992851734161377,-40.13813781738281,79.11945343017578,,
1780510099.5935729,22135.580632311,-9.243005752563477,-47.0633659362793,84.10257720947266,-6.455236911773682,-54.127933502197266,78.54623413085938,9.160748481750488,-27.830060958862305,79.126708984375,-2.069444179534912,-43.06016540527344,81.77316284179688,,
1780510099.6135798,22135.60052326,-9.286832809448242,-45.53984832763672,85.32703399658203,-6.321492671966553,-52.6982536315918,76.5478515625,7.416004180908203,-29.10202407836914,77.32634735107422,-0.441954642534256,-44.89616394042969,83.04552459716797,,
1780510099.6335611,22135.62058074,-8.175397872924805,-43.76055145263672,85.89600372314453,-5.521772861480713,-51.495391845703125,75.59762573242188,5.65941858291626,-29.002904891967773,76.30623626708984,0.4177100360393524,-45.120635986328125,83.77507781982422,,
1780510099.6539593,22135.641020907,-7.640564441680908,-42.28675842285156,86.18968963623047,-4.494922637939453,-51.50096130371094,75.2275390625,5.8428754806518555,-28.676666259765625,76.01493835449219,-0.4075745642185211,-43.10823059082031,83.33885192871094,,
1780510099.6739411,22135.660935606,-7.917601585388184,-41.10147476196289,85.88712310791016,-3.227135419845581,-50.568138122558594,75.97796630859375,7.878087043762207,-30.007383346557617,76.40052032470703,-1.8994215726852417,-39.61940383911133,82.71482849121094,,
1780510099.6943095,22135.68105518,-8.602083206176758,-40.49142837524414,85.1993408203125,-1.8492664098739624,-49.244300842285156,77.36703491210938,9.2273530960083,-32.43876647949219,76.72191619873047,-3.5853805541992188,-35.511375427246094,82.03130340576172,,
1780510099.7136643,22135.700856006,-9.724472045898438,-40.92833709716797,84.57471466064453,0.35186120867729187,-47.99761962890625,79.53257751464844,9.016397476196289,-35.088565826416016,77.30094909667969,-5.786192893981934,-31.978479385375977,80.59508514404297,,
1780510099.7340293,22135.720661882,-10.206053733825684,-42.07653045654297,83.87628173828125,2.575453042984009,-46.026573181152344,82.53318786621094,8.485369682312012,-36.914974212646484,78.71378326416016,-8.450927734375,-29.682252883911133,78.0606689453125,,
1780510099.7540097,22135.741097552,-9.402507781982422,-43.843807220458984,83.26226806640625,3.7200732231140137,-43.966041564941406,85.19332122802734,8.045866966247559,-38.217403411865234,80.3957748413086,-10.62357234954834,-28.225664138793945,75.37276458740234,,
1780510099.7739844,22135.761263102,-7.851644039154053,-45.52610778808594,82.24697875976562,4.165441513061523,-42.685604095458984,86.24896240234375,7.829574108123779,-39.40898895263672,81.85140228271484,-10.551315307617188,-27.277725219726562,73.5957260131836,,
1780510099.7936568,22135.780295693,-6.573539733886719,-46.671302795410156,81.25900268554688,4.447978973388672,-42.359344482421875,86.34440612792969,8.282005310058594,-39.57139205932617,82.60820007324219,-9.723672866821289,-27.708511352539062,72.67501831054688,,
1780510099.81359,22135.80050851,-5.736999034881592,-47.35191345214844,80.19744110107422,4.1565117835998535,-43.225318908691406,85.86448669433594,8.974469184875488,-38.4954719543457,82.86624908447266,-8.88153076171875,-29.32718849182129,72.1047134399414,,
1780510099.8331604,22135.820172995,-5.393825054168701,-47.68061828613281,79.95664978027344,2.425821304321289,-45.37159729003906,85.03287506103516,9.47624397277832,-35.83448028564453,82.62108612060547,-8.027063369750977,-31.94972801208496,72.31108093261719,,
1780510099.8535836,22135.841387741,-5.576478481292725,-48.02517318725586,80.98426818847656,-1.0543665885925293,-48.887474060058594,83.50523376464844,9.786139488220215,-32.37882614135742,81.81602478027344,-5.933516979217529,-35.493507385253906,75.01399230957031,,
1780510099.8735576,22135.860576901,-7.475203037261963,-48.20318603515625,83.02745056152344,-5.172626495361328,-52.94792175292969,80.90254211425781,10.306892395019531,-28.383588790893555,80.77952575683594,-3.5235273838043213,-39.28228759765625,79.60809326171875,,
1780510099.8937361,22135.880871536,-9.421093940734863,-47.31916427612305,84.64348602294922,-6.824111461639404,-54.298980712890625,78.0775146484375,9.684171676635742,-27.872983932495117,79.05687713623047,-2.328382730484009,-42.037109375,81.9244155883789,,
1780510099.9135854,22135.900668204,-9.421009063720703,-45.95170974731445,85.75239562988281,-6.568675994873047,-52.75468444824219,76.3221435546875,7.907349109649658,-28.809049606323242,77.25870513916016,-0.8399854302406311,-43.80826950073242,82.9386978149414,,
1780510099.9342968,22135.931190549,-8.369972229003906,-44.59629440307617,86.40079498291016,-5.936769008636475,-52.00761413574219,75.52122497558594,6.428483963012695,-28.110544204711914,76.24735260009766,-0.31212130188941956,-43.59852600097656,83.44828796386719,,
1780510099.9537668,22135.941253902,-7.967962741851807,-43.3704719543457,86.63127899169922,-5.1169209480285645,-52.123069763183594,75.5152587890625,6.952964782714844,-27.658597946166992,75.86434936523438,-1.3876653909683228,-41.560550689697266,82.97969818115234,,
1780510099.9736133,22135.960577001,-8.196669578552246,-42.5405158996582,86.39070129394531,-4.179860591888428,-51.259185791015625,76.50334930419922,9.031204223632812,-28.69382095336914,76.21917724609375,-2.9215915203094482,-38.26934051513672,82.401611328125,,
1780510099.9946268,22135.98194155,-8.716196060180664,-42.27500915527344,85.84754180908203,-3.1737186908721924,-50.190185546875,78.0792007446289,10.302274703979492,-30.886383056640625,76.3388671875,-4.540369987487793,-34.658775329589844,81.66016387939453,,
1780510100.0140228,22136.001284872,-9.550519943237305,-42.74917984008789,85.40858459472656,-1.5444555282592773,-49.193687438964844,80.21851348876953,9.975152969360352,-33.061458587646484,76.66416931152344,-6.652678489685059,-31.71310043334961,80.33583068847656,,
1780510100.034104,22136.021597753,-9.746633529663086,-43.95796203613281,84.98690032958984,0.08306438475847244,-47.70092010498047,83.15740203857422,9.46135425567627,-34.37031173706055,78.01799011230469,-9.235468864440918,-29.376283645629883,78.07693481445312,,
1780510100.0540035,22136.040661521,-9.085421562194824,-45.39979553222656,84.367919921875,0.9609928727149963,-45.89556884765625,85.73567962646484,8.903075218200684,-35.342384338378906,79.79447937011719,-11.48393726348877,-28.01089096069336,75.51727294921875,,
1780510100.074486,22136.06218331,-7.788492202758789,-46.73955535888672,83.1905746459961,1.6208215951919556,-44.280338287353516,87.20193481445312,8.408675193786621,-36.58760452270508,81.58106994628906,-11.638558387756348,-26.960548400878906,73.8913345336914,,
1780510100.0938165,22136.081122456,-6.4951558113098145,-47.53395462036133,82.06656646728516,2.2422730922698975,-43.580753326416016,87.31706237792969,8.382881164550781,-37.33281707763672,82.61325073242188,-10.851425170898438,-27.14376449584961,73.01519775390625,,
1780510100.1137187,22136.100689619,-5.739168167114258,-48.09804153442383,80.99842834472656,2.338284969329834,-43.90799331665039,86.87269592285156,8.972127914428711,-36.635948181152344,82.89505767822266,-9.929292678833008,-28.646854400634766,72.388427734375,,
1780510100.1342378,22136.121024066,-5.382472515106201,-48.55264663696289,80.60311126708984,1.2938250303268433,-45.63079833984375,85.9854507446289,9.562257766723633,-34.53877639770508,82.65120697021484,-9.010436058044434,-31.236129760742188,72.39116668701172,,
1780510100.1540625,22136.141269916,-5.579381465911865,-49.05656814575195,81.54239654541016,-1.813625693321228,-48.785037994384766,84.3479232788086,10.039852142333984,-31.419836044311523,81.6811294555664,-6.92062520980835,-34.63251495361328,74.67538452148438,,
1780510100.1738307,22136.162710312,-7.344334125518799,-49.17262268066406,83.54597473144531,-5.753925323486328,-53.02540969848633,81.64752197265625,10.561789512634277,-27.58327865600586,80.52177429199219,-4.262588024139404,-38.45460891723633,79.1580810546875,,
1780510100.1943707,22136.181605654,-9.271710395812988,-48.242034912109375,85.21688842773438,-7.668336391448975,-55.24258041381836,78.6457748413086,10.154605865478516,-26.414426803588867,78.7276382446289,-2.93717360496521,-41.046993255615234,81.6660385131836,,
1780510100.2143335,22136.202216834,-9.375166893005371,-46.75699234008789,86.37420654296875,-7.514488697052002,-54.0610237121582,76.59862518310547,8.28897762298584,-27.314849853515625,76.97013854980469,-1.3775668144226074,-42.80415344238281,82.92290496826172,,
1780510100.2343028,22136.222849966,-8.408693313598633,-45.26042938232422,86.91820526123047,-6.823697566986084,-53.12834167480469,75.69149780273438,6.801570415496826,-26.889408111572266,75.91404724121094,-0.5738090872764587,-42.75945281982422,83.63312530517578,,
1780510100.2542663,22136.243627029,-7.796901702880859,-43.8864860534668,87.11312866210938,-5.8209228515625,-52.888919830322266,75.36544036865234,7.143370151519775,-27.000362396240234,75.5704345703125,-1.0754013061523438,-40.86117935180664,83.31901550292969,,
1780510100.2740378,22136.26155745,-7.9381184577941895,-42.690460205078125,86.82042694091797,-4.668471813201904,-52.21597671508789,75.94171905517578,8.83622932434082,-28.231218338012695,75.79320526123047,-2.477074146270752,-37.69508361816406,82.76825714111328,,
1780510100.294338,22136.281182778,-8.399007797241211,-42.105472564697266,86.26008605957031,-3.27614164352417,-51.01974868774414,77.14602661132812,9.903902053833008,-30.689908981323242,76.14437103271484,-3.8345630168914795,-33.98975372314453,82.1721420288086,,
1780510100.3142877,22136.301296911,-9.293149948120117,-42.18567657470703,85.74847412109375,-1.2693250179290771,-49.86050033569336,79.07877349853516,9.508275985717773,-33.4759407043457,76.59368133544922,-6.001661777496338,-30.99721336364746,80.86592864990234,,
1780510100.3338459,22136.320867688,-9.591808319091797,-43.12441635131836,85.24742126464844,0.6394287943840027,-48.01824188232422,81.81302642822266,9.075434684753418,-35.50689697265625,77.76261138916016,-8.3949556350708,-28.750526428222656,78.67987060546875,,
1780510100.3543594,22136.340967999,-9.197000503540039,-44.77944564819336,84.33058166503906,2.0688796043395996,-45.72341537475586,84.86983489990234,8.732032775878906,-37.138763427734375,79.61618041992188,-10.825909614562988,-27.3288631439209,75.5784683227539,,
1780510100.3743365,22136.361176091,-7.834662437438965,-46.43162155151367,83.20674133300781,2.9656100273132324,-43.673362731933594,86.56906127929688,8.20211124420166,-38.685420989990234,81.33476257324219,-11.187060356140137,-26.446252822875977,73.56753540039062,,
1780510100.3941793,22136.381129136,-6.505638599395752,-47.40922927856445,82.10075378417969,3.831251621246338,-42.597938537597656,86.71200561523438,8.168210983276367,-39.73701858520508,82.48004913330078,-10.306371688842773,-26.748239517211914,72.50765228271484,,
1780510100.414245,22136.401233105,-5.710212230682373,-47.82086181640625,80.84029388427734,4.2675909996032715,-42.557960510253906,86.3712387084961,8.624467849731445,-38.90634536743164,82.89563751220703,-9.550249099731445,-28.560468673706055,71.84427642822266,,
1780510100.4342728,22136.421227363,-5.404664039611816,-48.17033386230469,79.99825286865234,3.5508534908294678,-43.90796661376953,85.64840698242188,9.219660758972168,-36.90512466430664,82.72154998779297,-8.76207447052002,-31.11582374572754,71.40176391601562,,
1780510100.4539392,22136.44100695,-5.580915927886963,-48.34095001220703,80.10938262939453,1.4155582189559937,-46.544708251953125,84.65367126464844,9.66569995880127,-34.03062057495117,82.19974517822266,-7.214413642883301,-34.29375076293945,72.75589752197266,,
1780510100.4745226,22136.462029848,-6.486227989196777,-48.4304084777832,81.53246307373047,-2.4952306747436523,-50.5393180847168,82.63233947753906,9.795842170715332,-30.503543853759766,81.33816528320312,-4.394167900085449,-38.4887809753418,76.96421813964844,,
1780510100.493636,22136.480873867,-8.660326957702637,-47.62436294555664,83.6373519897461,-5.6814069747924805,-53.94477462768555,79.47968292236328,9.74763298034668,-27.63086700439453,79.96806335449219,-2.9026107788085938,-41.93195343017578,80.82498168945312,,
1780510100.513656,22136.501156107,-9.640515327453613,-46.46649932861328,85.14236450195312,-6.267367362976074,-53.87541580200195,77.03347778320312,8.294788360595703,-28.53272819519043,77.85208892822266,-1.5655570030212402,-44.19056701660156,82.42974090576172,,
1780510100.533505,22136.520491423,-8.85317325592041,-44.7928466796875,85.90383911132812,-5.831320762634277,-51.9526481628418,75.7615966796875,6.638439655303955,-29.12851905822754,76.49578857421875,-0.06245044618844986,-44.99645233154297,83.49040985107422,,
1780510100.5536013,22136.540627817,-8.079795837402344,-43.060302734375,86.25521087646484,-4.759249210357666,-51.76541519165039,75.19779205322266,5.718249797821045,-28.601295471191406,75.87177276611328,-0.3120166063308716,-44.056671142578125,83.47345733642578,,
1780510100.5735269,22136.560817509,-8.135771751403809,-41.82701110839844,86.35922241210938,-3.4082632064819336,-51.52888870239258,75.28166198730469,7.017891883850098,-28.950307846069336,76.11531829833984,-1.7513866424560547,-41.107364654541016,82.85884857177734,,
1780510100.593515,22136.580710153,-8.640361785888672,-40.84866714477539,85.63125610351562,-2.2874178886413574,-50.23398971557617,76.78418731689453,8.953143119812012,-31.13697052001953,76.2753677368164,-3.4568426609039307,-37.308631896972656,82.18279266357422,,
1780510100.6136382,22136.600872815,-9.456706047058105,-40.6997184753418,85.06318664550781,-0.6953648924827576,-48.947837829589844,78.65455627441406,9.389452934265137,-33.593849182128906,76.6301040649414,-5.436491012573242,-33.55754852294922,81.18563079833984,,
1780510100.633845,22136.62095906,-10.273275375366211,-41.659568786621094,84.38966369628906,1.7094628810882568,-47.280487060546875,81.57357788085938,8.849135398864746,-35.62157440185547,77.82199096679688,-8.076866149902344,-30.82146644592285,79.00202178955078,,
1780510100.653467,22136.640596813,-9.836799621582031,-43.09754943847656,83.79743957519531,3.1640408039093018,-44.9436149597168,84.54594421386719,8.211544036865234,-36.86586380004883,79.53132629394531,-10.812348365783691,-29.094043731689453,76.1656265258789,,
1780510100.6735578,22136.660758674,-8.658051490783691,-44.6998405456543,82.7933349609375,3.911771535873413,-43.066009521484375,86.3896713256836,7.743875503540039,-38.18538284301758,81.34464263916016,-11.662810325622559,-28.160062789916992,74.16907501220703,,
1780510100.6935792,22136.681392143,-6.954461574554443,-45.95650100708008,81.73947143554688,4.318053245544434,-42.21027755737305,86.72102355957031,7.84614896774292,-38.92847442626953,82.48149871826172,-10.760693550109863,-27.969018936157227,73.13688659667969,,
1780510100.7135644,22136.701245009,-5.947446346282959,-46.75760269165039,80.50293731689453,4.382181644439697,-42.602779388427734,86.3608627319336,8.55988883972168,-38.30831527709961,82.96726989746094,-9.669720649719238,-29.288047790527344,72.4217758178711,,
1780510100.7337158,22136.721523045,-5.464818000793457,-47.43959426879883,79.86845397949219,3.2460334300994873,-44.27523422241211,85.65719604492188,9.345242500305176,-36.295310974121094,82.84577178955078,-8.765268325805664,-31.490053176879883,72.15247344970703,,
1780510100.7536085,22136.740845937,-5.386451721191406,-47.684139251708984,80.51824951171875,0.43884751200675964,-47.51744079589844,84.31515502929688,9.785484313964844,-33.128421783447266,82.13053131103516,-7.3304123878479,-34.73028564453125,73.96491241455078,,
1780510100.7735622,22136.761087205,-6.931619167327881,-48.071895599365234,82.63850402832031,-3.9601786136627197,-52.003273010253906,81.84178924560547,10.004490852355957,-29.041982650756836,81.09916687011719,-4.536055088043213,-38.55617141723633,78.36212921142578,,
1780510100.7934651,22136.780624572,-9.167963027954102,-47.5137825012207,84.52080535888672,-6.669429302215576,-54.69609069824219,78.72144317626953,9.804010391235352,-27.012868881225586,79.71358489990234,-3.156461238861084,-41.398826599121094,81.61358642578125,,
1780510100.8135848,22136.801109701,-9.731817245483398,-46.41669464111328,85.73603820800781,-7.034544467926025,-53.68906784057617,76.63174438476562,8.228279113769531,-28.000530242919922,77.70281219482422,-1.5761500597000122,-43.37656784057617,82.90205383300781,,
1780510100.8336034,22136.821256368,-8.91869068145752,-45.02863311767578,86.3616714477539,-6.318230152130127,-52.382041931152344,75.50493621826172,6.36740255355835,-27.79812240600586,76.53146362304688,-0.5108941793441772,-43.8819580078125,83.74697875976562,,
1780510100.8534987,22136.841098474,-8.232781410217285,-43.901771545410156,86.7328109741211,-5.3637189865112305,-52.45834732055664,75.12772369384766,6.174747467041016,-27.22981071472168,76.04076385498047,-1.0757250785827637,-42.31652069091797,83.43646240234375,,
1780510100.8735704,22136.860982216,-8.250576972961426,-42.824928283691406,86.63703155517578,-4.337672710418701,-52.002017974853516,75.59149932861328,8.004157066345215,-28.05630874633789,76.3436050415039,-2.440993309020996,-39.18948745727539,82.79768371582031,,
1780510100.8935442,22136.880559655,-8.461324691772461,-42.21483612060547,86.08192443847656,-3.40331768989563,-50.868072509765625,76.93668365478516,9.692118644714355,-30.201148986816406,76.44789123535156,-3.7289350032806396,-35.29294204711914,82.27115631103516,,
1780510100.9136307,22136.900810106,-9.26716136932373,-42.1740608215332,85.54473876953125,-1.8055344820022583,-49.94517517089844,78.65438079833984,9.813358306884766,-32.757911682128906,76.79460144042969,-5.659433364868164,-31.938325881958008,81.1456527709961,,
1780510100.9336681,22136.920949148,-9.578530311584473,-43.03203201293945,85.29580688476562,-0.0982205718755722,-48.46295166015625,81.13887023925781,9.350655555725098,-34.63931655883789,77.59226989746094,-7.835386276245117,-29.607242584228516,79.37626647949219,,
1780510100.9535525,22136.941145544,-9.264033317565918,-44.3778190612793,84.66128540039062,1.1724499464035034,-46.786460876464844,83.91874694824219,8.909032821655273,-35.85921096801758,79.1729965209961,-10.327524185180664,-28.16830062866211,76.5371322631836,,
1780510100.9736378,22136.960961251,-8.1223726272583,-46.17076873779297,83.77149963378906,1.7867850065231323,-45.00581359863281,86.15176391601562,8.716110229492188,-37.1385383605957,80.8980712890625,-11.32353401184082,-26.95664405822754,74.21903991699219,,
1780510100.9935532,22136.980443526,-6.769225120544434,-47.540565490722656,82.72208404541016,2.5505826473236084,-43.82209777832031,86.73956298828125,8.669698715209961,-38.18243408203125,82.071533203125,-10.793972969055176,-26.640649795532227,72.83335876464844,,
1780510101.0135572,22137.00108599,-5.865782260894775,-48.17755126953125,81.53612518310547,2.9640774726867676,-43.64120864868164,86.55821990966797,8.957901000976562,-38.03092575073242,82.64628601074219,-9.964004516601562,-27.722448348999023,72.21478271484375,,
1780510101.0336041,22137.023055586,-5.408329963684082,-48.60604476928711,80.76597595214844,2.4701714515686035,-44.650699615478516,85.9540023803711,9.370353698730469,-36.38511657714844,82.59737396240234,-9.28675651550293,-30.02962303161621,71.75982666015625,,
1780510101.0538518,22137.041611282,-5.3536577224731445,-48.88915252685547,80.8082046508789,0.462137907743454,-47.023712158203125,84.93635559082031,9.716608047485352,-33.558048248291016,82.09761047363281,-7.853574275970459,-32.980960845947266,72.7250747680664,,
1780510101.0735114,22137.060845075,-6.0947675704956055,-49.13956832885742,82.31205749511719,-3.4365596771240234,-50.86903762817383,82.90752410888672,9.9489164352417,-30.073484420776367,81.16749572753906,-5.031046390533447,-37.00884246826172,76.66262817382812,,
1780510101.093562,22137.080641299,-8.350785255432129,-48.58141326904297,84.0473861694336,-6.48321533203125,-54.374664306640625,79.97393035888672,10.2889986038208,-27.22722816467285,79.81584930419922,-3.3052055835723877,-40.45283508300781,80.54015350341797,,
1780510101.1135798,22137.100794786,-9.48646068572998,-47.34382247924805,85.58747863769531,-7.115516662597656,-54.53752899169922,77.37830352783203,9.022411346435547,-27.837339401245117,77.74392700195312,-1.8179091215133667,-42.691917419433594,82.21297454833984,,
1780510101.1335108,22137.120703571,-8.847373962402344,-45.61566925048828,86.40267181396484,-6.505724906921387,-53.00952911376953,75.93790435791016,7.105774879455566,-28.458877563476562,76.17022705078125,-0.3734692931175232,-43.72660827636719,83.24993133544922,,
1780510101.1534688,22137.140379824,-7.919083595275879,-43.82255172729492,86.73748779296875,-5.432063579559326,-52.56098937988281,75.2546157836914,6.128778457641602,-28.152137756347656,75.66883087158203,-0.2689070999622345,-42.865535736083984,83.48291015625,,
1780510101.17346,22137.16081884,-7.7387495040893555,-42.190189361572266,86.69844818115234,-4.251667022705078,-52.141727447509766,75.39579772949219,7.1970438957214355,-28.717113494873047,75.6663589477539,-1.4427636861801147,-40.295867919921875,82.93476867675781,,
1780510101.1935577,22137.180513884,-8.197857856750488,-41.202796936035156,86.17144012451172,-2.8494200706481934,-50.883689880371094,76.47969055175781,9.001725196838379,-30.860849380493164,75.92174530029297,-3.0370404720306396,-36.51066589355469,82.26724243164062,,
1780510101.2135255,22137.200844464,-9.14016342163086,-41.01597595214844,85.45469665527344,-0.913641631603241,-49.4539794921875,78.56493377685547,9.25586223602295,-33.67411422729492,76.29948425292969,-5.089657306671143,-32.9697380065918,81.20612335205078,,
1780510101.2334645,22137.222985319,-10.202516555786133,-41.83042526245117,84.67345428466797,1.707757592201233,-47.30538558959961,81.64408874511719,8.724581718444824,-36.0919075012207,77.51206970214844,-7.931678295135498,-30.185617446899414,78.97814178466797,,
1780510101.2535396,22137.241435882,-9.824044227600098,-43.26753616333008,83.85629272460938,3.51298451423645,-44.63405227661133,84.75653839111328,8.107943534851074,-37.69308853149414,79.46053314208984,-10.74130630493164,-28.55101203918457,75.8920669555664,,
1780510101.2735226,22137.261193901,-8.514171600341797,-44.92676544189453,82.760986328125,4.357846736907959,-42.47263717651367,86.47342681884766,7.59219217300415,-39.173118591308594,81.26278686523438,-11.237372398376465,-27.51311683654785,73.89723205566406,,
1780510101.2934284,22137.281425507,-6.81174898147583,-45.95774459838867,81.63402557373047,4.956672191619873,-41.46675109863281,86.71900177001953,7.5310282707214355,-39.912960052490234,82.49471282958984,-10.280838012695312,-27.573978424072266,73.14505004882812,,
1780510101.313541,22137.3008787,-5.875471115112305,-46.753379821777344,80.23332214355469,5.149081230163574,-41.757957458496094,86.26421356201172,8.243725776672363,-39.37112045288086,82.99455261230469,-9.169775009155273,-29.116764068603516,72.27812957763672,,
1780510101.3335059,22137.320774766,-5.372978687286377,-47.318180084228516,79.33289337158203,4.233847618103027,-43.316646575927734,85.57294464111328,8.963647842407227,-37.33610916137695,82.96244049072266,-8.34228801727295,-31.550689697265625,71.79723358154297,,
1780510101.353577,22137.340817736,-5.496584415435791,-47.45823669433594,79.51486206054688,1.9720685482025146,-46.386863708496094,84.4642105102539,9.489408493041992,-34.5467529296875,82.32229614257812,-6.97999382019043,-34.6950569152832,73.2366714477539,,
1780510101.3735673,22137.36135485,-6.5265350341796875,-47.65019989013672,81.4664077758789,-2.4681549072265625,-50.78657150268555,82.29335021972656,9.531950950622559,-30.553003311157227,81.34616088867188,-4.277120113372803,-38.706668853759766,77.38981628417969,,
1780510101.3939261,22137.38166414,-8.76457405090332,-47.21703338623047,83.58984375,-5.759819984436035,-53.951194763183594,79.198486328125,9.510397911071777,-27.714033126831055,80.11398315429688,-2.8353307247161865,-41.90910720825195,81.1396484375,,
1780510101.4135358,22137.400325178,-9.723227500915527,-46.09605026245117,85.03551483154297,-6.342963218688965,-53.442012786865234,76.81668090820312,8.117180824279785,-28.7381649017334,78.30943298339844,-1.380908489227295,-44.049251556396484,82.74272155761719,,
1780510101.4334524,22137.421274156,-8.868244171142578,-44.63311767578125,85.77946472167969,-5.789614200592041,-51.716854095458984,75.6644058227539,6.377321720123291,-29.122886657714844,76.84769439697266,-0.031480129808187485,-44.84514236450195,83.62522888183594,,
1780510101.4536507,22137.44119802,-8.028764724731445,-43.32900619506836,86.25799560546875,-4.849283695220947,-51.67972183227539,75.06138610839844,5.73331356048584,-28.424222946166992,76.22026824951172,-0.3656883239746094,-43.6025505065918,83.45294189453125,,
1780510101.4736054,22137.461051789,-8.032235145568848,-42.192142486572266,86.30363464355469,-3.66534423828125,-51.416664123535156,75.39055633544922,7.208298206329346,-28.74334716796875,76.51325225830078,-1.7960437536239624,-40.65961837768555,82.85910034179688,,
1780510101.493527,22137.481466123,-8.354089736938477,-41.4094352722168,85.64569091796875,-2.9171690940856934,-50.114952087402344,76.83411407470703,9.166733741760254,-30.681106567382812,76.67356872558594,-3.2648463249206543,-36.70402145385742,82.32587432861328,,
1780510101.513542,22137.50148782,-9.140535354614258,-41.34287643432617,85.13396453857422,-1.5220974683761597,-49.1968879699707,78.46908569335938,9.621256828308105,-33.06493377685547,76.87664031982422,-5.128270149230957,-33.0462646484375,81.31896209716797,,
1780510101.533539,22137.520618925,-9.796121597290039,-42.31736373901367,84.77571868896484,0.49833428859710693,-47.83030700683594,81.02527618408203,9.17211627960205,-34.98025894165039,77.71377563476562,-7.48739767074585,-30.4860897064209,79.47089385986328,,
1780510101.5536242,22137.540660714,-9.527885437011719,-43.81697082519531,84.20246124267578,1.915966272354126,-45.921634674072266,83.93546295166016,8.7219877243042,-36.35413360595703,79.33024597167969,-9.989991188049316,-28.749006271362305,76.75675964355469,,
1780510101.5735786,22137.560703387,-8.61231803894043,-45.57707595825195,83.21041107177734,2.605663299560547,-44.132568359375,86.15391540527344,8.444048881530762,-37.51070022583008,80.97437286376953,-11.315556526184082,-27.511974334716797,74.4389419555664,,
1780510101.5939202,22137.580983138,-7.01295280456543,-46.98479080200195,82.25910186767578,3.0375051498413086,-43.18011474609375,86.77096557617188,8.387639999389648,-38.419952392578125,82.1808853149414,-10.63552474975586,-26.778339385986328,73.17561340332031,,
1780510101.6136196,22137.600626091,-5.92225980758667,-47.702152252197266,81.3036880493164,3.348360538482666,-43.16022491455078,86.56411743164062,8.778124809265137,-38.2386474609375,82.79840850830078,-9.793752670288086,-27.921279907226562,72.45291137695312,,
1780510101.6335118,22137.620531892,-5.390065670013428,-48.22283935546875,80.486083984375,2.6123855113983154,-44.38410568237305,85.9442367553711,9.360922813415527,-36.61062240600586,82.73265075683594,-8.913617134094238,-29.9854793548584,72.0166244506836,,
1780510101.6537356,22137.640913548,-5.234863758087158,-48.52317810058594,80.77412414550781,0.3029743731021881,-46.996315002441406,84.82048797607422,9.816229820251465,-33.61603927612305,82.16549682617188,-7.687533378601074,-32.944488525390625,73.0433120727539,,
1780510101.6735294,22137.660855084,-6.062565326690674,-48.9464111328125,82.24176025390625,-3.6418700218200684,-50.9173583984375,82.92484283447266,10.19166374206543,-30.022193908691406,81.2394027709961,-4.939515113830566,-36.71977996826172,77.06310272216797,,
1780510101.693761,22137.681088893,-8.307817459106445,-48.377315521240234,84.09696960449219,-6.777348518371582,-54.11588668823242,79.84049224853516,10.502421379089355,-27.183818817138672,79.80290985107422,-3.1983907222747803,-40.163780212402344,80.77523803710938,,
1780510101.7136488,22137.701359035,-9.453280448913574,-47.23931884765625,85.54370880126953,-7.392253875732422,-54.04567337036133,77.42879486083984,9.158309936523438,-27.89558982849121,77.8230972290039,-1.6715508699417114,-42.54315185546875,82.27913665771484,,
1780510101.7335122,22137.720483294,-8.72557544708252,-45.64236068725586,86.37199401855469,-6.791767120361328,-52.54288864135742,76.14844512939453,7.3142547607421875,-28.232446670532227,76.32920837402344,-0.289246141910553,-43.51744079589844,83.21125793457031,,
1780510101.753569,22137.740791795,-7.841400146484375,-44.227134704589844,86.78535461425781,-5.931818008422852,-52.40709686279297,75.62738037109375,6.624727249145508,-27.763378143310547,75.71127319335938,-0.45124903321266174,-42.36161804199219,83.22929382324219,,
1780510101.7735186,22137.760874686,-7.687234401702881,-42.892093658447266,86.80730438232422,-4.985497951507568,-52.0386848449707,75.97309875488281,7.8645477294921875,-28.290708541870117,75.68527221679688,-1.7345348596572876,-39.715843200683594,82.66508483886719,,
1780510101.7936294,22137.780524992,-8.119391441345215,-42.18196487426758,86.30178833007812,-3.859144449234009,-50.85274124145508,77.20294952392578,9.690383911132812,-30.23123550415039,75.89707946777344,-3.2769346237182617,-35.97187805175781,82.0489501953125,,
1780510101.813562,22137.800635898,-8.896111488342285,-42.073490142822266,85.78643798828125,-2.1669418811798096,-49.61175537109375,79.08282470703125,9.86257266998291,-32.713584899902344,76.23670196533203,-5.194504737854004,-32.665733337402344,81.09512329101562,,
1780510101.8336565,22137.821927176,-9.748651504516602,-43.02558517456055,85.17184448242188,0.0921141728758812,-47.891502380371094,81.91834259033203,9.391877174377441,-34.997474670410156,77.40890502929688,-7.699007034301758,-29.870386123657227,79.08898162841797,,
1780510101.8534582,22137.840901984,-9.555005073547363,-44.51800537109375,84.33980560302734,1.7455427646636963,-45.62236404418945,85.0359878540039,8.82774829864502,-36.425270080566406,79.11776733398438,-10.481022834777832,-28.06143569946289,76.14228057861328,,
1780510101.8736322,22137.860952607,-8.4390287399292,-46.25929260253906,83.3594970703125,2.651179552078247,-43.433692932128906,86.88746643066406,8.211268424987793,-37.89974594116211,80.97401428222656,-11.361788749694824,-26.89829444885254,73.96531677246094,,
1780510101.893536,22137.8815792,-6.812383651733398,-47.19524002075195,82.30447387695312,3.3773744106292725,-42.3652229309082,87.22511291503906,7.845718860626221,-39.00656509399414,82.32056427001953,-10.509706497192383,-26.702865600585938,73.00656127929688,,
1780510101.9137807,22137.90180796,-5.846080303192139,-47.83970260620117,80.92362213134766,3.8659682273864746,-42.20711898803711,86.8526611328125,8.327479362487793,-38.837646484375,82.87315368652344,-9.453848838806152,-27.983957290649414,72.29574584960938,,
1780510101.934367,22137.922287176,-5.462070941925049,-48.346038818359375,79.8102035522461,3.3780131340026855,-43.285682678222656,86.19013214111328,8.903117179870605,-37.16790771484375,82.91896057128906,-8.526766777038574,-30.33662223815918,71.64979553222656,,
1780510101.9543211,22137.944240964,-5.438862323760986,-48.49717712402344,79.78130340576172,1.6441439390182495,-45.797523498535156,85.13260650634766,9.412201881408691,-34.62788391113281,82.3611068725586,-7.293661117553711,-33.39651107788086,72.5471420288086,,
1780510101.9737747,22137.961370297,-6.088882923126221,-48.75366973876953,81.1185073852539,-1.9380789995193481,-49.585304260253906,83.35531616210938,9.76731014251709,-31.23293685913086,81.42001342773438,-4.827599048614502,-37.348060607910156,75.923828125,,
1780510101.9937406,22137.980835867,-8.026052474975586,-48.2071647644043,83.25308227539062,-5.627356052398682,-53.221134185791016,80.3682861328125,9.870219230651855,-27.693408966064453,80.11135864257812,-2.845569610595703,-41.14950180053711,80.21564483642578,,
1780510102.0136335,22138.000396542,-9.46150016784668,-47.02376937866211,84.86614990234375,-6.837724208831787,-54.0533447265625,77.70598602294922,8.904780387878418,-27.979347229003906,78.21160888671875,-1.6496315002441406,-43.376224517822266,82.06693267822266,,
1780510102.0336287,22138.021020226,-8.873128890991211,-45.298336029052734,85.86216735839844,-6.404759407043457,-52.426021575927734,76.12307739257812,7.043055057525635,-28.84645652770996,76.6143798828125,-0.18052563071250916,-44.63001251220703,83.18394470214844,,
1780510102.0536432,22138.041170335,-7.894044876098633,-43.53353500366211,86.24673461914062,-5.532698154449463,-51.77446746826172,75.43268585205078,5.934464931488037,-28.654329299926758,75.84973907470703,0.1474727988243103,-44.074588775634766,83.47096252441406,,
1780510102.073607,22138.060777249,-7.547801494598389,-42.21147155761719,86.41023254394531,-4.415096282958984,-51.421348571777344,75.38941955566406,6.85444974899292,-28.78036117553711,75.87777709960938,-0.8423526883125305,-41.359188079833984,83.01127624511719,,
1780510102.0943143,22138.081682128,-7.9979963302612305,-41.08960723876953,85.806640625,-3.173489809036255,-50.211578369140625,76.54218292236328,8.808843612670898,-30.772977828979492,76.12269592285156,-2.463932514190674,-37.66037368774414,82.32855987548828,,
1780510102.113638,22138.101456024,-8.99283218383789,-40.8913459777832,85.14685821533203,-1.3158217668533325,-48.854400634765625,78.48713684082031,9.412227630615234,-33.50447463989258,76.57231140136719,-4.458924293518066,-33.689727783203125,81.37892150878906,,
1780510102.1335216,22138.120970526,-10.029105186462402,-41.82411193847656,84.45578002929688,1.2388862371444702,-47.0139274597168,81.39258575439453,8.95079231262207,-36.0475959777832,77.71106719970703,-6.974547863006592,-30.51048469543457,79.39794921875,,
1780510102.1536086,22138.141175032,-9.94515323638916,-43.374595642089844,83.71053314208984,3.164435625076294,-44.50951385498047,84.5909194946289,8.354962348937988,-37.63600158691406,79.39801788330078,-9.955305099487305,-28.631994247436523,76.37907409667969,,
1780510102.1735888,22138.161145157,-8.67756462097168,-45.05803680419922,82.79364776611328,4.014060974121094,-42.512489318847656,86.41978454589844,7.706212043762207,-39.003456115722656,81.15802001953125,-10.895234107971191,-27.400299072265625,74.28873443603516,,
1780510102.1936178,22138.180878211,-7.012874126434326,-46.301856994628906,81.76243591308594,4.430180072784424,-41.54531478881836,86.79154205322266,7.619480609893799,-39.87727737426758,82.4082260131836,-9.967278480529785,-26.981014251708984,73.31758880615234,,
1780510102.2136316,22138.200812229,-5.970619201660156,-47.0755729675293,80.55378723144531,4.579014301300049,-41.844932556152344,86.39488220214844,8.251554489135742,-39.522064208984375,82.9448013305664,-8.967771530151367,-28.237499237060547,72.43051147460938,,
1780510102.2335436,22138.220971905,-5.399837017059326,-47.657588958740234,79.63780975341797,3.7577309608459473,-43.22035598754883,85.77793884277344,8.984243392944336,-37.66897964477539,82.9721908569336,-8.185602188110352,-30.344255447387695,71.89266967773438,,
1780510102.253619,22138.241129229,-5.329439163208008,-47.87342834472656,79.69972229003906,1.5465086698532104,-45.93418884277344,84.72774505615234,9.41840934753418,-34.86309051513672,82.48658752441406,-6.947763919830322,-33.40373992919922,72.95305633544922,,
1780510102.273645,22138.261079863,-6.0659027099609375,-48.08557891845703,81.15265655517578,-2.573077440261841,-50.0804443359375,82.87602233886719,9.647821426391602,-31.1706600189209,81.57197570800781,-4.358092784881592,-37.286441802978516,76.8122329711914,,
1780510102.2935894,22138.280810959,-8.09047794342041,-47.974544525146484,83.20890808105469,-6.044816493988037,-53.371620178222656,80.10379028320312,10.027446746826172,-27.911514282226562,80.12118530273438,-2.716695547103882,-40.86067581176758,80.67366790771484,,
1780510102.3144042,22138.302419636,-9.339094161987305,-46.88805389404297,84.74369812011719,-6.897380828857422,-53.28217315673828,77.6022720336914,8.964999198913574,-28.673442840576172,78.01042938232422,-1.273066759109497,-43.330631256103516,82.2232437133789,,
1780510102.3335397,22138.320620669,-8.605746269226074,-45.303565979003906,85.72217559814453,-6.380023002624512,-51.66559982299805,76.31498718261719,7.055648326873779,-29.19971466064453,76.4505615234375,0.20657218992710114,-44.53843688964844,83.15470123291016,,
1780510102.3535883,22138.341115494,-7.588353633880615,-43.8908576965332,86.29472351074219,-5.508199214935303,-51.471683502197266,75.70793914794922,6.1590962409973145,-28.378273010253906,75.83203887939453,0.11897378414869308,-43.487483978271484,83.2077865600586,,
1780510102.3734605,22138.361412801,-7.42404842376709,-42.46796798706055,86.34740447998047,-4.6914496421813965,-51.223724365234375,75.91800689697266,7.2827301025390625,-28.624303817749023,75.96232604980469,-1.1786167621612549,-40.84572219848633,82.74497985839844,,
1780510102.3942332,22138.381850008,-7.917949676513672,-41.70491027832031,85.86840057373047,-3.6998682022094727,-49.93655014038086,77.30393981933594,9.328914642333984,-30.595874786376953,76.12369537353516,-2.7956230640411377,-37.02207946777344,82.08041381835938,,
1780510102.4143322,22138.401807058,-8.826519012451172,-41.73778533935547,85.34893798828125,-2.0500271320343018,-48.63313674926758,79.27653503417969,9.912043571472168,-33.09805679321289,76.42984008789062,-4.739864349365234,-33.242740631103516,81.0828857421875,,
1780510102.4341042,22138.421319371,-9.82547664642334,-42.76995086669922,84.79595184326172,0.29954904317855835,-47.07615280151367,82.16336059570312,9.259294509887695,-35.19609069824219,77.53422546386719,-7.44696569442749,-30.322805404663086,79.1312255859375,,
1780510102.454271,22138.44163368,-9.602946281433105,-44.23194122314453,84.26155090332031,1.8705796003341675,-44.98308181762695,85.13567352294922,8.552054405212402,-36.549686431884766,79.40977478027344,-10.184136390686035,-28.4830322265625,76.27140045166016,,
1780510102.4742424,22138.461609287,-8.521676063537598,-45.968292236328125,83.34446716308594,2.6791911125183105,-43.07767105102539,86.96866607666016,8.009786605834961,-37.901145935058594,81.11072540283203,-11.136687278747559,-27.157644271850586,74.08070373535156,,
1780510102.4936576,22138.480743996,-6.881070137023926,-47.01980209350586,82.22572326660156,3.217073678970337,-42.062313079833984,87.37918853759766,7.774763584136963,-38.91444396972656,82.39876556396484,-10.220085144042969,-26.596195220947266,73.18016815185547,,
1780510102.5137029,22138.500581519,-5.816629886627197,-47.75306701660156,81.06209564208984,3.551974058151245,-42.18767547607422,86.9608154296875,8.295008659362793,-38.83698654174805,82.90213775634766,-9.14813232421875,-27.64841079711914,72.43207550048828,,
1780510102.5336564,22138.520703038,-5.275414943695068,-48.37247085571289,80.08169555664062,2.9847960472106934,-43.347537994384766,86.24812316894531,8.935721397399902,-37.23838424682617,82.88591003417969,-8.24193286895752,-29.761966705322266,71.81242370605469,,
1780510102.5536683,22138.540998865,-5.287684917449951,-48.7115592956543,80.0845947265625,1.0425165891647339,-45.83960723876953,85.23780822753906,9.39835262298584,-34.54594039916992,82.3756103515625,-7.071811199188232,-32.75886154174805,72.57025909423828,,
1780510102.573614,22138.560687244,-5.8868207931518555,-49.012725830078125,81.47474670410156,-2.6630208492279053,-49.64375686645508,83.4398422241211,9.749905586242676,-31.116228103637695,81.3572006225586,-4.632869720458984,-36.54275131225586,75.9410171508789,,
1780510102.5935776,22138.580808161,-7.857503414154053,-48.42545700073242,83.53268432617188,-6.154878616333008,-53.22892761230469,80.41683197021484,10.147499084472656,-27.617549896240234,80.07665252685547,-2.758979082107544,-40.31599044799805,80.0666275024414,,
1780510102.6136427,22138.601100928,-9.255870819091797,-47.295413970947266,85.09297180175781,-7.310449600219727,-53.98246383666992,77.79641723632812,9.18371868133545,-27.807188034057617,78.12155151367188,-1.5201128721237183,-42.676544189453125,81.89617156982422,,
1780510102.6335912,22138.620888965,-8.630497932434082,-45.52834701538086,86.04305267333984,-6.939137935638428,-52.47909164428711,76.3841552734375,7.433356285095215,-28.509557723999023,76.3440933227539,-0.09008283168077469,-44.03322219848633,82.90450286865234,,
1780510102.6536689,22138.640720634,-7.652995586395264,-43.737892150878906,86.41178131103516,-6.116296768188477,-51.963768005371094,75.69532012939453,6.284246444702148,-28.28116798400879,75.60787200927734,0.21801696717739105,-43.574886322021484,83.25240325927734,,
1780510102.6734567,22138.660601723,-7.298285961151123,-42.229148864746094,86.5268325805664,-5.061466217041016,-51.514461517333984,75.82726287841797,7.08439302444458,-28.603801727294922,75.59181213378906,-0.7604760527610779,-41.2042236328125,82.83911895751953,,
1780510102.6936717,22138.680659671,-7.813387870788574,-41.391639709472656,86.04701232910156,-3.7071099281311035,-50.283233642578125,76.90424346923828,8.985771179199219,-30.63160514831543,75.87824249267578,-2.3313755989074707,-37.44599914550781,82.13146209716797,,
1780510102.713671,22138.701281342,-8.756047248840332,-41.129058837890625,85.411865234375,-1.7912094593048096,-48.62992477416992,79.06105041503906,9.479408264160156,-33.46455383300781,76.3088607788086,-4.282057285308838,-33.6314582824707,81.25273132324219,,
1780510102.733642,22138.720527684,-9.978687286376953,-42.20439910888672,84.64506530761719,0.9745159149169922,-46.759056091308594,82.20247650146484,8.991089820861816,-35.952857971191406,77.42643737792969,-7.070683479309082,-30.287233352661133,79.08800506591797,,
1780510102.7535987,22138.741048307,-9.886735916137695,-43.885169982910156,83.74615478515625,2.990525245666504,-44.07380294799805,85.33457946777344,8.33446979522705,-37.7110595703125,79.45647430419922,-9.971156120300293,-28.312236785888672,76.0250244140625,,
1780510102.773596,22138.763230874,-8.663689613342285,-45.49275588989258,82.75098419189453,3.92403244972229,-41.99026107788086,86.97261810302734,7.544705390930176,-39.25371551513672,81.22064971923828,-10.5812406539917,-27.096370697021484,74.14862823486328,,
1780510102.7936814,22138.78072307,-6.928011894226074,-46.389060974121094,81.65619659423828,4.466831684112549,-41.130271911621094,87.09627532958984,7.312180042266846,-40.17348861694336,82.51422882080078,-9.565743446350098,-26.834131240844727,73.37507629394531,,
1780510102.813624,22138.800526005,-5.872608661651611,-47.17033386230469,80.40704345703125,4.640859603881836,-41.48537063598633,86.56169128417969,7.963630199432373,-39.7414665222168,82.98753356933594,-8.487765312194824,-28.198232650756836,72.35101318359375,,
1780510102.833735,22138.821085137,-5.388579368591309,-47.65911102294922,79.28890991210938,3.843346118927002,-42.96843719482422,85.86152648925781,8.682473182678223,-37.854957580566406,83.02225494384766,-7.6449666023254395,-30.49138641357422,71.80760192871094,,
1780510102.853629,22138.840798875,-5.436555862426758,-47.78057861328125,79.25187683105469,1.6576478481292725,-45.910831451416016,84.83963012695312,9.162035942077637,-35.12363815307617,82.50062561035156,-6.366765022277832,-33.51927185058594,73.02141571044922,,
1780510102.8735967,22138.860645797,-6.115534782409668,-47.9206657409668,80.6672134399414,-2.3340365886688232,-50.000579833984375,82.9345932006836,9.398582458496094,-31.497467041015625,81.53742980957031,-3.808218002319336,-37.58104705810547,76.92052459716797,,
1780510102.8934937,22138.881749384,-8.101517677307129,-47.748565673828125,82.789306640625,-5.74373722076416,-53.16279220581055,80.1493148803711,9.814667701721191,-28.390117645263672,80.13529205322266,-2.223116636276245,-41.404319763183594,80.57093048095703,,
1780510102.913514,22138.900576406,-9.258404731750488,-46.56968307495117,84.42626190185547,-6.448575973510742,-52.9748649597168,77.61824035644531,8.605947494506836,-29.18480110168457,77.99444580078125,-0.7709541916847229,-43.975616455078125,82.17485809326172,,
1780510102.9334097,22138.920322596,-8.445767402648926,-44.945194244384766,85.41929626464844,-5.979924201965332,-51.429752349853516,76.36071014404297,6.839821815490723,-29.71641731262207,76.50578308105469,0.6110103130340576,-45.022308349609375,83.06111145019531,,
1780510102.9535778,22138.940788685,-7.411001205444336,-43.19171905517578,85.94175720214844,-5.242534637451172,-51.21843719482422,75.83824920654297,5.932265758514404,-28.99053955078125,75.83872985839844,0.43406546115875244,-44.13501739501953,83.0530776977539,,
1780510102.9733703,22138.960950832,-7.275981903076172,-41.921287536621094,86.1210708618164,-4.159574508666992,-50.925540924072266,75.96183013916016,7.0509796142578125,-29.270706176757812,75.9610595703125,-0.8244484663009644,-41.3993034362793,82.61761474609375,,
1780510102.993526,22138.980560638,-7.794174671173096,-41.06240463256836,85.46724700927734,-3.1051948070526123,-49.43073272705078,77.37666320800781,9.070460319519043,-31.37162971496582,76.26103973388672,-2.392996311187744,-37.55707931518555,82.01830291748047,,
1780510103.0142853,22139.00168993,-8.816052436828613,-41.12086486816406,84.8989486694336,-1.3249014616012573,-48.00379943847656,79.33660125732422,9.593088150024414,-33.971710205078125,76.66997528076172,-4.366755962371826,-33.67319869995117,81.01171875,,
1780510103.0343297,22139.021350323,-9.920641899108887,-42.27149200439453,84.28856658935547,1.1804407835006714,-46.39720916748047,82.2660903930664,9.040836334228516,-35.990177154541016,77.93065643310547,-7.1019463539123535,-30.551103591918945,78.95393371582031,,
1780510103.0536778,22139.041234019,-9.863558769226074,-43.95657730102539,83.50955963134766,2.8758084774017334,-44.10773468017578,85.35106658935547,8.404279708862305,-37.41498565673828,79.71769714355469,-9.912276268005371,-28.6077880859375,76.12547302246094,,
1780510103.0737922,22139.061075028,-8.448528289794922,-45.58940887451172,82.80885314941406,3.625878095626831,-42.35953903198242,86.83013916015625,7.798262596130371,-38.616127014160156,81.33039093017578,-10.751913070678711,-27.370956420898438,74.15779113769531,,
1780510103.0937068,22139.080755911,-6.913906574249268,-46.809165954589844,81.73829650878906,3.9172863960266113,-41.611083984375,87.05460357666016,7.808557510375977,-39.41081619262695,82.41928100585938,-9.71018123626709,-26.966764450073242,73.19384002685547,,
1780510103.1143794,22139.101344165,-5.894550800323486,-47.53432083129883,80.54254913330078,3.9678776264190674,-42.021751403808594,86.63504791259766,8.32334041595459,-38.9528923034668,82.92138671875,-8.72166919708252,-28.186355590820312,72.41923522949219,,
1780510103.134498,22139.1216499,-5.389913558959961,-48.0820198059082,79.67153930664062,3.0217440128326416,-43.56797790527344,85.93036651611328,8.9586763381958,-37.181785583496094,82.9142074584961,-7.754220008850098,-30.265727996826172,72.02201843261719,,
1780510103.1539083,22139.141678685,-5.386332988739014,-48.34204864501953,79.89175415039062,0.7513236999511719,-46.38566589355469,84.84657287597656,9.457361221313477,-34.37251281738281,82.3001480102539,-6.473143577575684,-33.2811279296875,73.20714569091797,,
1780510103.173635,22139.160579844,-6.148915767669678,-48.54855728149414,81.61714172363281,-3.500504732131958,-50.57828903198242,82.73609161376953,9.546339988708496,-30.637317657470703,81.15958404541016,-3.8497884273529053,-37.23665237426758,77.16449737548828,,
1780510103.1945534,22139.182382966,-8.210309982299805,-48.047664642333984,83.72779083251953,-6.653521537780762,-53.63633346557617,79.75810241699219,10.024053573608398,-27.531835556030273,79.81109619140625,-2.423203229904175,-40.57682418823242,80.69236755371094,,
1780510103.21378,22139.200855716,-9.1582670211792,-46.77013397216797,85.15389251708984,-7.332021713256836,-53.2602424621582,77.4149169921875,8.938495635986328,-28.322996139526367,77.82026672363281,-0.9919071793556213,-42.976226806640625,82.18917846679688,,
1780510103.2337177,22139.221443625,-8.230483055114746,-45.17993927001953,86.02324676513672,-6.606505393981934,-51.643436431884766,76.26458740234375,7.193446159362793,-28.68712043762207,76.2516860961914,0.390704482793808,-44.05354309082031,83.0577163696289,,
1780510103.2536473,22139.241606703,-7.3211774826049805,-43.513587951660156,86.3543930053711,-6.001338481903076,-51.499549865722656,75.87431335449219,6.467489242553711,-28.16666603088379,75.71946716308594,0.18519994616508484,-43.09971237182617,83.01360321044922,,
1780510103.2737203,22139.268473553,-7.329379558563232,-42.262901306152344,86.45157623291016,-4.9246063232421875,-51.19538116455078,76.3076171875,7.863221168518066,-28.747516632080078,75.79801177978516,-1.2651280164718628,-40.35890197753906,82.41250610351562,,
1780510103.2938187,22139.28159182,-7.865790843963623,-41.77565002441406,85.92794799804688,-3.8407702445983887,-49.85758590698242,77.70423889160156,9.673116683959961,-30.799680709838867,75.95378875732422,-2.816605806350708,-36.474884033203125,81.83944702148438,,
1780510103.3136523,22139.301308575,-8.866585731506348,-41.876888275146484,85.43376159667969,-2.2277817726135254,-48.565494537353516,79.69758605957031,9.902445793151855,-33.18696975708008,76.33573913574219,-4.944704532623291,-32.884639739990234,80.86542510986328,,
1780510103.3337252,22139.320962145,-9.912826538085938,-43.1297492980957,84.74531555175781,0.30213406682014465,-46.78168487548828,82.89344787597656,9.314567565917969,-35.283958435058594,77.55884552001953,-7.567799091339111,-29.93178939819336,78.69939422607422,,
1780510103.3537252,22139.34109737,-9.662459373474121,-44.832611083984375,83.97442626953125,1.8577275276184082,-44.49699783325195,85.8691635131836,8.545036315917969,-36.74671936035156,79.49108123779297,-10.209673881530762,-28.016584396362305,75.85163879394531,,
1780510103.373759,22139.36128039,-8.336935043334961,-46.48241424560547,83.02667999267578,2.6432416439056396,-42.61851119995117,87.42523956298828,7.821420192718506,-38.14370346069336,81.31198120117188,-10.738191604614258,-26.648927688598633,73.95781707763672,,
1780510103.3936765,22139.380861601,-6.630131721496582,-47.37636184692383,82.00281524658203,3.2045505046844482,-41.866455078125,87.55733489990234,7.697238922119141,-39.12519454956055,82.4893798828125,-9.660419464111328,-26.290977478027344,73.190185546875,,
1780510103.41439,22139.402012065,-5.694998264312744,-48.06718063354492,80.80299377441406,3.372091293334961,-42.126556396484375,87.02536010742188,8.321907997131348,-38.70278549194336,82.88567352294922,-8.812962532043457,-27.65284538269043,72.2817153930664,,
1780510103.4335399,22139.421105087,-5.2912774085998535,-48.53666305541992,79.85646057128906,2.6198740005493164,-43.5369987487793,86.28189086914062,8.900483131408691,-36.86933898925781,82.89434814453125,-7.875751972198486,-29.933547973632812,71.76559448242188,,
1780510103.4534357,22139.441223393,-5.35649299621582,-48.733055114746094,79.89433288574219,0.5358512997627258,-46.284584045410156,85.23149871826172,9.408198356628418,-34.13264846801758,82.27469635009766,-6.54871129989624,-32.94633483886719,73.04652404785156,,
1780510103.4744532,22139.462493409,-6.064173221588135,-48.90880584716797,81.33856201171875,-3.4401779174804688,-50.23298645019531,83.16632843017578,9.671860694885254,-30.60165786743164,81.229736328125,-3.853356122970581,-37.04536437988281,76.97261810302734,,
1780510103.4937005,22139.481350215,-8.007794380187988,-48.426963806152344,83.44353485107422,-6.547494888305664,-53.33023452758789,80.19890594482422,10.154233932495117,-27.6252384185791,79.67376708984375,-2.2277681827545166,-40.83224105834961,80.49221801757812,,
1780510103.5136757,22139.501481601,-9.01464557647705,-47.05189514160156,84.95905303955078,-7.104492664337158,-53.2161979675293,77.70001983642578,9.021373748779297,-28.441268920898438,77.41909790039062,-0.725437581539154,-43.390953063964844,81.96867370605469,,
1780510103.5336063,22139.520955747,-8.098241806030273,-45.233489990234375,85.83082580566406,-6.6986308097839355,-51.75397491455078,76.5860595703125,7.328089237213135,-28.844635009765625,75.98072814941406,0.6190692186355591,-44.34383010864258,82.88593292236328,,
1780510103.5535605,22139.541205109,-7.168412685394287,-43.3350715637207,86.22234344482422,-5.735794544219971,-51.50444412231445,75.91960906982422,6.416574001312256,-28.55711555480957,75.5897445678711,0.5029061436653137,-43.39979553222656,83.08321380615234,,
1780510103.5736327,22139.561017513,-7.13351583480835,-41.94594192504883,86.31181335449219,-4.622207164764404,-51.10199737548828,76.19026947021484,7.468275547027588,-29.164493560791016,75.62316131591797,-0.7993249893188477,-40.68791580200195,82.57115936279297,,
1780510103.5943823,22139.582649345,-7.726647853851318,-41.007625579833984,85.73700714111328,-3.3662099838256836,-49.652374267578125,77.42584991455078,9.307729721069336,-31.408710479736328,75.80638885498047,-2.4526774883270264,-36.884979248046875,81.94941711425781,,
1780510103.6142402,22139.60205822,-8.832335472106934,-41.15119934082031,85.14053344726562,-1.493851661682129,-48.11763000488281,79.5867919921875,9.535377502441406,-33.97610855102539,76.2720947265625,-4.538301467895508,-33.058692932128906,80.94621276855469,,
1780510103.6337183,22139.621137565,-10.110738754272461,-42.43413543701172,84.37947082519531,1.3338141441345215,-46.0146369934082,82.94921112060547,8.836258888244629,-36.36558532714844,77.75433349609375,-7.373180866241455,-30.02090072631836,78.63451385498047,,
1780510103.6538754,22139.641129298,-9.75321102142334,-44.19618606567383,83.60466766357422,3.1229562759399414,-43.49488830566406,85.87874603271484,8.143725395202637,-37.95802688598633,79.76392364501953,-10.17117977142334,-28.16164779663086,75.66089630126953,,
1780510103.6731765,22139.660215523,-8.314196586608887,-45.75325012207031,82.6691665649414,3.929849147796631,-41.74385070800781,87.11724853515625,7.496028423309326,-39.31930923461914,81.4344711303711,-10.435480117797852,-27.029067993164062,73.8796157836914,,
1780510103.6934848,22139.684375583,-6.812742710113525,-46.70218276977539,81.49459838867188,4.416789531707764,-41.030723571777344,87.16349029541016,7.572140693664551,-40.02920150756836,82.56037139892578,-9.34557056427002,-26.945388793945312,73.23593139648438,,
1780510103.7134428,22139.700688138,-5.773078918457031,-47.50796127319336,80.28302764892578,4.376949310302734,-41.61556625366211,86.51693725585938,8.207762718200684,-39.431575775146484,82.91398620605469,-8.257468223571777,-28.310462951660156,72.2626953125,,
1780510103.7336226,22139.72127874,-5.424020290374756,-47.981468200683594,79.1978530883789,3.419856548309326,-43.262046813964844,85.80952453613281,8.785812377929688,-37.469459533691406,82.94422912597656,-7.351027965545654,-30.713329315185547,71.86347961425781,,
1780510103.7534556,22139.741039778,-5.483139991760254,-48.12487030029297,79.45500946044922,0.9851073026657104,-46.33714294433594,84.6557846069336,9.213201522827148,-34.61860656738281,82.2850570678711,-5.930647373199463,-33.81425476074219,73.29132080078125,,
1780510103.7734265,22139.760495896,-6.312647819519043,-48.26091766357422,81.21322631835938,-3.2543652057647705,-50.59003829956055,82.5351791381836,9.333566665649414,-30.82101821899414,81.25023651123047,-3.320483922958374,-37.91960525512695,77.39549255371094,,
1780510103.793474,22139.780863827,-8.285473823547363,-47.6884651184082,83.35407257080078,-6.3257880210876465,-53.39303970336914,79.62889099121094,9.722740173339844,-27.993165969848633,79.72972869873047,-1.9777358770370483,-41.370872497558594,80.81547546386719,,
1780510103.8136353,22139.801669959,-9.164693832397461,-46.276241302490234,84.84620666503906,-6.795658588409424,-52.88418197631836,77.27937316894531,8.479092597961426,-28.92099380493164,77.76718139648438,-0.5982478260993958,-43.80900955200195,82.26940155029297,,
1780510103.833678,22139.821434693,-8.236185073852539,-44.59340286254883,85.68489074707031,-6.097497940063477,-51.29498291015625,76.17755126953125,6.703087329864502,-29.219280242919922,76.4714126586914,0.653627336025238,-44.7933235168457,83.1603775024414,,
1780510103.853592,22139.840870245,-7.4036970138549805,-42.998714447021484,86.07872772216797,-5.343847274780273,-51.184574127197266,75.7416000366211,6.245752334594727,-28.74751091003418,75.9350357055664,0.2700228989124298,-43.6130485534668,82.96758270263672,,
1780510103.8735225,22139.860725429,-7.360921382904053,-41.82807922363281,86.10449981689453,-4.401104927062988,-50.683258056640625,76.35076904296875,7.701752185821533,-29.42945671081543,75.85138702392578,-1.1351608037948608,-40.74970626831055,82.3901596069336,,
1780510103.8936148,22139.880738583,-7.979157447814941,-41.25633239746094,85.50861358642578,-3.26151442527771,-49.29371643066406,77.7980728149414,9.507492065429688,-31.500690460205078,76.07780456542969,-2.794090986251831,-36.78989028930664,81.77960968017578,,
1780510103.9135401,22139.901207424,-9.080632209777832,-41.46595764160156,84.98834991455078,-1.3317660093307495,-47.9287109375,79.95026397705078,9.655061721801758,-33.93883514404297,76.65665435791016,-4.963403701782227,-33.19618225097656,80.7073745727539,,
1780510103.9337542,22139.921054791,-10.080416679382324,-42.7326774597168,84.31295013427734,1.041975736618042,-46.09649658203125,83.00645446777344,8.971097946166992,-35.82930374145508,77.9775161743164,-7.684255599975586,-30.241296768188477,78.47376251220703,,
1780510103.9536586,22139.940981597,-9.730386734008789,-44.60019302368164,83.47068786621094,2.5882303714752197,-43.80416488647461,85.977783203125,8.416417121887207,-37.25981521606445,79.90621948242188,-10.1837739944458,-28.27143669128418,75.66394805908203,,
1780510103.973667,22139.960861542,-8.200160026550293,-46.20039367675781,82.62091827392578,3.1765801906585693,-42.21006393432617,87.25228118896484,7.808437824249268,-38.53764724731445,81.54685974121094,-10.453371047973633,-26.837215423583984,73.98922729492188,,
1780510103.9936094,22139.981147028,-6.613680362701416,-47.04322052001953,81.625,3.492431879043579,-41.77861785888672,87.31401062011719,7.7940263748168945,-39.131832122802734,82.62596130371094,-9.548587799072266,-26.68955421447754,73.2755355834961,,
1780510104.0137365,22140.000906056,-5.637138843536377,-47.872615814208984,80.60340118408203,3.482574701309204,-42.33477783203125,86.7428970336914,8.507845878601074,-38.52398681640625,82.89481353759766,-8.632192611694336,-28.106176376342773,72.3065185546875,,
1780510104.0336552,22140.020956548,-5.272380352020264,-48.33759689331055,79.82805633544922,2.224378824234009,-44.01991271972656,85.96720886230469,9.001596450805664,-36.3720588684082,82.88729095458984,-7.684349536895752,-30.46474838256836,72.02970886230469,,
1780510104.053753,22140.041204261,-5.361481189727783,-48.57748031616211,80.28699493408203,-0.358968585729599,-47.0837287902832,84.77311706542969,9.453398704528809,-33.46528244018555,82.18668365478516,-6.1122517585754395,-33.59049987792969,73.8458480834961,,
1780510104.0736156,22140.060625195,-6.3989152908325195,-48.84189224243164,81.98267364501953,-4.4588398933410645,-51.21891784667969,82.57844543457031,9.916847229003906,-29.761531829833984,81.07389831542969,-3.5508358478546143,-37.61491012573242,77.99681091308594,,
1780510104.0936663,22140.081147792,-8.418200492858887,-48.055782318115234,83.96106719970703,-7.003863334655762,-53.622066497802734,79.48929595947266,10.119004249572754,-27.59108543395996,79.33761596679688,-2.1416897773742676,-40.997314453125,81.07376098632812,,
1780510104.1134448,22140.101107275,-8.993082046508789,-46.74774932861328,85.3279037475586,-7.284302711486816,-52.844642639160156,77.40758514404297,8.848876953125,-28.51131248474121,77.2406005859375,-0.5941958427429199,-43.25673294067383,82.2618408203125,,
1780510104.1333978,22140.120321846,-7.915487289428711,-45.038455963134766,86.08329010009766,-6.844443321228027,-51.63494110107422,76.50765228271484,7.2660627365112305,-28.358699798583984,75.95176696777344,0.5154221653938293,-43.83885192871094,83.00409698486328,,
1780510104.1534824,22140.14059901,-7.305061340332031,-43.52921676635742,86.47490692138672,-5.9038801193237305,-51.74648666381836,76.10816955566406,6.94601583480835,-28.00010108947754,75.7297134399414,-0.12967552244663239,-42.44929122924805,82.80740356445312,,
1780510104.17364,22140.160782202,-7.387342929840088,-42.342857360839844,86.44471740722656,-5.035750389099121,-51.167606353759766,76.74079895019531,8.469298362731934,-28.856136322021484,75.6418228149414,-1.6219513416290283,-39.5837516784668,82.28382873535156,,
1780510104.1934698,22140.180624017,-7.8876237869262695,-41.90134048461914,85.96122741699219,-3.925527334213257,-49.886085510253906,77.9756088256836,10.040873527526855,-30.887670516967773,75.83990478515625,-3.064399480819702,-35.71564483642578,81.76563262939453,,
1780510104.2141187,22140.201226676,-8.822351455688477,-42.17326736450195,85.51721954345703,-2.3103601932525635,-48.599002838134766,80.00187683105469,9.944140434265137,-33.231719970703125,76.3255615234375,-5.12297248840332,-32.41304397583008,80.73439025878906,,
1780510104.2334332,22140.220516209,-9.774665832519531,-43.463802337646484,84.96931457519531,0.08496125787496567,-46.838260650634766,83.16768646240234,9.301148414611816,-35.12338638305664,77.58992004394531,-7.823742866516113,-29.659162521362305,78.55352020263672,,
1780510104.253668,22140.244970514,-9.48902702331543,-45.3013801574707,84.09607696533203,1.5434602499008179,-44.63139343261719,86.04991912841797,8.621301651000977,-36.64415740966797,79.56466674804688,-10.289420127868652,-27.69851303100586,75.6626205444336,,
1780510104.2736418,22140.260757937,-8.028156280517578,-46.93669128417969,83.21851348876953,2.385572910308838,-42.765201568603516,87.53455352783203,7.886508464813232,-38.12779235839844,81.35755157470703,-10.686822891235352,-26.33348846435547,73.82032775878906,,
1780510104.2935436,22140.283126273,-6.542527198791504,-47.750736236572266,82.09700775146484,3.024230718612671,-41.97356033325195,87.5893783569336,7.77357816696167,-39.2288818359375,82.48308563232422,-9.710042953491211,-26.125690460205078,73.05146026611328,,
1780510104.3135536,22140.30146199,-5.545295715332031,-48.329734802246094,80.95269775390625,3.239504098892212,-42.19738006591797,87.00965881347656,8.325584411621094,-38.72731018066406,82.84294891357422,-8.813566207885742,-27.507165908813477,72.21672058105469,,
1780510104.3336313,22140.320598481,-5.237081050872803,-48.83527374267578,79.91656494140625,2.533447027206421,-43.5408935546875,86.26036071777344,8.853713035583496,-36.95219802856445,82.82599639892578,-7.831413745880127,-29.87579345703125,71.68218994140625,,
1780510104.3536007,22140.340554304,-5.371174335479736,-48.92685317993164,79.95149993896484,0.4565010368824005,-46.21376037597656,85.20198059082031,9.273846626281738,-34.2055778503418,82.27262878417969,-6.473736763000488,-32.96894454956055,72.9173583984375,,
1780510104.3736026,22140.360578359,-6.161500930786133,-49.02655792236328,81.38260650634766,-3.4444797039031982,-50.06227493286133,83.14664459228516,9.50471019744873,-30.821115493774414,81.22015380859375,-3.748135566711426,-37.14554214477539,76.73963165283203,,
1780510104.3936272,22140.381093333,-8.065596580505371,-48.28361511230469,83.58714294433594,-6.468319416046143,-53.3511848449707,80.0538558959961,9.980093002319336,-27.65581512451172,79.77008056640625,-2.26684832572937,-40.85906219482422,80.29045867919922,,
1780510104.4135387,22140.40203191,-9.07726001739502,-46.997589111328125,85.11422729492188,-7.173529148101807,-53.469566345214844,77.60107421875,8.976761817932129,-28.27410888671875,77.70230102539062,-0.888307511806488,-43.188289642333984,81.91777801513672,,
1780510104.433574,22140.420700407,-8.220457077026367,-45.121028900146484,85.95413970947266,-6.679868221282959,-52.004825592041016,76.39000701904297,7.306697368621826,-28.722543716430664,76.19055938720703,0.4151965379714966,-44.21023178100586,82.94253540039062,,
1780510104.4536138,22140.440732675,-7.30424690246582,-43.26136779785156,86.30107116699219,-5.805064678192139,-51.61679458618164,75.83340454101562,6.5452880859375,-28.518407821655273,75.64273071289062,0.36538997292518616,-43.40264892578125,83.07180786132812,,
1780510104.4736195,22140.461373077,-7.2197065353393555,-41.88735580444336,86.33834838867188,-4.724761009216309,-51.100868225097656,76.21288299560547,7.69072151184082,-29.1993408203125,75.56312561035156,-0.8382480144500732,-40.77972412109375,82.52794647216797,,
1780510104.4935875,22140.480770435,-7.831239700317383,-41.06928253173828,85.82093811035156,-3.372433662414551,-49.73706817626953,77.45719909667969,9.387249946594238,-31.249784469604492,75.77882385253906,-2.5455002784729004,-37.02531433105469,81.90731811523438,,
1780510104.5135982,22140.503566453,-8.967283248901367,-41.257408142089844,85.19564819335938,-1.458433985710144,-48.23701095581055,79.66385650634766,9.548942565917969,-33.83760070800781,76.30563354492188,-4.729474067687988,-33.266212463378906,80.88613891601562,,
1780510104.5336287,22140.520682544,-10.183038711547852,-42.53401184082031,84.3656234741211,1.310209035873413,-46.13591384887695,82.98404693603516,8.92289924621582,-36.194156646728516,77.78550720214844,-7.568983554840088,-30.147357940673828,78.52279663085938,,
1780510104.5535936,22140.54070992,-9.8472900390625,-44.266746520996094,83.51695251464844,2.975668430328369,-43.576778411865234,85.95438385009766,8.217264175415039,-37.7622184753418,79.79210662841797,-10.211265563964844,-28.225126266479492,75.66570281982422,,
1780510104.5735948,22140.560948313,-8.407744407653809,-45.671875,82.57781982421875,3.7973148822784424,-41.779991149902344,87.19940948486328,7.492232799530029,-39.07064437866211,81.54370880126953,-10.52121353149414,-27.154611587524414,73.95698547363281,,
1780510104.5935166,22140.580884427,-6.742467403411865,-46.653846740722656,81.45600128173828,4.272850036621094,-41.120548248291016,87.25505828857422,7.536108016967773,-39.708560943603516,82.62649536132812,-9.414763450622559,-26.96842384338379,73.35547637939453,,
1780510104.6136107,22140.600637758,-5.804038047790527,-47.45948028564453,80.28308868408203,4.2517008781433105,-41.7082633972168,86.64999389648438,8.270964622497559,-39.057804107666016,82.98735046386719,-8.485112190246582,-28.462148666381836,72.2822494506836,,
1780510104.6336055,22140.62125566,-5.4519147872924805,-47.97397232055664,79.40310668945312,3.168276309967041,-43.38222885131836,85.92233276367188,8.86559772491455,-36.99116134643555,82.99765014648438,-7.606743335723877,-30.824926376342773,71.89863586425781,,
1780510104.6536357,22140.640516792,-5.407960414886475,-48.14578628540039,79.80113220214844,0.6751841306686401,-46.5028190612793,84.7287368774414,9.382787704467773,-34.111026763916016,82.27330017089844,-6.170352935791016,-33.861427307128906,73.53215789794922,,
1780510104.6736484,22140.660658734,-6.292262077331543,-48.34434127807617,81.44960021972656,-3.5577030181884766,-50.75575637817383,82.62852478027344,9.767542839050293,-30.32080078125,81.2052001953125,-3.5596983432769775,-37.875999450683594,77.7436752319336,,
1780510104.6936295,22140.681148933,-8.352152824401855,-47.77118682861328,83.47467803955078,-6.514040470123291,-53.529296875,79.65595245361328,10.068735122680664,-27.720048904418945,79.49484252929688,-2.195474624633789,-41.307029724121094,80.97767639160156,,
1780510104.7135713,22140.700979593,-9.161998748779297,-46.49785232543945,84.95177459716797,-6.869556903839111,-52.82434844970703,77.37361907958984,8.815678596496582,-28.749134063720703,77.48287200927734,-0.6811358332633972,-43.69918441772461,82.29104614257812,,
1780510104.7335732,22140.720977389,-8.19288158416748,-44.960426330566406,85.78105163574219,-6.344240188598633,-51.282657623291016,76.3821029663086,7.09138298034668,-28.799327850341797,76.26646423339844,0.5921750068664551,-44.441917419433594,83.13646697998047,,
1780510104.7536178,22140.740742158,-7.479469299316406,-43.37501907348633,86.19075012207031,-5.503361701965332,-51.42338943481445,75.8996353149414,6.622396469116211,-28.269874572753906,75.84899139404297,0.010106225498020649,-43.13055419921875,82.91956329345703,,
1780510104.7736037,22140.763409247,-7.558955669403076,-42.33339309692383,86.29655456542969,-4.575819492340088,-51.044185638427734,76.40123748779297,8.058868408203125,-28.896406173706055,75.88766479492188,-1.5559191703796387,-40.17097473144531,82.36009216308594,,
1780510104.7935805,22140.780536447,-7.9399871826171875,-41.67009735107422,85.74919128417969,-3.7330780029296875,-49.61264419555664,77.7986068725586,9.85438346862793,-30.90230941772461,76.01822662353516,-3.0029475688934326,-36.32737350463867,81.8703384399414,,
1780510104.813789,22140.801020808,-8.955016136169434,-41.92594909667969,85.30603790283203,-2.130810260772705,-48.4572639465332,79.74000549316406,10.003238677978516,-33.196563720703125,76.4663314819336,-5.102187156677246,-32.80086898803711,80.81989288330078,,
1780510104.833656,22140.820801556,-9.73855972290039,-43.087303161621094,84.91484069824219,0.014295266009867191,-46.89348602294922,82.55004119873047,9.276687622070312,-35.005733489990234,77.60752868652344,-7.603372573852539,-30.168367385864258,78.89978790283203,,
1780510104.8535423,22140.841011166,-9.633338928222656,-44.848751068115234,84.12601470947266,1.601755142211914,-44.856842041015625,85.54176330566406,8.670165061950684,-36.45456314086914,79.52864074707031,-10.321849822998047,-28.190019607543945,75.96572875976562,,
1780510104.8735561,22140.860767688,-8.310102462768555,-46.61380386352539,83.2488784790039,2.3055670261383057,-42.97419738769531,87.27216339111328,8.111915588378906,-37.771705627441406,81.22383880615234,-10.972428321838379,-26.68792152404785,73.96907043457031,,
1780510104.89366,22140.880981581,-6.658524513244629,-47.605133056640625,82.28893280029297,2.8550844192504883,-42.263240814208984,87.47067260742188,7.994822025299072,-38.89175796508789,82.38385772705078,-10.00410270690918,-26.189918518066406,73.12012481689453,,
1780510104.9136064,22140.903252304,-5.593024730682373,-48.23019027709961,81.2127914428711,2.9819371700286865,-42.50191879272461,86.96511840820312,8.457560539245605,-38.53529739379883,82.82701110839844,-9.091835975646973,-27.38800811767578,72.31302642822266,,
1780510104.9338617,22140.921361968,-5.18544340133667,-48.69676208496094,80.2325668334961,2.2735331058502197,-43.84114074707031,86.29283905029297,8.963269233703613,-36.76725769042969,82.81477355957031,-8.1808443069458,-29.587078094482422,71.82644653320312,,
1780510104.9535716,22140.940690921,-5.165607452392578,-48.98027420043945,80.44764709472656,0.15762721002101898,-46.38939666748047,85.13904571533203,9.399188995361328,-34.04545593261719,82.26679229736328,-6.865016460418701,-32.59964370727539,72.84900665283203,,
1780510104.973635,22140.961313106,-5.914021968841553,-49.18766403198242,81.78347778320312,-3.6722209453582764,-50.34453582763672,83.27973175048828,9.702929496765137,-30.58492088317871,81.18697357177734,-4.283727169036865,-36.45751190185547,76.67096710205078,,
1780510104.9936132,22140.980762627,-7.897935390472412,-48.48130416870117,83.9512939453125,-6.735687732696533,-53.610694885253906,80.0931625366211,10.229490280151367,-27.358800888061523,79.75914764404297,-2.6222903728485107,-40.06300354003906,80.3699722290039,,
1780510105.0137672,22141.000593898,-9.089692115783691,-47.18026351928711,85.4258804321289,-7.499870300292969,-53.879268646240234,77.57707214355469,9.155557632446289,-27.82756996154785,77.720458984375,-1.2479887008666992,-42.54334259033203,81.94102478027344,,
1780510105.033699,22141.02090677,-8.351426124572754,-45.34286117553711,86.23920440673828,-7.069269180297852,-52.47624969482422,76.37040710449219,7.520840644836426,-28.230798721313477,76.14144134521484,0.08867773413658142,-43.712562561035156,82.91352844238281,,
1780510105.053704,22141.040739911,-7.448601245880127,-43.66526794433594,86.61358642578125,-6.156561374664307,-52.08590316772461,75.83070373535156,6.69633674621582,-27.98565101623535,75.49040985107422,0.13769714534282684,-42.99150466918945,83.09444427490234,,
1780510105.0735588,22141.060365168,-7.310236930847168,-42.260494232177734,86.59246063232422,-5.16267204284668,-51.59172821044922,76.16787719726562,7.74113655090332,-28.639867782592773,75.43031311035156,-1.0364291667938232,-40.507877349853516,82.59841918945312,,
1780510105.0935907,22141.080649786,-7.878028869628906,-41.432273864746094,86.17880249023438,-3.7032735347747803,-50.366756439208984,77.21553802490234,9.408907890319824,-30.619516372680664,75.77748107910156,-2.6913554668426514,-36.873844146728516,81.98649597167969,,
1780510105.1135283,22141.100481567,-8.926753997802734,-41.5112419128418,85.51531219482422,-1.8459999561309814,-48.92142105102539,79.3469009399414,9.754703521728516,-33.320735931396484,76.1012191772461,-4.7484612464904785,-33.19440460205078,80.9564208984375,,
1780510105.1335661,22141.122367674,-10.114717483520508,-42.65610122680664,84.66019439697266,0.8244662880897522,-46.88980484008789,82.7269058227539,9.19113826751709,-35.6851692199707,77.39540100097656,-7.472959518432617,-30.087621688842773,78.76705932617188,,
1780510105.153516,22141.142554067,-9.870550155639648,-44.368865966796875,83.8292236328125,2.634657621383667,-44.25559616088867,85.78843688964844,8.372823715209961,-37.34610366821289,79.4740982055664,-10.253101348876953,-28.12528419494629,75.80977630615234,,
1780510105.1735334,22141.160511752,-8.47915267944336,-45.94070053100586,82.81794738769531,3.5031933784484863,-42.161075592041016,87.30426788330078,7.552001953125,-38.788185119628906,81.29000854492188,-10.697981834411621,-26.767724990844727,73.97508239746094,,
1780510105.1936014,22141.180532795,-6.795405864715576,-46.68739318847656,81.69538879394531,4.161358833312988,-41.26601791381836,87.34149932861328,7.375333786010742,-39.70109176635742,82.5704345703125,-9.710922241210938,-26.894975662231445,73.20599365234375,,
1780510105.213587,22141.200685263,-5.778217315673828,-47.41743850708008,80.46849060058594,4.353033542633057,-41.611209869384766,86.78905487060547,8.031197547912598,-39.18510437011719,82.99665069580078,-8.71484661102295,-28.385236740112305,72.25216674804688,,
1780510105.2336576,22141.220904729,-5.362978935241699,-47.940093994140625,79.43051147460938,3.5182948112487793,-43.10457992553711,86.03096008300781,8.74449634552002,-37.244720458984375,83.01687622070312,-7.7936248779296875,-30.7401180267334,71.67598724365234,,
1780510105.2536337,22141.240850392,-5.604818344116211,-47.98442077636719,79.42951202392578,1.4237552881240845,-46.044944763183594,85.03387451171875,9.272784233093262,-34.50170135498047,82.42981719970703,-6.525298118591309,-33.88194274902344,73.0865249633789,,
1780510105.2736492,22141.260760166,-6.296875,-48.165496826171875,80.98567199707031,-2.629254102706909,-50.17237854003906,82.91632080078125,9.541603088378906,-30.883440017700195,81.42064666748047,-3.8795952796936035,-37.9586067199707,77.0238265991211,,
1780510105.2935598,22141.280895874,-8.268484115600586,-47.722198486328125,83.18072509765625,-5.926251411437988,-53.32671356201172,79.8782958984375,9.809537887573242,-27.89493751525879,79.86199951171875,-2.2772655487060547,-41.693485260009766,80.67686462402344,,
1780510105.3136127,22141.300847898,-9.376477241516113,-46.45924758911133,84.69422149658203,-6.562253952026367,-53.124332427978516,77.47166442871094,8.602558135986328,-28.88164710998535,77.80913543701172,-0.8940613269805908,-44.14921569824219,82.2073974609375,,
1780510105.3337314,22141.321270654,-8.441804885864258,-44.81880187988281,85.6295394897461,-5.942564010620117,-51.463714599609375,76.25736999511719,6.800317764282227,-29.301156997680664,76.36986541748047,0.5202512145042419,-45.04691696166992,83.1702651977539,,
1780510105.3535924,22141.340884231,-7.58112907409668,-43.200687408447266,86.05252075195312,-5.102971076965332,-51.33897399902344,75.64684295654297,5.951807498931885,-28.705608367919922,75.89242553710938,0.2741612195968628,-43.98605728149414,83.17829132080078,,
1780510105.3736627,22141.361377571,-7.549998760223389,-41.981781005859375,86.20250701904297,-3.967008113861084,-51.11256790161133,75.88030242919922,7.212736129760742,-29.0728816986084,75.98844146728516,-1.1537449359893799,-41.089996337890625,82.60993957519531,,
1780510105.3935523,22141.381743011,-7.989258766174316,-41.072025299072266,85.56913757324219,-2.9966378211975098,-49.66093444824219,77.12100219726562,9.165854454040527,-31.2526912689209,76.25406646728516,-2.6245028972625732,-37.226783752441406,82.05783081054688,,
1780510105.413359,22141.400524291,-8.892096519470215,-40.989933013916016,85.04680633544922,-1.3358229398727417,-48.36270523071289,78.94745635986328,9.491232872009277,-33.739402770996094,76.725830078125,-4.602082252502441,-33.56532287597656,81.10987091064453,,
1780510105.4333954,22141.420742406,-9.910625457763672,-42.13941192626953,84.46154022216797,1.141696572303772,-46.75554656982422,81.85639190673828,9.04031753540039,-35.881309509277344,77.83692169189453,-7.255473613739014,-30.528038024902344,79.06880187988281,,
1780510105.4533186,22141.444873514,-9.716461181640625,-43.70759963989258,83.79969787597656,2.847918748855591,-44.531959533691406,84.78681182861328,8.395890235900879,-37.30879211425781,79.61024475097656,-10.015926361083984,-28.786487579345703,76.16458129882812,,
1780510105.4738634,22141.461649155,-8.4691801071167,-45.45922088623047,82.92018127441406,3.60632061958313,-42.75774002075195,86.51995086669922,7.868190288543701,-38.5938835144043,81.22453308105469,-10.907052993774414,-27.542238235473633,74.13032531738281,,
1780510105.4937086,22141.480923834,-6.936519145965576,-46.57618713378906,81.85892486572266,3.9597692489624023,-41.96353530883789,86.88670349121094,7.8109941482543945,-39.289634704589844,82.3777847290039,-10.131196975708008,-27.195615768432617,73.11131286621094,,
1780510105.5137165,22141.504643369,-5.932355880737305,-47.41120529174805,80.72539520263672,4.077919006347656,-42.2845458984375,86.47476196289062,8.394630432128906,-38.99278259277344,82.85213470458984,-9.032275199890137,-28.3460693359375,72.28492736816406,,
1780510105.5339274,22141.521686337,-5.356057167053223,-47.88688278198242,79.85538482666016,3.1553404331207275,-43.73262023925781,85.84130859375,8.979310035705566,-37.121578216552734,82.88555908203125,-8.176350593566895,-30.462665557861328,71.94884490966797,,
1780510105.553723,22141.541068373,-5.412957191467285,-48.15789794921875,80.00540924072266,0.9333744645118713,-46.581214904785156,84.7969970703125,9.502960205078125,-34.27208709716797,82.24211883544922,-6.908944606781006,-33.43244552612305,73.09196472167969,,
1780510105.57375,22141.561051225,-6.1407060623168945,-48.42999267578125,81.70288848876953,-3.197856903076172,-50.756736755371094,82.74127960205078,9.702571868896484,-30.52360725402832,81.17643737792969,-4.327053070068359,-37.265655517578125,77.01171875,,
1780510105.5937793,22141.580871987,-8.33204174041748,-47.8621940612793,83.85342407226562,-6.435467720031738,-53.9862174987793,79.66102600097656,10.044243812561035,-27.408550262451172,79.90927124023438,-2.8200418949127197,-40.64258575439453,80.77413177490234,,
1780510105.6137342,22141.60297531,-9.41547679901123,-46.74555969238281,85.25386047363281,-7.115339756011963,-53.72114181518555,77.27429962158203,8.782296180725098,-28.21123695373535,77.97591400146484,-1.3676722049713135,-43.02971649169922,82.33895874023438,,
1780510105.633707,22141.621345289,-8.666934967041016,-45.12710189819336,86.0703125,-6.512825012207031,-52.109275817871094,76.05765533447266,6.99566650390625,-28.562273025512695,76.38485717773438,-0.005846961867064238,-44.13575744628906,83.19623565673828,,
1780510105.6538956,22141.641761122,-7.811573028564453,-43.63347625732422,86.51045989990234,-5.6290283203125,-52.032588958740234,75.52093505859375,6.357656478881836,-27.97159767150879,75.86434173583984,-0.2635125517845154,-43.07029342651367,83.14966583251953,,
1780510105.673738,22141.662037815,-7.6572089195251465,-42.51791763305664,86.57186126708984,-4.664234161376953,-51.61058807373047,75.9325942993164,7.676751613616943,-28.432861328125,75.91523742675781,-1.5444575548171997,-40.335079193115234,82.64862060546875,,
1780510105.6938703,22141.681346371,-8.059320449829102,-41.90595245361328,86.0348129272461,-3.6447997093200684,-50.38618469238281,77.25287628173828,9.610945701599121,-30.454383850097656,75.95641326904297,-3.0264971256256104,-36.561710357666016,82.00131225585938,,
1780510105.7136168,22141.701590679,-8.983378410339355,-41.841407775878906,85.47714233398438,-1.9609925746917725,-49.240962982177734,79.05787658691406,9.861129760742188,-32.929115295410156,76.30583953857422,-4.990815162658691,-33.07475662231445,81.01546478271484,,
1780510105.7337246,22141.722183982,-9.854132652282715,-42.88189697265625,85.00260162353516,0.26590433716773987,-47.56859588623047,81.98611450195312,9.307045936584473,-35.01142120361328,77.50491333007812,-7.60313081741333,-30.14754867553711,79.0996322631836,,
1780510105.7537081,22141.741111587,-9.635101318359375,-44.3642463684082,84.21517181396484,1.7440239191055298,-45.39958953857422,85.03555297851562,8.670015335083008,-36.4505729675293,79.25033569335938,-10.252333641052246,-28.22903060913086,76.24415588378906,,
1780510105.7736857,22141.760869664,-8.452767372131348,-46.03030776977539,83.24711608886719,2.6203274726867676,-43.34556579589844,86.93521118164062,8.05241870880127,-37.78167724609375,81.0824966430664,-11.222465515136719,-27.047752380371094,74.05628204345703,,
1780510105.7937431,22141.780643559,-6.771656513214111,-47.13816833496094,82.22737884521484,3.2975962162017822,-42.30294418334961,87.254638671875,7.802840709686279,-38.93894958496094,82.36421966552734,-10.296834945678711,-26.61145782470703,73.11978912353516,,
1780510105.8137352,22141.800697789,-5.767452239990234,-47.732025146484375,81.03717041015625,3.664652109146118,-42.3343505859375,86.86436462402344,8.296989440917969,-38.69097137451172,82.91862487792969,-9.414630889892578,-27.95921516418457,72.31720733642578,,
1780510105.8337274,22141.820795887,-5.349977493286133,-48.2846794128418,80.09343719482422,3.1077675819396973,-43.48831558227539,86.19844055175781,8.97875690460205,-36.99286651611328,82.87285614013672,-8.546036720275879,-30.20800018310547,71.67132568359375,,
1780510105.8536909,22141.840704461,-5.322911262512207,-48.4019660949707,80.11328125,1.1257190704345703,-46.07943344116211,85.11749267578125,9.397940635681152,-34.27462387084961,82.36404418945312,-7.336764812469482,-33.244022369384766,72.71205139160156,,
1780510105.8737144,22141.860529087,-6.061282157897949,-48.66952133178711,81.49948120117188,-2.642606496810913,-50.04218673706055,83.25808715820312,9.76183795928955,-30.825984954833984,81.38241577148438,-4.742069721221924,-37.11288070678711,76.3263168334961,,
1780510105.8936977,22141.883230011,-8.081172943115234,-48.133140563964844,83.52277374267578,-6.02373743057251,-53.49528884887695,80.26631927490234,10.023698806762695,-27.613876342773438,80.00871276855469,-2.8930506706237793,-40.92706298828125,80.39887237548828,,
1780510105.9137285,22141.900965673,-9.383827209472656,-47.065895080566406,85.07740783691406,-6.932995796203613,-53.932220458984375,77.60333251953125,8.895820617675781,-28.169889450073242,77.94617462158203,-1.4695930480957031,-43.255733489990234,82.09429931640625,,
1780510105.9337695,22141.920882383,-8.678709030151367,-45.308616638183594,85.99111938476562,-6.511478424072266,-52.36949920654297,76.22343444824219,7.021451950073242,-28.776113510131836,76.32363891601562,-0.029136519879102707,-44.43701934814453,83.12086486816406,,
1780510105.9536595,22141.941773372,-7.716892719268799,-43.58551788330078,86.44686126708984,-5.563429355621338,-51.952964782714844,75.49967193603516,5.993382930755615,-28.339860916137695,75.76891326904297,0.09093078970909119,-43.615360260009766,83.3779525756836,,
1780510105.973688,22141.96440687,-7.52936315536499,-42.24370193481445,86.56686401367188,-4.452164173126221,-51.70901107788086,75.46253204345703,6.922013759613037,-28.550241470336914,75.81007385253906,-1.0948230028152466,-40.93392562866211,82.92520141601562,,
1780510105.9939892,22141.981414772,-7.99547815322876,-41.214237213134766,85.98197937011719,-3.2861316204071045,-50.42049026489258,76.61932373046875,8.91272258758545,-30.73484992980957,76.07022094726562,-2.6358509063720703,-37.151451110839844,82.29161071777344,,
1780510106.0136929,22142.00095287,-8.933638572692871,-41.07268142700195,85.40141296386719,-1.3392311334609985,-49.02938461303711,78.5965576171875,9.374643325805664,-33.434818267822266,76.57893371582031,-4.614592552185059,-33.386722564697266,81.2613296508789,,
1780510106.034808,22142.021898674,-9.923698425292969,-41.936710357666016,84.75093841552734,1.1503920555114746,-47.228416442871094,81.44430541992188,8.907590866088867,-35.84761047363281,77.58851623535156,-7.304018974304199,-30.339115142822266,79.2383041381836,,
1780510106.0544567,22142.04151087,-9.812111854553223,-43.38001251220703,84.0279541015625,3.0217366218566895,-44.849979400634766,84.54259490966797,8.258079528808594,-37.39730453491211,79.30567169189453,-10.200366020202637,-28.63821792602539,76.21018981933594,,
1780510106.073789,22142.060969583,-8.65503215789795,-45.056854248046875,83.05220031738281,3.8767919540405273,-42.84434127807617,86.416015625,7.596526145935059,-38.89128112792969,81.14616394042969,-10.998225212097168,-27.557453155517578,73.94417572021484,,
1780510106.0936992,22142.081302734,-6.909456253051758,-46.05274963378906,81.97672271728516,4.504741191864014,-41.78022003173828,86.83377075195312,7.400243759155273,-39.83080291748047,82.4285659790039,-10.21557331085205,-27.313823699951172,73.13374328613281,,
1780510106.11371,22142.100833234,-5.979159832000732,-46.92869186401367,80.61114501953125,4.840793132781982,-41.83142852783203,86.47097778320312,8.154603958129883,-39.55931091308594,82.8959732055664,-9.095519065856934,-28.52041244506836,72.31291198730469,,
1780510106.133678,22142.120886816,-5.51839542388916,-47.536678314208984,79.535400390625,4.076099872589111,-43.08502197265625,85.8001708984375,8.812578201293945,-37.6812858581543,82.97171020507812,-8.2777738571167,-30.839183807373047,71.60577392578125,,
1780510106.153747,22142.14268825,-5.484140396118164,-47.76177215576172,79.62606811523438,2.0400843620300293,-45.821815490722656,84.7461166381836,9.250587463378906,-34.95171356201172,82.44156646728516,-7.025820255279541,-33.98086929321289,72.58857727050781,,
1780510106.1738174,22142.161080236,-6.167863845825195,-47.91857147216797,81.04315948486328,-1.746051549911499,-49.93802261352539,82.95374298095703,9.513097763061523,-31.299015045166016,81.53865814208984,-4.623715400695801,-37.929500579833984,76.3301010131836,,
1780510106.1937122,22142.181233105,-8.306792259216309,-47.49363327026367,83.32398986816406,-5.429561614990234,-53.55146789550781,79.89517211914062,9.656140327453613,-27.781553268432617,80.27071380615234,-2.897676467895508,-41.53696823120117,80.47793579101562,,
1780510106.2136905,22142.201315706,-9.684581756591797,-46.521602630615234,84.91414642333984,-6.460076808929443,-53.873130798339844,77.201171875,8.450758934020996,-28.3580379486084,78.38945770263672,-1.618873953819275,-43.79424285888672,82.29605102539062,,
1780510106.2336848,22142.220903215,-8.999615669250488,-44.91133117675781,85.7783203125,-5.846879482269287,-52.03117752075195,75.79788970947266,6.700649738311768,-29.185230255126953,76.74313354492188,-0.0950065404176712,-44.94015121459961,83.31352996826172,,
1780510106.254452,22142.241862424,-8.00388240814209,-43.43448257446289,86.2430648803711,-4.939957141876221,-51.579505920410156,75.11507415771484,5.713775634765625,-28.657888412475586,75.96984100341797,0.03349706158041954,-44.096134185791016,83.40567779541016,,
1780510106.2741127,22142.261443661,-7.736571311950684,-42.06514358520508,86.34208679199219,-3.844632863998413,-51.36815643310547,75.24121856689453,6.651102066040039,-28.765941619873047,76.02365112304688,-1.1166692972183228,-41.385746002197266,82.95046997070312,,
1780510106.2943602,22142.28172112,-8.219393730163574,-41.10280227661133,85.75089263916016,-2.6851108074188232,-50.126983642578125,76.58036804199219,8.6678466796875,-30.71279525756836,76.3895263671875,-2.8611810207366943,-37.57954025268555,82.24793243408203,,
1780510106.3142383,22142.3013884,-9.060247421264648,-41.00688171386719,85.15213775634766,-1.0302014350891113,-48.85478973388672,78.5027084350586,9.399298667907715,-33.39324188232422,76.69929504394531,-4.764554023742676,-33.594444274902344,81.2515640258789,,
1780510106.333758,22142.320783506,-9.991962432861328,-41.82888412475586,84.5727310180664,1.3456172943115234,-47.263832092285156,81.29193878173828,8.88430404663086,-35.60941696166992,77.67539978027344,-7.41642951965332,-30.758716583251953,79.26597595214844,,
1780510106.3537464,22142.340938741,-9.768847465515137,-43.25632095336914,83.89984893798828,3.1023666858673096,-44.915199279785156,84.3046875,8.365521430969238,-37.223114013671875,79.44598388671875,-10.15331745147705,-29.001951217651367,76.29876708984375,,
1780510106.374098,22142.361203773,-8.614654541015625,-44.934669494628906,83.01895141601562,3.846071720123291,-43.00461196899414,86.26432037353516,7.826426982879639,-38.51864242553711,81.08959197998047,-11.236090660095215,-27.870807647705078,74.16004180908203,,
1780510106.3945248,22142.381608978,-6.9719109535217285,-46.27010726928711,81.94751739501953,4.2291579246521,-42.01737594604492,86.72423553466797,7.7965617179870605,-39.42580795288086,82.32152557373047,-10.229233741760254,-27.32883644104004,73.12593078613281,,
1780510106.413665,22142.400799023,-6.036213397979736,-47.03253173828125,80.78450012207031,4.48508882522583,-42.188350677490234,86.42171478271484,8.359994888305664,-39.0032844543457,82.89024353027344,-9.43106746673584,-28.778453826904297,72.20053100585938,,
1780510106.4336998,22142.420813814,-5.399535179138184,-47.586944580078125,80.00811767578125,3.7583436965942383,-43.563507080078125,85.77391815185547,9.130523681640625,-37.2024040222168,82.7820053100586,-8.65027141571045,-30.866382598876953,71.73284912109375,,
1780510106.453709,22142.441049752,-5.351903438568115,-47.85285186767578,80.14139556884766,1.5345710515975952,-46.26170349121094,84.7128677368164,9.61110782623291,-34.29780578613281,82.2875747680664,-7.475025653839111,-33.897216796875,72.8130874633789,,
1780510106.4737067,22142.461058727,-6.175528526306152,-48.234458923339844,81.73908233642578,-2.5353708267211914,-50.35455322265625,82.77564239501953,9.796357154846191,-30.621967315673828,81.29303741455078,-4.709957599639893,-37.727115631103516,76.68277740478516,,
1780510106.493761,22142.481190537,-8.28610610961914,-47.883453369140625,83.76372528076172,-5.915185928344727,-53.784629821777344,79.80033874511719,9.992377281188965,-27.421932220458984,79.97895050048828,-2.990694999694824,-41.05340576171875,80.67571258544922,,
1780510106.5138323,22142.502236512,-9.475486755371094,-46.882774353027344,85.22637939453125,-6.8180012702941895,-53.831398010253906,77.31013488769531,8.746336936950684,-28.129865646362305,77.94773864746094,-1.5636053085327148,-43.30501937866211,82.32395935058594,,
1780510106.5337415,22142.521522944,-8.883325576782227,-45.21632766723633,86.05803680419922,-6.221402168273926,-52.258914947509766,75.87016296386719,6.79848575592041,-28.699697494506836,76.4792709350586,-0.13777217268943787,-44.42073440551758,83.312255859375,,
1780510106.55365,22142.541244161,-8.000292778015137,-43.83011245727539,86.58367919921875,-5.189956188201904,-52.081485748291016,75.16156005859375,5.892136573791504,-28.057214736938477,75.9134750366211,-0.23670917749404907,-43.352149963378906,83.37677001953125,,
1780510106.573722,22142.560980626,-7.765500068664551,-42.41695785522461,86.59889221191406,-4.117717742919922,-51.77290725708008,75.26445770263672,6.958841323852539,-28.474855422973633,76.01741790771484,-1.4149258136749268,-40.61652374267578,82.95481872558594,,
1780510106.5937786,22142.580940135,-8.142509460449219,-41.525474548339844,86.02375030517578,-3.059138774871826,-50.46993637084961,76.6180648803711,9.01451301574707,-30.631790161132812,76.23152160644531,-2.9428017139434814,-36.600624084472656,82.28828430175781,,
1780510106.6137006,22142.601131397,-8.971810340881348,-41.286293029785156,85.42851257324219,-1.280660629272461,-49.232295989990234,78.37818145751953,9.483465194702148,-33.38478088378906,76.6658935546875,-4.889596462249756,-32.88493347167969,81.24938201904297,,
1780510106.6337202,22142.621419304,-9.805383682250977,-42.2088508605957,84.86699676513672,1.0404690504074097,-47.591426849365234,81.23538208007812,9.084829330444336,-35.64168167114258,77.70735931396484,-7.540571689605713,-30.011415481567383,79.16887664794922,,
1780510106.653727,22142.641580412,-9.529067039489746,-43.56093215942383,84.26885223388672,2.6877031326293945,-45.329750061035156,84.18343353271484,8.419160842895508,-37.109622955322266,79.34490203857422,-10.318364143371582,-28.49329376220703,76.23783874511719,,
1780510106.6736598,22142.664829378,-8.436493873596191,-45.29774856567383,83.32567596435547,3.4780216217041016,-43.46376037597656,86.19086456298828,7.928075313568115,-38.4894905090332,81.03431701660156,-11.300524711608887,-27.455463409423828,73.94789123535156,,
1780510106.693821,22142.681168641,-6.819383144378662,-46.558292388916016,82.22964477539062,4.0843939781188965,-42.261932373046875,86.68550109863281,7.74560022354126,-39.442996978759766,82.30282592773438,-10.462597846984863,-27.205339431762695,72.87804412841797,,
1780510106.7137067,22142.701084839,-5.8282294273376465,-47.342777252197266,81.00350189208984,4.415097713470459,-42.27420425415039,86.39239501953125,8.299927711486816,-39.205963134765625,82.81377410888672,-9.364995956420898,-28.479951858520508,72.07032775878906,,
1780510106.7337594,22142.721068142,-5.376383304595947,-47.802276611328125,79.90885925292969,3.883112907409668,-43.441463470458984,85.7992172241211,8.941904067993164,-37.43822479248047,82.86406707763672,-8.54019832611084,-30.85849380493164,71.55327606201172,,
1780510106.753691,22142.741691022,-5.3369574546813965,-47.92534637451172,79.93297576904297,2.0111470222473145,-46.079952239990234,84.7864990234375,9.429486274719238,-34.710689544677734,82.2444076538086,-7.438628196716309,-33.92963790893555,72.52180480957031,,
1780510106.7738004,22142.762719926,-6.067440509796143,-48.18714141845703,81.38592529296875,-1.8987144231796265,-50.0899658203125,82.88099670410156,9.54857349395752,-31.11189842224121,81.28103637695312,-4.7445573806762695,-37.906681060791016,76.13685607910156,,
1780510106.7937112,22142.780957351,-8.245675086975098,-47.6407470703125,83.60623931884766,-5.3792572021484375,-53.699073791503906,79.84680938720703,9.69028091430664,-27.674638748168945,80.15331268310547,-2.9353926181793213,-41.48186111450195,80.35997009277344,,
1780510106.8137357,22142.801534867,-9.64018440246582,-46.628814697265625,85.10197448730469,-6.3363566398620605,-54.19472122192383,77.23445892333984,8.497088432312012,-28.282865524291992,78.24453735351562,-1.7051076889038086,-43.70764923095703,82.23500061035156,,
1780510106.833733,22142.821197496,-8.989359855651855,-44.88407897949219,85.95233917236328,-5.803393840789795,-52.39762496948242,75.65473175048828,6.710775852203369,-29.111169815063477,76.64141082763672,-0.16726835072040558,-44.8270263671875,83.30313110351562,,
1780510106.8532982,22142.840524459,-8.055144309997559,-43.32818603515625,86.40350341796875,-4.695829391479492,-51.87236022949219,74.9190444946289,5.588646411895752,-28.743806838989258,75.89379119873047,0.06139977276325226,-44.09367752075195,83.48965454101562,,
1780510106.873728,22142.860911176,-7.777609825134277,-41.915000915527344,86.41924285888672,-3.5367307662963867,-51.62981414794922,74.96559143066406,6.553897380828857,-28.930692672729492,75.93217468261719,-1.112720251083374,-41.358802795410156,82.98839569091797,,
1780510106.893412,22142.880620124,-8.255694389343262,-40.70676803588867,85.7744140625,-2.2533836364746094,-50.41617202758789,76.20755767822266,8.47335147857666,-31.106966018676758,76.2027587890625,-2.7835824489593506,-37.55043029785156,82.33432006835938,,
1780510106.9136038,22142.900951493,-9.115341186523438,-40.5351676940918,85.11438751220703,-0.433594286441803,-49.02216720581055,78.11477661132812,9.057229042053223,-33.91275405883789,76.65200805664062,-4.723763942718506,-33.50815963745117,81.31780242919922,,
1780510106.934029,22142.921160695,-10.177371978759766,-41.29880142211914,84.30780029296875,2.205519199371338,-47.07346725463867,81.10552215576172,8.60007381439209,-36.39537048339844,77.74116516113281,-7.463217735290527,-30.647232055664062,79.11564636230469,,
1780510106.954179,22142.941153263,-9.852561950683594,-42.764801025390625,83.5698013305664,3.878037452697754,-44.55768966674805,84.20960998535156,8.075793266296387,-37.99103927612305,79.5279769897461,-10.094240188598633,-28.86134147644043,76.15880584716797,,
1780510106.9745212,22142.962696786,-8.679222106933594,-44.41850662231445,82.60516357421875,4.783128261566162,-42.5036506652832,86.00994873046875,7.497770309448242,-39.35350799560547,81.24129486083984,-11.03497314453125,-28.02762794494629,74.0257568359375,,
1780510106.9937894,22142.981066706,-7.107928276062012,-45.74940490722656,81.48350524902344,5.2152628898620605,-41.541778564453125,86.38524627685547,7.6112213134765625,-40.06143569946289,82.36244201660156,-10.065292358398438,-27.871126174926758,73.00265502929688,,
1780510107.013572,22143.001032699,-6.064469337463379,-46.56582260131836,80.3553237915039,5.338809967041016,-41.88774108886719,86.01658630371094,8.331536293029785,-39.53596496582031,82.85934448242188,-9.16344928741455,-29.35736083984375,72.10836029052734,,
1780510107.0335221,22143.020779895,-5.498228549957275,-47.154518127441406,79.49193572998047,4.3948893547058105,-43.415958404541016,85.41070556640625,9.071481704711914,-37.54423522949219,82.82215881347656,-8.351644515991211,-31.544614791870117,71.75666809082031,,
1780510107.0535047,22143.040506051,-5.679557800292969,-47.37568283081055,79.59375762939453,2.0735092163085938,-46.30598831176758,84.42769622802734,9.545222282409668,-34.58271026611328,82.28980255126953,-7.123793601989746,-34.662078857421875,72.97266387939453,,
1780510107.0737054,22143.062756629,-6.451085567474365,-47.66334915161133,81.38429260253906,-2.2112553119659424,-50.56013870239258,82.39686584472656,9.504706382751465,-30.768491744995117,81.32962036132812,-4.356346607208252,-38.636959075927734,77.08953094482422,,
1780510107.0942311,22143.081754067,-8.634115219116211,-47.32327651977539,83.52135467529297,-5.563089847564697,-53.82476806640625,79.43523406982422,9.575923919677734,-27.758081436157227,80.11170196533203,-2.8142356872558594,-41.88549041748047,80.9089584350586,,
1780510107.1141179,22143.101157861,-9.655234336853027,-46.330440521240234,84.9984130859375,-6.3659772872924805,-53.52772521972656,77.01891326904297,8.336677551269531,-28.652706146240234,78.14495849609375,-1.414682388305664,-43.968849182128906,82.45634460449219,,
1780510107.1343303,22143.121539236,-8.839783668518066,-44.80754852294922,85.8110122680664,-5.736435890197754,-51.81209182739258,75.7113037109375,6.456394672393799,-29.13616943359375,76.75359344482422,0.004617314785718918,-44.81507873535156,83.48004913330078,,
1780510107.154242,22143.14113211,-7.9412841796875,-43.43071365356445,86.30391693115234,-4.8147172927856445,-51.70610046386719,75.08258819580078,5.70390510559082,-28.37989044189453,76.16494750976562,-0.23711012303829193,-43.621158599853516,83.41534423828125,,
1780510107.1738467,22143.161093142,-7.865528106689453,-42.071537017822266,86.39328002929688,-3.6446785926818848,-51.57509994506836,75.13328552246094,6.851809024810791,-28.612064361572266,76.30144500732422,-1.5439361333847046,-40.86319351196289,82.94881439208984,,
1780510107.1936922,22143.180810485,-8.239190101623535,-41.306251525878906,85.73700714111328,-2.8229751586914062,-50.25736618041992,76.55987548828125,8.936199188232422,-30.58421516418457,76.59568786621094,-3.035386323928833,-36.85234832763672,82.35330200195312,,
1780510107.2136643,22143.200927059,-8.947937965393066,-41.191749572753906,85.22238159179688,-1.3503323793411255,-49.208961486816406,78.25830841064453,9.479493141174316,-33.10778045654297,76.83212280273438,-4.87476921081543,-33.20476531982422,81.36246490478516,,
1780510107.2336197,22143.220822503,-9.81389331817627,-41.99660873413086,84.7548828125,0.8337395191192627,-47.78578567504883,80.79862213134766,9.024938583374023,-35.254520416259766,77.6156997680664,-7.352332592010498,-30.587182998657227,79.45890045166016,,
1780510107.253585,22143.240860474,-9.564141273498535,-43.3996696472168,84.19389343261719,2.3850033283233643,-45.82725524902344,83.73946380615234,8.53532886505127,-36.61527633666992,79.24571228027344,-9.996800422668457,-28.857820510864258,76.62537384033203,,
1780510107.2735465,22143.260693769,-8.579961776733398,-45.2956657409668,83.34391021728516,3.1329479217529297,-43.9607048034668,85.97132110595703,8.27970027923584,-37.895957946777344,80.84501647949219,-11.29974365234375,-27.7259521484375,74.22109985351562,,
1780510107.2935286,22143.28043247,-7.007289886474609,-46.718284606933594,82.2700424194336,3.6031835079193115,-42.830692291259766,86.64482879638672,8.18010425567627,-38.85733413696289,82.1209487915039,-10.556038856506348,-27.140653610229492,72.98260498046875,,
1780510107.3137372,22143.300980028,-5.952880859375,-47.51775360107422,81.1927719116211,3.95220947265625,-42.77760314941406,86.45293426513672,8.622305870056152,-38.71534729003906,82.69232940673828,-9.6329984664917,-28.233631134033203,72.26649475097656,,
1780510107.3336785,22143.321136233,-5.387178421020508,-48.02534103393555,80.27413940429688,3.378391742706299,-43.86399459838867,85.86827087402344,9.234033584594727,-37.07384490966797,82.70604705810547,-8.798853874206543,-30.42745018005371,71.77436828613281,,
1780510107.3536522,22143.340624918,-5.286240100860596,-48.20806121826172,80.4167251586914,1.256019949913025,-46.49174499511719,84.78350830078125,9.575281143188477,-34.1803092956543,82.13402557373047,-7.666489601135254,-33.47548294067383,72.66483306884766,,
1780510107.3736668,22143.360769227,-6.03128719329834,-48.517879486083984,81.86627960205078,-2.5683393478393555,-50.467037200927734,82.97113800048828,9.836959838867188,-30.650270462036133,81.24906921386719,-5.04779052734375,-37.270301818847656,76.42586517333984,,
1780510107.3936288,22143.380692182,-8.248675346374512,-48.025333404541016,83.92999267578125,-5.979382038116455,-53.98429870605469,79.86064910888672,10.08863639831543,-27.389270782470703,80.01588439941406,-3.207515001296997,-40.66411209106445,80.43866729736328,,
1780510107.413619,22143.400694856,-9.5781888961792,-46.94775390625,85.40885925292969,-6.889379978179932,-54.36500930786133,77.2956314086914,8.730697631835938,-27.935693740844727,78.08505249023438,-1.8434908390045166,-43.04463577270508,82.21379089355469,,
1780510107.4337492,22143.42110137,-8.952168464660645,-45.28489685058594,86.27117919921875,-6.314280033111572,-52.69974136352539,75.78996276855469,6.913424968719482,-28.514881134033203,76.55589294433594,-0.343111127614975,-44.11880111694336,83.2796401977539,,
1780510107.4537475,22143.44073042,-8.016674995422363,-43.81148910522461,86.67079162597656,-5.38979434967041,-52.304691314697266,75.2116470336914,6.002525329589844,-28.113605499267578,75.74795532226562,-0.2671649754047394,-43.252174377441406,83.3988037109375,,
1780510107.4736776,22143.460324942,-7.6700968742370605,-42.440635681152344,86.69579315185547,-4.3641743659973145,-51.898841857910156,75.36225891113281,7.051432132720947,-28.58356475830078,75.71926879882812,-1.315291404724121,-40.60459899902344,82.94072723388672,,
1780510107.4937105,22143.481660341,-8.137434959411621,-41.50220489501953,86.10369873046875,-3.0435712337493896,-50.69226837158203,76.59825134277344,9.015419006347656,-30.666522979736328,76.06541442871094,-2.9165899753570557,-36.7420654296875,82.22047424316406,,
1780510107.513649,22143.501047232,-8.950632095336914,-41.296905517578125,85.47392272949219,-1.1787996292114258,-49.3476676940918,78.46251678466797,9.41251277923584,-33.421852111816406,76.50550079345703,-4.824339389801025,-32.97600555419922,81.24917602539062,,
1780510107.533777,22143.521408049,-9.942546844482422,-42.12788772583008,84.70344543457031,1.3217376470565796,-47.49608612060547,81.45394897460938,8.966691017150879,-35.877891540527344,77.58187103271484,-7.521201133728027,-30.072986602783203,79.09412384033203,,
1780510107.5536773,22143.540564298,-9.652656555175781,-43.655635833740234,83.94953155517578,3.1066534519195557,-44.89460372924805,84.51390075683594,8.42601490020752,-37.57518768310547,79.36898040771484,-10.261914253234863,-28.334741592407227,76.04264831542969,,
1780510107.573629,22143.560801939,-8.516168594360352,-45.353031158447266,82.94149780273438,3.9059388637542725,-42.86296081542969,86.38278198242188,7.784101963043213,-39.04570770263672,81.11434936523438,-11.031761169433594,-27.273344039916992,73.9393310546875,,
1780510107.5937836,22143.581175483,-6.872564792633057,-46.419612884521484,81.85596466064453,4.567539691925049,-41.690040588378906,86.75242614746094,7.607418537139893,-39.91060256958008,82.40653991699219,-10.195601463317871,-27.247159957885742,73.01870727539062,,
1780510107.6136878,22143.600622292,-5.8860344886779785,-47.29844665527344,80.66696166992188,4.869400501251221,-41.74977111816406,86.36387634277344,8.276312828063965,-39.53567886352539,82.86339569091797,-9.117076873779297,-28.693193435668945,72.04679107666016,,
1780510107.6337132,22143.620764917,-5.492745399475098,-47.77804946899414,79.61100769042969,4.182128429412842,-43.04694747924805,85.74385833740234,8.97018814086914,-37.599727630615234,82.86942291259766,-8.333742141723633,-31.090312957763672,71.47810363769531,,
1780510107.6537058,22143.640780679,-5.5786027908325195,-47.911476135253906,79.64280700683594,2.2803828716278076,-45.74192810058594,84.7655029296875,9.458861351013184,-34.93496322631836,82.29169464111328,-7.184566020965576,-34.117530822753906,72.49829864501953,,
1780510107.673568,22143.660905909,-6.159440040588379,-48.117218017578125,81.03170013427734,-1.669933795928955,-49.761985778808594,82.86540222167969,9.526378631591797,-31.3132381439209,81.399169921875,-4.536467552185059,-38.065792083740234,76.18190002441406,,
1780510107.6937134,22143.681145638,-8.247020721435547,-47.713844299316406,83.18233489990234,-5.34634256362915,-53.342586517333984,80.01306915283203,9.567100524902344,-27.958236694335938,80.17122650146484,-2.7445218563079834,-41.741310119628906,80.41213989257812,,
1780510107.7136734,22143.700790886,-9.591470718383789,-46.6390380859375,84.75285339355469,-6.375683307647705,-53.73073959350586,77.35847473144531,8.44787311553955,-28.624086380004883,78.22441864013672,-1.4926337003707886,-43.93488693237305,82.20413208007812,,
1780510107.7336652,22143.721946496,-8.852652549743652,-44.96962356567383,85.66827392578125,-5.900134086608887,-51.90702819824219,75.92121887207031,6.669286727905273,-29.52779769897461,76.64888763427734,0.06139134243130684,-45.023345947265625,83.23868560791016,,
1780510107.7536738,22143.74131263,-7.846414566040039,-43.31818389892578,86.13925170898438,-4.913464546203613,-51.41170883178711,75.1430435180664,5.54124116897583,-28.987844467163086,76.08613586425781,0.2622128427028656,-44.154396057128906,83.46936798095703,,
1780510107.7736611,22143.760625215,-7.640399932861328,-41.92346954345703,86.29864501953125,-3.618420362472534,-51.30582046508789,75.05596923828125,6.422206878662109,-29.060745239257812,76.22900390625,-0.9593557715415955,-41.368919372558594,82.99105834960938,,
1780510107.7936237,22143.781818459,-8.067659378051758,-40.83382034301758,85.63964080810547,-2.5715842247009277,-49.9847412109375,76.3763427734375,8.498647689819336,-31.201507568359375,76.45663452148438,-2.5802853107452393,-37.45378494262695,82.34076690673828,,
1780510107.8136263,22143.800820002,-8.955904960632324,-40.62809753417969,85.01016235351562,-0.7947632670402527,-48.6096076965332,78.36625671386719,9.155607223510742,-33.940673828125,76.81168365478516,-4.548040390014648,-33.514427185058594,81.34785461425781,,
1780510107.833614,22143.82178258,-9.982885360717773,-41.586463928222656,84.3240966796875,1.740390658378601,-46.84146499633789,81.28150939941406,8.808889389038086,-36.257972717285156,77.85413360595703,-7.165011882781982,-30.523958206176758,79.224609375,,
1780510107.8536472,22143.842078642,-9.723737716674805,-43.18397521972656,83.62813568115234,3.4900832176208496,-44.484954833984375,84.2747802734375,8.259705543518066,-37.82368087768555,79.61178588867188,-9.961402893066406,-28.7266788482666,76.18365478515625,,
1780510107.8736374,22143.860732753,-8.599186897277832,-44.9650764465332,82.7625961303711,4.278781890869141,-42.5606689453125,86.14552307128906,7.751311779022217,-39.08623504638672,81.1672592163086,-10.936614036560059,-27.730648040771484,74.09801483154297,,
1780510107.8936086,22143.882454079,-7.032929420471191,-46.22225570678711,81.68956756591797,4.726720333099365,-41.63811111450195,86.56169128417969,7.73989200592041,-39.84954833984375,82.36013793945312,-10.12751293182373,-27.55069351196289,73.0677490234375,,
1780510107.9136946,22143.900833342,-5.926264762878418,-47.02081298828125,80.52083587646484,4.79824161529541,-41.967899322509766,86.16741180419922,8.257757186889648,-39.41952896118164,82.88361358642578,-8.996150970458984,-28.788562774658203,72.24027252197266,,
1780510107.933626,22143.920857444,-5.371960163116455,-47.51939010620117,79.56179809570312,3.9039244651794434,-43.4215202331543,85.58457946777344,8.932209014892578,-37.5411262512207,82.93310546875,-8.096839904785156,-30.905990600585938,71.8343734741211,,
1780510107.953629,22143.940843138,-5.418405055999756,-47.72172164916992,79.70694732666016,1.6221466064453125,-46.26578140258789,84.5776138305664,9.400927543640137,-34.68391418457031,82.32740020751953,-6.878940582275391,-34.00761032104492,72.97735595703125,,
1780510107.973604,22143.96075527,-6.117910385131836,-47.97587966918945,81.3329849243164,-2.6244399547576904,-50.492984771728516,82.56124877929688,9.442777633666992,-30.894521713256836,81.35037994384766,-4.187422275543213,-37.9042854309082,77.06437683105469,,
1780510107.9936712,22143.980777102,-8.37673568725586,-47.50260925292969,83.5339584350586,-5.926204681396484,-53.78574752807617,79.6178207397461,9.643561363220215,-27.79425621032715,80.08216857910156,-2.730297565460205,-41.3410530090332,80.80538940429688,,
1780510108.013719,22144.000586206,-9.424558639526367,-46.43606948852539,85.0694351196289,-6.675135612487793,-53.46904373168945,77.13258361816406,8.470441818237305,-28.605070114135742,78.12005615234375,-1.2600070238113403,-43.56289291381836,82.35999298095703,,
1780510108.0336714,22144.021439591,-8.678759574890137,-44.891029357910156,85.8685073852539,-6.043798446655273,-51.882896423339844,75.89375305175781,6.687315464019775,-29.083967208862305,76.56685638427734,0.10263383388519287,-44.566226959228516,83.281982421875,,
1780510108.0536275,22144.040959964,-7.757215976715088,-43.52520751953125,86.33412170410156,-5.159099102020264,-51.6977653503418,75.40278625488281,6.0411882400512695,-28.531360626220703,75.94755554199219,-0.032330915331840515,-43.44956588745117,83.18091583251953,,
1780510108.0736654,22144.060709103,-7.583262920379639,-42.28225326538086,86.40093231201172,-4.077951431274414,-51.39500427246094,75.72801208496094,7.168290138244629,-28.95541000366211,75.98975372314453,-1.331207036972046,-40.724876403808594,82.68074798583984,,
1780510108.0941336,22144.081189678,-7.906411170959473,-41.40861129760742,85.82170867919922,-3.117431879043579,-50.06261444091797,77.01223754882812,9.089058876037598,-30.883625030517578,76.16922760009766,-2.8014702796936035,-36.8668098449707,82.13988494873047,,
1780510108.1137762,22144.101157052,-8.922049522399902,-41.47817611694336,85.21446228027344,-1.3696062564849854,-48.82158279418945,79.02975463867188,9.604340553283691,-33.450416564941406,76.59798431396484,-4.783037185668945,-33.035980224609375,81.03441619873047,,
1780510108.1335933,22144.120611638,-9.777929306030273,-42.47928237915039,84.5783920288086,1.0554664134979248,-47.03142166137695,81.97504425048828,9.103004455566406,-35.80005645751953,77.8882827758789,-7.3121442794799805,-30.198936462402344,78.99291229248047,,
1780510108.153797,22144.14066035,-9.593098640441895,-44.17937088012695,83.77779388427734,2.724259853363037,-44.612064361572266,85.07312774658203,8.554176330566406,-37.3153190612793,79.60334777832031,-10.07065200805664,-28.308439254760742,76.00759887695312,,
1780510108.1736665,22144.16093017,-8.348631858825684,-45.852256774902344,82.86625671386719,3.449023485183716,-42.6707878112793,86.75746154785156,7.894083499908447,-38.57454299926758,81.24308013916016,-10.851554870605469,-27.150789260864258,73.99248504638672,,
1780510108.1936324,22144.180278234,-6.726236820220947,-46.93784713745117,81.92230224609375,3.9614248275756836,-41.84325408935547,86.98251342773438,7.827027797698975,-39.48362350463867,82.40605163574219,-9.910974502563477,-26.91269874572754,73.10600280761719,,
1780510108.2136812,22144.200820708,-5.72517728805542,-47.65310287475586,80.84194946289062,4.1484055519104,-42.127662658691406,86.51058197021484,8.447028160095215,-39.05473709106445,82.8006820678711,-9.002614974975586,-28.341445922851562,72.1648178100586,,
1780510108.2336621,22144.221659613,-5.402783393859863,-48.204498291015625,79.87432098388672,3.2641026973724365,-43.491615295410156,85.9044189453125,9.043627738952637,-37.17961120605469,82.79625701904297,-8.071138381958008,-30.53841781616211,71.65813446044922,,
1780510108.2532365,22144.240257158,-5.409864902496338,-48.4017333984375,80.04254913330078,1.148765206336975,-46.22609329223633,84.85699462890625,9.47150707244873,-34.42195510864258,82.14999389648438,-6.827413558959961,-33.56747055053711,72.82530975341797,,
1780510108.273888,22144.262089251,-6.1078386306762695,-48.560546875,81.5238037109375,-2.8666560649871826,-50.27626037597656,82.862060546875,9.570455551147461,-30.814233779907227,81.12097930908203,-4.1168036460876465,-37.52549743652344,76.7294692993164,,
1780510108.2938063,22144.280749738,-8.130878448486328,-48.070133209228516,83.53926849365234,-6.095942974090576,-53.57537078857422,80.011474609375,10.013833999633789,-27.735145568847656,79.8289566040039,-2.5529000759124756,-40.99542999267578,80.42196655273438,,
1780510108.3139334,22144.301131869,-9.204185485839844,-46.860042572021484,85.04218292236328,-6.789119720458984,-53.48416519165039,77.47647857666016,8.710874557495117,-28.53548812866211,77.78570556640625,-1.0815775394439697,-43.434017181396484,82.1251220703125,,
1780510108.3345463,22144.321546474,-8.384771347045898,-45.08216094970703,85.8935546875,-6.397624969482422,-51.91075897216797,76.16725158691406,6.9980902671813965,-29.062854766845703,76.25614166259766,0.34608978033065796,-44.41562271118164,83.05139923095703,,
1780510108.3546422,22144.342067497,-7.40261173248291,-43.36937713623047,86.3740463256836,-5.422878265380859,-51.60540771484375,75.51011657714844,6.131852149963379,-28.51520347595215,75.78866577148438,0.3731403946876526,-43.403778076171875,83.22357940673828,,
1780510108.373867,22144.361474994,-7.211677551269531,-42.03741455078125,86.41797637939453,-4.298034191131592,-51.20668411254883,75.62564849853516,7.221738338470459,-28.883920669555664,76.01612854003906,-0.8423649072647095,-40.60175704956055,82.84510040283203,,
1780510108.394447,22144.381536958,-7.752866744995117,-41.220359802246094,85.8436279296875,-3.1780145168304443,-49.851417541503906,76.9365463256836,9.216405868530273,-31.085556030273438,76.21569061279297,-2.44963002204895,-36.66168975830078,82.14282989501953,,
1780510108.4138064,22144.401227825,-8.858665466308594,-41.18866729736328,85.18729400634766,-1.4171096086502075,-48.52910614013672,78.95536041259766,9.567553520202637,-33.82480239868164,76.57467651367188,-4.57159948348999,-32.9089241027832,81.0787353515625,,
1780510108.4345982,22144.422012052,-9.92961311340332,-42.286590576171875,84.54830932617188,1.2428560256958008,-46.70543670654297,82.09571075439453,8.936613082885742,-36.126895904541016,77.79132843017578,-7.338747978210449,-30.056312561035156,78.86874389648438,,
1780510108.453808,22144.441171078,-9.634016036987305,-43.87428283691406,83.81548309326172,3.0051183700561523,-44.299034118652344,85.09156036376953,8.207529067993164,-37.63207244873047,79.65553283691406,-10.172006607055664,-28.375568389892578,75.85285949707031,,
1780510108.4737866,22144.460882938,-8.463486671447754,-45.497764587402344,82.82559967041016,3.758732557296753,-42.42166519165039,86.72872924804688,7.585512638092041,-39.07755661010742,81.36345672607422,-10.67243480682373,-27.23543930053711,73.87101745605469,,
1780510108.493804,22144.480406593,-6.7238240242004395,-46.43761444091797,81.77379608154297,4.297289848327637,-41.604984283447266,86.9504623413086,7.476685523986816,-39.85118865966797,82.51435089111328,-9.779561042785645,-27.01913070678711,73.18914031982422,,
1780510108.5139573,22144.501019091,-5.834283828735352,-47.362579345703125,80.42279052734375,4.4385857582092285,-41.8301887512207,86.45845031738281,8.207314491271973,-39.44525909423828,82.9217300415039,-8.547561645507812,-28.32027816772461,72.20497131347656,,
1780510108.5344455,22144.521856237,-5.443898677825928,-47.81092834472656,79.34473419189453,3.679992437362671,-43.2175407409668,85.86035919189453,8.762289047241211,-37.47988510131836,83.03953552246094,-7.767266273498535,-30.752809524536133,71.721435546875,,
1780510108.554185,22144.541647872,-5.373907089233398,-48.086883544921875,79.49646759033203,1.5871552228927612,-45.970245361328125,84.80973815917969,9.311723709106445,-34.84157943725586,82.35527038574219,-6.4301066398620605,-33.76869201660156,72.94020080566406,,
1780510108.5744061,22144.561933882,-6.0721259117126465,-48.38096618652344,80.94574737548828,-2.238225221633911,-49.927738189697266,82.96183013916016,9.640921592712402,-31.158376693725586,81.36017608642578,-3.948808193206787,-37.77054977416992,76.60870361328125,,
1780510108.5937731,22144.580858015,-8.064197540283203,-47.8419075012207,83.01380157470703,-5.756410598754883,-53.03742599487305,80.00038146972656,9.772340774536133,-28.00078010559082,79.95169830322266,-2.1961934566497803,-41.58354568481445,80.46865844726562,,
1780510108.614206,22144.601382218,-9.264598846435547,-46.569583892822266,84.69758605957031,-6.534360408782959,-53.241737365722656,77.53190612792969,8.577863693237305,-28.63504981994629,77.90625762939453,-1.017104148864746,-44.0115852355957,82.02872467041016,,
1780510108.6344717,22144.621694585,-8.441521644592285,-44.80497360229492,85.61951446533203,-6.107974052429199,-51.55077362060547,76.21382141113281,6.854490756988525,-29.266660690307617,76.41099548339844,0.4169023633003235,-45.07912063598633,83.0374526977539,,
1780510108.6541865,22144.641189075,-7.411373615264893,-43.13402557373047,86.1201171875,-5.145962238311768,-51.142547607421875,75.6404800415039,5.892096519470215,-28.786956787109375,75.62712860107422,0.5317445397377014,-44.262306213378906,83.18726348876953,,
1780510108.6741672,22144.662085195,-7.168116092681885,-41.910919189453125,86.17923736572266,-4.211760520935059,-50.79570388793945,75.87924194335938,7.031129360198975,-29.123851776123047,75.65918731689453,-0.6202962398529053,-41.41636657714844,82.69314575195312,,
1780510108.6946433,22144.681685562,-7.78236722946167,-41.0604133605957,85.60643768310547,-2.8809003829956055,-49.396202087402344,77.22557067871094,8.993603706359863,-31.33685302734375,76.1230697631836,-2.354628086090088,-37.516727447509766,81.97850036621094,,
1780510108.7141874,22144.703328734,-8.83852767944336,-41.14812088012695,84.99017333984375,-1.0612038373947144,-47.85575866699219,79.43872833251953,9.407719612121582,-34.0247688293457,76.64484405517578,-4.488492965698242,-33.4300651550293,80.98352813720703,,
1780510108.7341316,22144.72189983,-10.081554412841797,-42.27225112915039,84.22869110107422,1.615460753440857,-46.0203971862793,82.60704040527344,8.821657180786133,-36.30009078979492,77.94828033447266,-7.3884382247924805,-30.250131607055664,78.70946502685547,,
1780510108.7543035,22144.741626651,-9.851567268371582,-44.00621032714844,83.38318634033203,3.3745107650756836,-43.48986053466797,85.56342315673828,8.15788745880127,-37.98202896118164,79.81975555419922,-10.031712532043457,-28.383586883544922,75.7821273803711,,
1780510108.7744846,22144.761583253,-8.373130798339844,-45.45277786254883,82.58837127685547,4.148061752319336,-41.7119140625,86.86986541748047,7.439059734344482,-39.31455612182617,81.48011016845703,-10.513632774353027,-27.376644134521484,74.00579833984375,,
1780510108.7943914,22144.781405665,-6.832020282745361,-46.45957565307617,81.51748657226562,4.443506717681885,-41.20374298095703,86.97103118896484,7.514915466308594,-40.077430725097656,82.56705474853516,-9.409017562866211,-27.14630126953125,73.17876434326172,,
1780510108.8143086,22144.803732629,-5.965498447418213,-47.31605529785156,80.29571533203125,4.4840803146362305,-41.62934494018555,86.50981140136719,8.245073318481445,-39.45431137084961,82.96993255615234,-8.463560104370117,-28.44962501525879,72.21398162841797,,
1780510108.8341055,22144.82102876,-5.498000144958496,-47.782169342041016,79.4093017578125,3.6161069869995117,-43.19593048095703,85.82061767578125,8.916269302368164,-37.53844451904297,82.96253204345703,-7.666934490203857,-30.681861877441406,71.80795288085938,,
1780510108.8545315,22144.842005304,-5.523186206817627,-48.04283142089844,79.61559295654297,1.3763151168823242,-46.07162857055664,84.8040771484375,9.438122749328613,-34.7710075378418,82.29000854492188,-6.392004489898682,-33.59669876098633,73.03585052490234,,
1780510108.8744473,22144.861727666,-6.10497522354126,-48.3718376159668,81.17948913574219,-2.80110239982605,-50.13822937011719,82.85777282714844,9.62923526763916,-31.04187774658203,81.21649932861328,-3.7494988441467285,-37.45433807373047,76.87686920166016,,
1780510108.8941596,22144.881678964,-8.036931037902832,-47.82124710083008,83.21559143066406,-6.141036510467529,-53.2077751159668,79.98029327392578,9.921256065368652,-27.899524688720703,79.75630187988281,-2.21213698387146,-41.22154235839844,80.4992904663086,,
1780510108.9143949,22144.901515485,-9.115416526794434,-46.6814079284668,84.78256225585938,-6.751032829284668,-53.026126861572266,77.51510620117188,8.706073760986328,-28.651887893676758,77.78731536865234,-0.7988058924674988,-43.653343200683594,82.08042907714844,,
1780510108.933825,22144.920616846,-8.161234855651855,-44.92991256713867,85.67410278320312,-6.304001331329346,-51.27802276611328,76.3585205078125,6.930274963378906,-29.209266662597656,76.38368225097656,0.6867984533309937,-44.747108459472656,83.0531997680664,,
1780510108.9538224,22144.940730772,-7.2126030921936035,-43.29097366333008,86.17662048339844,-5.4418721199035645,-51.13032913208008,75.75425720214844,6.141138553619385,-28.693157196044922,75.79346466064453,0.5411139726638794,-43.67858123779297,83.0355453491211,,
1780510108.9737685,22144.960953548,-7.142461776733398,-42.024131774902344,86.27433776855469,-4.4592132568359375,-50.86753463745117,76.06867218017578,7.354063034057617,-29.112634658813477,75.90762329101562,-0.8170071840286255,-40.7935905456543,82.53610229492188,,
1780510108.9937408,22144.981087312,-7.729488372802734,-41.25796890258789,85.67095184326172,-3.3194386959075928,-49.450408935546875,77.48170471191406,9.27939224243164,-31.297273635864258,76.1856689453125,-2.456836223602295,-36.872215270996094,81.91893005371094,,
1780510109.0138195,22145.000936926,-8.839251518249512,-41.46051788330078,85.06494140625,-1.4709709882736206,-48.06543731689453,79.67445373535156,9.649354934692383,-33.91800308227539,76.60328674316406,-4.554880619049072,-33.055824279785156,80.821044921875,,
1780510109.0337517,22145.020445088,-9.92871379852295,-42.6468505859375,84.37814331054688,1.1127793788909912,-46.26628494262695,82.77191925048828,8.992162704467773,-36.036312103271484,77.9095230102539,-7.3632307052612305,-30.10637664794922,78.58960723876953,,
1780510109.0537786,22145.040693002,-9.529860496520996,-44.41239929199219,83.67341613769531,2.7376348972320557,-43.99225616455078,85.70487976074219,8.362391471862793,-37.53224182128906,79.80302429199219,-10.007868766784668,-28.227375030517578,75.76190185546875,,
1780510109.073779,22145.06079366,-8.21657657623291,-46.0299186706543,82.77963256835938,3.433220148086548,-42.252777099609375,87.0632095336914,7.7308573722839355,-38.776527404785156,81.41081237792969,-10.504467964172363,-27.02077293395996,73.89653778076172,,
1780510109.0937579,22145.081240508,-6.715165138244629,-47.038063049316406,81.66031646728516,3.919006824493408,-41.510986328125,87.20475769042969,7.7866973876953125,-39.49146270751953,82.46276092529297,-9.4961576461792,-26.87643814086914,73.15021514892578,,
1780510109.1139588,22145.100999146,-5.745262622833252,-47.74763870239258,80.45198059082031,3.9621479511260986,-41.97089767456055,86.63113403320312,8.328338623046875,-38.9731559753418,82.87169647216797,-8.496498107910156,-28.2565860748291,72.2683334350586,,
1780510109.1343348,22145.121610348,-5.330072402954102,-48.169429779052734,79.4588394165039,3.0719735622406006,-43.51207733154297,85.93436431884766,8.814620018005371,-37.091941833496094,82.90059661865234,-7.521087646484375,-30.571197509765625,71.95404815673828,,
1780510109.1544142,22145.141408569,-5.4625420570373535,-48.3663444519043,79.54515838623047,0.8708405494689941,-46.357566833496094,84.88565826416016,9.315024375915527,-34.32745361328125,82.2688217163086,-6.143402576446533,-33.641510009765625,73.28132629394531,,
1780510109.1745584,22145.161560864,-6.2194719314575195,-48.592308044433594,81.06965637207031,-3.087183952331543,-50.34610366821289,82.9702377319336,9.591732025146484,-30.72513771057129,81.2357406616211,-3.6186811923980713,-37.649017333984375,77.18118286132812,,
1780510109.1945052,22145.181509889,-8.076271057128906,-48.08555603027344,83.1202621459961,-6.229355812072754,-53.19136428833008,80.05182647705078,9.800126075744629,-27.84496307373047,79.64799499511719,-2.0361037254333496,-41.391300201416016,80.68815612792969,,
1780510109.2138765,22145.201138271,-9.018155097961426,-46.740814208984375,84.79715728759766,-6.727431297302246,-52.958641052246094,77.58745574951172,8.559046745300293,-28.671756744384766,77.59327697753906,-0.6200598478317261,-43.87446975708008,82.10761260986328,,
1780510109.233779,22145.22066831,-8.050131797790527,-44.976707458496094,85.72329711914062,-6.164969444274902,-51.39101791381836,76.34976959228516,6.8147687911987305,-29.0933895111084,76.09559631347656,0.7656816840171814,-44.86192321777344,82.994384765625,,
1780510109.2542202,22145.241410688,-7.112242698669434,-43.1155891418457,86.05644226074219,-5.478963375091553,-51.18614959716797,75.87745666503906,6.144032001495361,-28.776103973388672,75.58814239501953,0.621889054775238,-43.83086013793945,82.99282836914062,,
1780510109.27441,22145.261469227,-7.0387773513793945,-41.758880615234375,86.154052734375,-4.32821798324585,-50.755157470703125,76.29170989990234,7.375233173370361,-29.504018783569336,75.61065673828125,-0.6854961514472961,-41.0190544128418,82.45292663574219,,
1780510109.2937813,22145.280854198,-7.675104141235352,-40.984466552734375,85.56877899169922,-2.9401276111602783,-49.248008728027344,77.59840393066406,9.177303314208984,-31.761796951293945,75.94120025634766,-2.365624189376831,-37.01913070678711,81.83394622802734,,
1780510109.3138275,22145.300918105,-8.89686393737793,-41.13472366333008,84.92898559570312,-0.9406522512435913,-47.678951263427734,79.81414794921875,9.345196723937988,-34.40471267700195,76.57655334472656,-4.539425849914551,-33.136409759521484,80.74687194824219,,
1780510109.3338084,22145.321132983,-10.088854789733887,-42.345218658447266,84.083251953125,1.8994380235671997,-45.58207321166992,83.13687133789062,8.67883586883545,-36.6583251953125,78.03079986572266,-7.463340759277344,-30.17960548400879,78.36380004882812,,
1780510109.3538296,22145.341106597,-9.710742950439453,-44.31765365600586,83.14888763427734,3.5450501441955566,-42.97765350341797,85.99417877197266,8.077887535095215,-38.28498077392578,79.9813461303711,-9.875626564025879,-28.195459365844727,75.48797607421875,,
1780510109.3737597,22145.360807508,-8.172083854675293,-45.78441619873047,82.34317779541016,4.2253618240356445,-41.351314544677734,87.05718994140625,7.393160820007324,-39.605342864990234,81.59471893310547,-10.017488479614258,-27.08152198791504,73.94397735595703,,
1780510109.393712,22145.381145812,-6.6177077293396,-46.705196380615234,81.33895111083984,4.575516700744629,-40.9599494934082,86.96640014648438,7.620913505554199,-40.14881134033203,82.54593658447266,-9.02692699432373,-27.164358139038086,73.2082290649414,,
1780510109.4137635,22145.40098471,-5.806427478790283,-47.66352081298828,80.15719604492188,4.411688804626465,-41.583595275878906,86.39280700683594,8.385549545288086,-39.320682525634766,82.82058715820312,-8.112442970275879,-28.584501266479492,72.12752532958984,,
1780510109.433762,22145.420941362,-5.489229202270508,-48.0129280090332,79.28546142578125,3.2739081382751465,-43.404205322265625,85.70870208740234,8.87489128112793,-37.2435417175293,82.83196258544922,-7.2785491943359375,-31.004283905029297,71.89830017089844,,
1780510109.453797,22145.440573776,-5.5873589515686035,-48.13618087768555,79.61911010742188,0.7625330090522766,-46.56291198730469,84.57331848144531,9.277108192443848,-34.36675262451172,82.18216705322266,-5.828190803527832,-33.98443603515625,73.45337677001953,,
1780510109.4737415,22145.460869027,-6.394073963165283,-48.31056594848633,81.32550048828125,-3.4081695079803467,-50.69327163696289,82.44035339355469,9.450923919677734,-30.66031265258789,81.18172454833984,-3.2068543434143066,-38.089237213134766,77.52629852294922,,
1780510109.4940372,22145.481110691,-8.258744239807129,-47.63914108276367,83.3670883178711,-6.369836330413818,-53.2597770690918,79.59095764160156,9.784790992736816,-28.066455841064453,79.50812530517578,-1.8213591575622559,-41.52192687988281,80.82231903076172,,
1780510109.5144618,22145.501719362,-9.005841255187988,-46.27182388305664,84.80216217041016,-6.775215148925781,-52.677223205566406,77.39077758789062,8.51955795288086,-28.98617172241211,77.4800033569336,-0.4165616035461426,-43.894107818603516,82.17819213867188,,
1780510109.534403,22145.522657712,-7.939792633056641,-44.64842987060547,85.6972885131836,-6.178189754486084,-51.084716796875,76.30941772460938,6.814991474151611,-29.127113342285156,76.25762176513672,0.8913758993148804,-44.68351364135742,83.04484558105469,,
1780510109.5538642,22145.540849647,-7.114133358001709,-42.97871398925781,86.07701873779297,-5.349289417266846,-51.00661087036133,75.83905029296875,6.3202128410339355,-28.59504508972168,75.89620208740234,0.4700290262699127,-43.43939971923828,82.95048522949219,,
1780510109.571335,22145.558252702,-1.3866409063339233,-55.647098541259766,89.07061004638672,1.3866409063339233,-55.647098541259766,89.07061004638672,-1.3866409063339233,-55.647090911865234,89.07061004638672,1.3866409063339233,-55.647090911865234,89.07061004638672,Stop,Stepping
1780510109.591247,22145.578148687,-1.3866409063339233,-55.647098541259766,89.07061004638672,1.3866409063339233,-55.647098541259766,89.07061004638672,-1.3866409063339233,-55.647090911865234,89.07061004638672,1.3866409063339233,-55.647090911865234,89.07061004638672,Stop,Stepping
1780510109.6112847,22145.598133947,-1.3866409063339233,-55.647098541259766,89.07061004638672,1.3866409063339233,-55.647098541259766,89.07061004638672,-1.3866409063339233,-55.647090911865234,89.07061004638672,1.3866409063339233,-55.647090911865234,89.07061004638672,Stop,Stepping
1780510109.6312413,22145.618078692,-1.3866409063339233,-55.647098541259766,89.07061004638672,1.3866409063339233,-55.647098541259766,89.07061004638672,-1.3866409063339233,-55.647090911865234,89.07061004638672,1.3866409063339233,-55.647090911865234,89.07061004638672,Stop,Stepping
1780510109.651233,22145.638262305,-1.3866409063339233,-55.647098541259766,89.07061004638672,1.3866409063339233,-55.647098541259766,89.07061004638672,-1.3866409063339233,-55.647090911865234,89.07061004638672,1.3866409063339233,-55.647090911865234,89.07061004638672,Stop,Stepping
1780510109.6712382,22145.658091332,-1.3866409063339233,-55.647098541259766,89.07061004638672,1.3866409063339233,-55.647098541259766,89.07061004638672,-1.3866409063339233,-55.647090911865234,89.07061004638672,1.3866409063339233,-55.647090911865234,89.07061004638672,Stop,Stepping
1780510109.6911547,22145.678340292,-1.3866409063339233,-55.647098541259766,89.07061004638672,1.3866409063339233,-55.647098541259766,89.07061004638672,-1.3866409063339233,-55.647090911865234,89.07061004638672,1.3866409063339233,-55.647090911865234,89.07061004638672,Stop,Stepping
1780510109.7112353,22145.698530681,-1.3866409063339233,-55.647098541259766,89.07061004638672,1.3866409063339233,-55.647098541259766,89.07061004638672,-1.3866409063339233,-55.647090911865234,89.07061004638672,1.3866409063339233,-55.647090911865234,89.07061004638672,Stop,Stepping
1780510109.731229,22145.718444762,-1.3866409063339233,-55.647098541259766,89.07061004638672,1.3866409063339233,-55.647098541259766,89.07061004638672,-1.3866409063339233,-55.647090911865234,89.07061004638672,1.3866409063339233,-55.647090911865234,89.07061004638672,Stop,Stepping
1780510109.7512376,22145.738382297,-1.3866409063339233,-55.647098541259766,89.07061004638672,1.3866409063339233,-55.647098541259766,89.07061004638672,-1.3866409063339233,-55.647090911865234,89.07061004638672,1.3866409063339233,-55.647090911865234,89.07061004638672,Stop,Stepping
1780510109.7713015,22145.758198129,-1.3866409063339233,-55.647098541259766,89.07061004638672,1.3866409063339233,-55.647098541259766,89.07061004638672,-1.3866409063339233,-55.647090911865234,89.07061004638672,1.3866409063339233,-55.647090911865234,89.07061004638672,Stop,Stepping
1780510109.7912247,22145.778066788,-1.3866409063339233,-55.647098541259766,89.07061004638672,1.3866409063339233,-55.647098541259766,89.07061004638672,-1.3866409063339233,-55.647090911865234,89.07061004638672,1.3866409063339233,-55.647090911865234,89.07061004638672,Stop,Stepping
1780510109.8112333,22145.798433776,-1.3866409063339233,-55.647098541259766,89.07061004638672,1.3866409063339233,-55.647098541259766,89.07061004638672,-1.3866409063339233,-55.647090911865234,89.07061004638672,1.3866409063339233,-55.647090911865234,89.07061004638672,Stop,Stepping
1780510109.831272,22145.818315379,-1.3866409063339233,-55.647098541259766,89.07061004638672,1.3866409063339233,-55.647098541259766,89.07061004638672,-1.3866409063339233,-55.647090911865234,89.07061004638672,1.3866409063339233,-55.647090911865234,89.07061004638672,Stop,Stepping
1780510109.8512387,22145.838114332,-1.3866409063339233,-55.647098541259766,89.07061004638672,1.3866409063339233,-55.647098541259766,89.07061004638672,-1.3866409063339233,-55.647090911865234,89.07061004638672,1.3866409063339233,-55.647090911865234,89.07061004638672,Stop,Stepping
1780510109.8712797,22145.858154191,-1.3866409063339233,-55.647098541259766,89.07061004638672,1.3866409063339233,-55.647098541259766,89.07061004638672,-1.3866409063339233,-55.647090911865234,89.07061004638672,1.3866409063339233,-55.647090911865234,89.07061004638672,Stop,Stepping
1780510109.8913164,22145.87821477,-1.3866409063339233,-55.647098541259766,89.07061004638672,1.3866409063339233,-55.647098541259766,89.07061004638672,-1.3866409063339233,-55.647090911865234,89.07061004638672,1.3866409063339233,-55.647090911865234,89.07061004638672,Stop,Stepping
1780510109.911232,22145.898936513,-1.3866409063339233,-55.647098541259766,89.07061004638672,1.3866409063339233,-55.647098541259766,89.07061004638672,-1.3866409063339233,-55.647090911865234,89.07061004638672,1.3866409063339233,-55.647090911865234,89.07061004638672,Stop,Stepping
1780510109.9312246,22145.918344006,-1.3866409063339233,-55.647098541259766,89.07061004638672,1.3866409063339233,-55.647098541259766,89.07061004638672,-1.3866409063339233,-55.647090911865234,89.07061004638672,1.3866409063339233,-55.647090911865234,89.07061004638672,Stop,Stepping
1780510109.9512513,22145.938095446,-1.3866409063339233,-55.647098541259766,89.07061004638672,1.3866409063339233,-55.647098541259766,89.07061004638672,-1.3866409063339233,-55.647090911865234,89.07061004638672,1.3866409063339233,-55.647090911865234,89.07061004638672,Stop,Stepping
1780510109.971249,22145.958179389,-1.3866409063339233,-55.647098541259766,89.07061004638672,1.3866409063339233,-55.647098541259766,89.07061004638672,-1.3866409063339233,-55.647090911865234,89.07061004638672,1.3866409063339233,-55.647090911865234,89.07061004638672,Stop,Stepping
1780510109.991237,22145.978240917,-1.3866409063339233,-55.647098541259766,89.07061004638672,1.3866409063339233,-55.647098541259766,89.07061004638672,-1.3866409063339233,-55.647090911865234,89.07061004638672,1.3866409063339233,-55.647090911865234,89.07061004638672,Stop,Stepping
1780510110.0112839,22145.998771161,-1.3866409063339233,-55.647098541259766,89.07061004638672,1.3866409063339233,-55.647098541259766,89.07061004638672,-1.3866409063339233,-55.647090911865234,89.07061004638672,1.3866409063339233,-55.647090911865234,89.07061004638672,Stop,Stepping
1780510110.031169,22146.018286125,-1.3866409063339233,-55.647098541259766,89.07061004638672,1.3866409063339233,-55.647098541259766,89.07061004638672,-1.3866409063339233,-55.647090911865234,89.07061004638672,1.3866409063339233,-55.647090911865234,89.07061004638672,Stop,Stepping
1780510110.0512266,22146.038217148,-1.3866409063339233,-55.647098541259766,89.07061004638672,1.3866409063339233,-55.647098541259766,89.07061004638672,-1.3866409063339233,-55.647090911865234,89.07061004638672,1.3866409063339233,-55.647090911865234,89.07061004638672,Stop,Stepping
1780510110.0712197,22146.058031771,-1.3866409063339233,-55.647098541259766,89.07061004638672,1.3866409063339233,-55.647098541259766,89.07061004638672,-1.3866409063339233,-55.647090911865234,89.07061004638672,1.3866409063339233,-55.647090911865234,89.07061004638672,Stop,Stepping
1780510110.0912502,22146.078204084,-1.3866409063339233,-55.647098541259766,89.07061004638672,1.3866409063339233,-55.647098541259766,89.07061004638672,-1.3866409063339233,-55.647090911865234,89.07061004638672,1.3866409063339233,-55.647090911865234,89.07061004638672,Stop,Stepping
1780510110.111188,22146.097962298,-1.3866409063339233,-55.647098541259766,89.07061004638672,1.3866409063339233,-55.647098541259766,89.07061004638672,-1.3866409063339233,-55.647090911865234,89.07061004638672,1.3866409063339233,-55.647090911865234,89.07061004638672,Stop,Stepping
1780510110.1312442,22146.118166152,-1.3866409063339233,-55.647098541259766,89.07061004638672,1.3866409063339233,-55.647098541259766,89.07061004638672,-1.3866409063339233,-55.647090911865234,89.07061004638672,1.3866409063339233,-55.647090911865234,89.07061004638672,Stop,Stepping
1780510110.1511683,22146.138650352,-1.3866409063339233,-55.647098541259766,89.07061004638672,1.3866409063339233,-55.647098541259766,89.07061004638672,-1.3866409063339233,-55.647090911865234,89.07061004638672,1.3866409063339233,-55.647090911865234,89.07061004638672,Stop,Stepping
1780510110.1712396,22146.158274196,-1.3866409063339233,-55.647098541259766,89.07061004638672,1.3866409063339233,-55.647098541259766,89.07061004638672,-1.3866409063339233,-55.647090911865234,89.07061004638672,1.3866409063339233,-55.647090911865234,89.07061004638672,Stop,Stepping
1780510110.1912894,22146.178249285,-1.3866409063339233,-55.647098541259766,89.07061004638672,1.3866409063339233,-55.647098541259766,89.07061004638672,-1.3866409063339233,-55.647090911865234,89.07061004638672,1.3866409063339233,-55.647090911865234,89.07061004638672,Stop,Stepping
1780510110.2113788,22146.198443955,-1.3866409063339233,-55.647098541259766,89.07061004638672,1.3866409063339233,-55.647098541259766,89.07061004638672,-1.3866409063339233,-55.647090911865234,89.07061004638672,1.3866409063339233,-55.647090911865234,89.07061004638672,Stop,Stepping
1780510110.2312348,22146.218063093,-1.3866409063339233,-55.647098541259766,89.07061004638672,1.3866409063339233,-55.647098541259766,89.07061004638672,-1.3866409063339233,-55.647090911865234,89.07061004638672,1.3866409063339233,-55.647090911865234,89.07061004638672,Stop,Stepping
1780510110.2513027,22146.238801336,-1.3866409063339233,-55.647098541259766,89.07061004638672,1.3866409063339233,-55.647098541259766,89.07061004638672,-1.3866409063339233,-55.647090911865234,89.07061004638672,1.3866409063339233,-55.647090911865234,89.07061004638672,Stop,Stepping
1780510110.2712433,22146.257994284,-1.3866409063339233,-55.647098541259766,89.07061004638672,1.3866409063339233,-55.647098541259766,89.07061004638672,-1.3866409063339233,-55.647090911865234,89.07061004638672,1.3866409063339233,-55.647090911865234,89.07061004638672,Stop,Stepping
1780510110.2912986,22146.278124627,-1.3866409063339233,-55.647098541259766,89.07061004638672,1.3866409063339233,-55.647098541259766,89.07061004638672,-1.3866409063339233,-55.647090911865234,89.07061004638672,1.3866409063339233,-55.647090911865234,89.07061004638672,Stop,Stepping
1780510110.3112447,22146.298243623,-1.3866409063339233,-55.647098541259766,89.07061004638672,1.3866409063339233,-55.647098541259766,89.07061004638672,-1.3866409063339233,-55.647090911865234,89.07061004638672,1.3866409063339233,-55.647090911865234,89.07061004638672,Stop,Stepping
1780510110.3313186,22146.318169716,-1.3866409063339233,-55.647098541259766,89.07061004638672,1.3866409063339233,-55.647098541259766,89.07061004638672,-1.3866409063339233,-55.647090911865234,89.07061004638672,1.3866409063339233,-55.647090911865234,89.07061004638672,Stop,Stepping
1780510110.3512561,22146.340162265,-1.3866409063339233,-55.647098541259766,89.07061004638672,1.3866409063339233,-55.647098541259766,89.07061004638672,-1.3866409063339233,-55.647090911865234,89.07061004638672,1.3866409063339233,-55.647090911865234,89.07061004638672,Stop,Stepping
1780510110.3712432,22146.358947139,-1.3866409063339233,-55.647098541259766,89.07061004638672,1.3866409063339233,-55.647098541259766,89.07061004638672,-1.3866409063339233,-55.647090911865234,89.07061004638672,1.3866409063339233,-55.647090911865234,89.07061004638672,Stop,Stepping
1780510110.3913007,22146.378651302,-1.3866409063339233,-55.647098541259766,89.07061004638672,1.3866409063339233,-55.647098541259766,89.07061004638672,-1.3866409063339233,-55.647090911865234,89.07061004638672,1.3866409063339233,-55.647090911865234,89.07061004638672,Stop,Stepping
1780510110.4112456,22146.398054816,-1.3866409063339233,-55.647098541259766,89.07061004638672,1.3866409063339233,-55.647098541259766,89.07061004638672,-1.3866409063339233,-55.647090911865234,89.07061004638672,1.3866409063339233,-55.647090911865234,89.07061004638672,Stop,Stepping
1780510110.4312506,22146.418009169,-1.3866409063339233,-55.647098541259766,89.07061004638672,1.3866409063339233,-55.647098541259766,89.07061004638672,-1.3866409063339233,-55.647090911865234,89.07061004638672,1.3866409063339233,-55.647090911865234,89.07061004638672,Stop,Stepping
1780510110.4512842,22146.438454757,-1.3866409063339233,-55.647098541259766,89.07061004638672,1.3866409063339233,-55.647098541259766,89.07061004638672,-1.3866409063339233,-55.647090911865234,89.07061004638672,1.3866409063339233,-55.647090911865234,89.07061004638672,Stop,Stepping
1780510110.47124,22146.457990741,-1.3866409063339233,-55.647098541259766,89.07061004638672,1.3866409063339233,-55.647098541259766,89.07061004638672,-1.3866409063339233,-55.647090911865234,89.07061004638672,1.3866409063339233,-55.647090911865234,89.07061004638672,Stop,Stepping
1780510110.4912388,22146.478213429,-1.3866409063339233,-55.647098541259766,89.07061004638672,1.3866409063339233,-55.647098541259766,89.07061004638672,-1.3866409063339233,-55.647090911865234,89.07061004638672,1.3866409063339233,-55.647090911865234,89.07061004638672,Stop,Stepping
1780510110.5112867,22146.498461851,-1.3866409063339233,-55.647098541259766,89.07061004638672,1.3866409063339233,-55.647098541259766,89.07061004638672,-1.3866409063339233,-55.647090911865234,89.07061004638672,1.3866409063339233,-55.647090911865234,89.07061004638672,Stop,Stepping
1780510110.5312877,22146.518140055,-1.3866409063339233,-55.647098541259766,89.07061004638672,1.3866409063339233,-55.647098541259766,89.07061004638672,-1.3866409063339233,-55.647090911865234,89.07061004638672,1.3866409063339233,-55.647090911865234,89.07061004638672,Stop,Stepping
1780510110.5512488,22146.538169602,-1.3866409063339233,-55.647098541259766,89.07061004638672,1.3866409063339233,-55.647098541259766,89.07061004638672,-1.3866409063339233,-55.647090911865234,89.07061004638672,1.3866409063339233,-55.647090911865234,89.07061004638672,Stop,Stepping
1780510110.571312,22146.558267897,-1.3866409063339233,-55.647098541259766,89.07061004638672,1.3866409063339233,-55.647098541259766,89.07061004638672,-1.3866409063339233,-55.647090911865234,89.07061004638672,1.3866409063339233,-55.647090911865234,89.07061004638672,Stop,Stepping
1780510110.591306,22146.578128385,-1.3866409063339233,-55.647098541259766,89.07061004638672,1.3866409063339233,-55.647098541259766,89.07061004638672,-1.3866409063339233,-55.647090911865234,89.07061004638672,1.3866409063339233,-55.647090911865234,89.07061004638672,Stop,Stepping
1780510110.6112528,22146.598016318,-1.3866409063339233,-55.647098541259766,89.07061004638672,1.3866409063339233,-55.647098541259766,89.07061004638672,-1.3866409063339233,-55.647090911865234,89.07061004638672,1.3866409063339233,-55.647090911865234,89.07061004638672,Stop,Stepping
1780510110.6312478,22146.618046411,-1.3866409063339233,-55.647098541259766,89.07061004638672,1.3866409063339233,-55.647098541259766,89.07061004638672,-1.3866409063339233,-55.647090911865234,89.07061004638672,1.3866409063339233,-55.647090911865234,89.07061004638672,Stop,Stepping
1780510110.6512477,22146.638311168,-1.3866409063339233,-55.647098541259766,89.07061004638672,1.3866409063339233,-55.647098541259766,89.07061004638672,-1.3866409063339233,-55.647090911865234,89.07061004638672,1.3866409063339233,-55.647090911865234,89.07061004638672,Stop,Stepping
1780510110.6712925,22146.658199149,-1.3866409063339233,-55.647098541259766,89.07061004638672,1.3866409063339233,-55.647098541259766,89.07061004638672,-1.3866409063339233,-55.647090911865234,89.07061004638672,1.3866409063339233,-55.647090911865234,89.07061004638672,Stop,Stepping
1780510110.6912484,22146.678282365,-1.3866409063339233,-55.647098541259766,89.07061004638672,1.3866409063339233,-55.647098541259766,89.07061004638672,-1.3866409063339233,-55.647090911865234,89.07061004638672,1.3866409063339233,-55.647090911865234,89.07061004638672,Stop,Stepping
1780510110.7112765,22146.698163704,-1.3866409063339233,-55.647098541259766,89.07061004638672,1.3866409063339233,-55.647098541259766,89.07061004638672,-1.3866409063339233,-55.647090911865234,89.07061004638672,1.3866409063339233,-55.647090911865234,89.07061004638672,Stop,Stepping
1780510110.7312572,22146.718159236,-1.3866409063339233,-55.647098541259766,89.07061004638672,1.3866409063339233,-55.647098541259766,89.07061004638672,-1.3866409063339233,-55.647090911865234,89.07061004638672,1.3866409063339233,-55.647090911865234,89.07061004638672,Stop,Stepping
1780510110.751322,22146.738256196,-1.3866409063339233,-55.647098541259766,89.07061004638672,1.3866409063339233,-55.647098541259766,89.07061004638672,-1.3866409063339233,-55.647090911865234,89.07061004638672,1.3866409063339233,-55.647090911865234,89.07061004638672,Stop,Stepping
1780510110.771356,22146.758241333,-1.3866409063339233,-55.647098541259766,89.07061004638672,1.3866409063339233,-55.647098541259766,89.07061004638672,-1.3866409063339233,-55.647090911865234,89.07061004638672,1.3866409063339233,-55.647090911865234,89.07061004638672,Stop,Stepping
1780510110.7912996,22146.778888759,-1.3866409063339233,-55.647098541259766,89.07061004638672,1.3866409063339233,-55.647098541259766,89.07061004638672,-1.3866409063339233,-55.647090911865234,89.07061004638672,1.3866409063339233,-55.647090911865234,89.07061004638672,Stop,Stepping
1780510110.8112533,22146.798960411,-1.3866409063339233,-55.647098541259766,89.07061004638672,1.3866409063339233,-55.647098541259766,89.07061004638672,-1.3866409063339233,-55.647090911865234,89.07061004638672,1.3866409063339233,-55.647090911865234,89.07061004638672,Stop,Stepping
1780510110.8312955,22146.818154328,-1.3866409063339233,-55.647098541259766,89.07061004638672,1.3866409063339233,-55.647098541259766,89.07061004638672,-1.3866409063339233,-55.647090911865234,89.07061004638672,1.3866409063339233,-55.647090911865234,89.07061004638672,Stop,Stepping
1780510110.8512537,22146.838390101,-1.3866409063339233,-55.647098541259766,89.07061004638672,1.3866409063339233,-55.647098541259766,89.07061004638672,-1.3866409063339233,-55.647090911865234,89.07061004638672,1.3866409063339233,-55.647090911865234,89.07061004638672,Stop,Stepping
1780510110.871257,22146.85834253,-1.3866409063339233,-55.647098541259766,89.07061004638672,1.3866409063339233,-55.647098541259766,89.07061004638672,-1.3866409063339233,-55.647090911865234,89.07061004638672,1.3866409063339233,-55.647090911865234,89.07061004638672,Stop,Stepping
1780510110.8912551,22146.87825652,-1.3866409063339233,-55.647098541259766,89.07061004638672,1.3866409063339233,-55.647098541259766,89.07061004638672,-1.3866409063339233,-55.647090911865234,89.07061004638672,1.3866409063339233,-55.647090911865234,89.07061004638672,Stop,Stepping
1780510110.911247,22146.898318333,-1.3866409063339233,-55.647098541259766,89.07061004638672,1.3866409063339233,-55.647098541259766,89.07061004638672,-1.3866409063339233,-55.647090911865234,89.07061004638672,1.3866409063339233,-55.647090911865234,89.07061004638672,Stop,Stepping
1780510110.9311514,22146.91805466,-1.3866409063339233,-55.647098541259766,89.07061004638672,1.3866409063339233,-55.647098541259766,89.07061004638672,-1.3866409063339233,-55.647090911865234,89.07061004638672,1.3866409063339233,-55.647090911865234,89.07061004638672,Stop,Stepping
1780510110.9512532,22146.938296896,-1.3866409063339233,-55.647098541259766,89.07061004638672,1.3866409063339233,-55.647098541259766,89.07061004638672,-1.3866409063339233,-55.647090911865234,89.07061004638672,1.3866409063339233,-55.647090911865234,89.07061004638672,Stop,Stepping
1780510110.9712486,22146.958094793,-1.3866409063339233,-55.647098541259766,89.07061004638672,1.3866409063339233,-55.647098541259766,89.07061004638672,-1.3866409063339233,-55.647090911865234,89.07061004638672,1.3866409063339233,-55.647090911865234,89.07061004638672,Stop,Stepping
1780510110.9915302,22146.978531961,-1.3866409063339233,-55.647098541259766,89.07061004638672,1.3866409063339233,-55.647098541259766,89.07061004638672,-1.3866409063339233,-55.647090911865234,89.07061004638672,1.3866409063339233,-55.647090911865234,89.07061004638672,Stop,Stepping
1780510111.0113182,22146.998292586,-1.3866409063339233,-55.647098541259766,89.07061004638672,1.3866409063339233,-55.647098541259766,89.07061004638672,-1.3866409063339233,-55.647090911865234,89.07061004638672,1.3866409063339233,-55.647090911865234,89.07061004638672,Stop,Stepping
1780510111.0312717,22147.018253554,-1.3866409063339233,-55.647098541259766,89.07061004638672,1.3866409063339233,-55.647098541259766,89.07061004638672,-1.3866409063339233,-55.647090911865234,89.07061004638672,1.3866409063339233,-55.647090911865234,89.07061004638672,Stop,Stepping
1780510111.0512712,22147.038374738,-1.3866409063339233,-55.647098541259766,89.07061004638672,1.3866409063339233,-55.647098541259766,89.07061004638672,-1.3866409063339233,-55.647090911865234,89.07061004638672,1.3866409063339233,-55.647090911865234,89.07061004638672,Stop,Stepping
1780510111.0712664,22147.058234246,-1.3866409063339233,-55.647098541259766,89.07061004638672,1.3866409063339233,-55.647098541259766,89.07061004638672,-1.3866409063339233,-55.647090911865234,89.07061004638672,1.3866409063339233,-55.647090911865234,89.07061004638672,Stop,Stepping
1780510111.0912642,22147.078128351,-1.3866409063339233,-55.647098541259766,89.07061004638672,1.3866409063339233,-55.647098541259766,89.07061004638672,-1.3866409063339233,-55.647090911865234,89.07061004638672,1.3866409063339233,-55.647090911865234,89.07061004638672,Stop,Stepping
1780510111.1112547,22147.098201342,-1.3866409063339233,-55.647098541259766,89.07061004638672,1.3866409063339233,-55.647098541259766,89.07061004638672,-1.3866409063339233,-55.647090911865234,89.07061004638672,1.3866409063339233,-55.647090911865234,89.07061004638672,Stop,Stepping
1780510111.1312532,22147.11813255,-1.3866409063339233,-55.647098541259766,89.07061004638672,1.3866409063339233,-55.647098541259766,89.07061004638672,-1.3866409063339233,-55.647090911865234,89.07061004638672,1.3866409063339233,-55.647090911865234,89.07061004638672,Stop,Stepping
1780510111.1512237,22147.139656142,-1.3866409063339233,-55.647098541259766,89.07061004638672,1.3866409063339233,-55.647098541259766,89.07061004638672,-1.3866409063339233,-55.647090911865234,89.07061004638672,1.3866409063339233,-55.647090911865234,89.07061004638672,Stop,Stepping
1780510111.1712751,22147.160307806,-1.3866409063339233,-55.647098541259766,89.07061004638672,1.3866409063339233,-55.647098541259766,89.07061004638672,-1.3866409063339233,-55.647090911865234,89.07061004638672,1.3866409063339233,-55.647090911865234,89.07061004638672,Stop,Stepping
1780510111.1912658,22147.178489053,-1.3866409063339233,-55.647098541259766,89.07061004638672,1.3866409063339233,-55.647098541259766,89.07061004638672,-1.3866409063339233,-55.647090911865234,89.07061004638672,1.3866409063339233,-55.647090911865234,89.07061004638672,Stop,Stepping
1780510111.2112541,22147.198422433,-1.3866409063339233,-55.647098541259766,89.07061004638672,1.3866409063339233,-55.647098541259766,89.07061004638672,-1.3866409063339233,-55.647090911865234,89.07061004638672,1.3866409063339233,-55.647090911865234,89.07061004638672,Stop,Stepping
1780510111.2312546,22147.218299193,-1.3866409063339233,-55.647098541259766,89.07061004638672,1.3866409063339233,-55.647098541259766,89.07061004638672,-1.3866409063339233,-55.647090911865234,89.07061004638672,1.3866409063339233,-55.647090911865234,89.07061004638672,Stop,Stepping
1780510111.2513216,22147.238485406,-1.3866409063339233,-55.647098541259766,89.07061004638672,1.3866409063339233,-55.647098541259766,89.07061004638672,-1.3866409063339233,-55.647090911865234,89.07061004638672,1.3866409063339233,-55.647090911865234,89.07061004638672,Stop,Stepping
1780510111.2713032,22147.258112084,-1.3866409063339233,-55.647098541259766,89.07061004638672,1.3866409063339233,-55.647098541259766,89.07061004638672,-1.3866409063339233,-55.647090911865234,89.07061004638672,1.3866409063339233,-55.647090911865234,89.07061004638672,Stop,Stepping
1780510111.2912729,22147.278614942,-1.3866409063339233,-55.647098541259766,89.07061004638672,1.3866409063339233,-55.647098541259766,89.07061004638672,-1.3866409063339233,-55.647090911865234,89.07061004638672,1.3866409063339233,-55.647090911865234,89.07061004638672,Stop,Stepping
1780510111.3114684,22147.299370716,-1.3866409063339233,-55.647098541259766,89.07061004638672,1.3866409063339233,-55.647098541259766,89.07061004638672,-1.3866409063339233,-55.647090911865234,89.07061004638672,1.3866409063339233,-55.647090911865234,89.07061004638672,Stop,Stepping
1780510111.3313026,22147.318335917,-1.3866409063339233,-55.647098541259766,89.07061004638672,1.3866409063339233,-55.647098541259766,89.07061004638672,-1.3866409063339233,-55.647090911865234,89.07061004638672,1.3866409063339233,-55.647090911865234,89.07061004638672,Stop,Stepping
1780510111.351388,22147.338363907,-1.3866409063339233,-55.647098541259766,89.07061004638672,1.3866409063339233,-55.647098541259766,89.07061004638672,-1.3866409063339233,-55.647090911865234,89.07061004638672,1.3866409063339233,-55.647090911865234,89.07061004638672,Stop,Stepping
1780510111.3712535,22147.358159358,-1.3866409063339233,-55.647098541259766,89.07061004638672,1.3866409063339233,-55.647098541259766,89.07061004638672,-1.3866409063339233,-55.647090911865234,89.07061004638672,1.3866409063339233,-55.647090911865234,89.07061004638672,Stop,Stepping
1780510111.3913012,22147.37847048,-1.3866409063339233,-55.647098541259766,89.07061004638672,1.3866409063339233,-55.647098541259766,89.07061004638672,-1.3866409063339233,-55.647090911865234,89.07061004638672,1.3866409063339233,-55.647090911865234,89.07061004638672,Stop,Stepping
1780510111.4112704,22147.398391567,-1.3866409063339233,-55.647098541259766,89.07061004638672,1.3866409063339233,-55.647098541259766,89.07061004638672,-1.3866409063339233,-55.647090911865234,89.07061004638672,1.3866409063339233,-55.647090911865234,89.07061004638672,Stop,Stepping
1780510111.4313023,22147.418363364,-1.3866409063339233,-55.647098541259766,89.07061004638672,1.3866409063339233,-55.647098541259766,89.07061004638672,-1.3866409063339233,-55.647090911865234,89.07061004638672,1.3866409063339233,-55.647090911865234,89.07061004638672,Stop,Stepping
1780510111.4513144,22147.438503435,-1.3866409063339233,-55.647098541259766,89.07061004638672,1.3866409063339233,-55.647098541259766,89.07061004638672,-1.3866409063339233,-55.647090911865234,89.07061004638672,1.3866409063339233,-55.647090911865234,89.07061004638672,Stop,Stepping
1780510111.4712524,22147.458322117,-1.3866409063339233,-55.647098541259766,89.07061004638672,1.3866409063339233,-55.647098541259766,89.07061004638672,-1.3866409063339233,-55.647090911865234,89.07061004638672,1.3866409063339233,-55.647090911865234,89.07061004638672,Stop,Stepping
1780510111.4912553,22147.47847129,-1.3866409063339233,-55.647098541259766,89.07061004638672,1.3866409063339233,-55.647098541259766,89.07061004638672,-1.3866409063339233,-55.647090911865234,89.07061004638672,1.3866409063339233,-55.647090911865234,89.07061004638672,Stop,Stepping
1780510111.5112631,22147.498251278,-1.3866409063339233,-55.647098541259766,89.07061004638672,1.3866409063339233,-55.647098541259766,89.07061004638672,-1.3866409063339233,-55.647090911865234,89.07061004638672,1.3866409063339233,-55.647090911865234,89.07061004638672,Stop,Stepping
1780510111.53126,22147.51832485,-1.3866409063339233,-55.647098541259766,89.07061004638672,1.3866409063339233,-55.647098541259766,89.07061004638672,-1.3866409063339233,-55.647090911865234,89.07061004638672,1.3866409063339233,-55.647090911865234,89.07061004638672,Stop,Stepping
1780510111.5512586,22147.53872318,-1.3866409063339233,-55.647098541259766,89.07061004638672,1.3866409063339233,-55.647098541259766,89.07061004638672,-1.3866409063339233,-55.647090911865234,89.07061004638672,1.3866409063339233,-55.647090911865234,89.07061004638672,Stop,Stepping
1780510111.571253,22147.558644013,-1.3866409063339233,-55.647098541259766,89.07061004638672,1.3866409063339233,-55.647098541259766,89.07061004638672,-1.3866409063339233,-55.647090911865234,89.07061004638672,1.3866409063339233,-55.647090911865234,89.07061004638672,Stop,Stepping
1780510111.5912635,22147.579195745,-1.3866409063339233,-55.647098541259766,89.07061004638672,1.3866409063339233,-55.647098541259766,89.07061004638672,-1.3866409063339233,-55.647090911865234,89.07061004638672,1.3866409063339233,-55.647090911865234,89.07061004638672,Stop,Stepping
1780510111.6112583,22147.599117539,-1.3866409063339233,-55.647098541259766,89.07061004638672,1.3866409063339233,-55.647098541259766,89.07061004638672,-1.3866409063339233,-55.647090911865234,89.07061004638672,1.3866409063339233,-55.647090911865234,89.07061004638672,Stop,Stepping
1780510111.631191,22147.618171787,-1.3866409063339233,-55.647098541259766,89.07061004638672,1.3866409063339233,-55.647098541259766,89.07061004638672,-1.3866409063339233,-55.647090911865234,89.07061004638672,1.3866409063339233,-55.647090911865234,89.07061004638672,Stop,Stepping
1780510111.651291,22147.638015222,-1.3866409063339233,-55.647098541259766,89.07061004638672,1.3866409063339233,-55.647098541259766,89.07061004638672,-1.3866409063339233,-55.647090911865234,89.07061004638672,1.3866409063339233,-55.647090911865234,89.07061004638672,Stop,Stepping
1780510111.6712618,22147.658240952,-1.3866409063339233,-55.647098541259766,89.07061004638672,1.3866409063339233,-55.647098541259766,89.07061004638672,-1.3866409063339233,-55.647090911865234,89.07061004638672,1.3866409063339233,-55.647090911865234,89.07061004638672,Stop,Stepping
1780510111.6913073,22147.678689458,-1.3866409063339233,-55.647098541259766,89.07061004638672,1.3866409063339233,-55.647098541259766,89.07061004638672,-1.3866409063339233,-55.647090911865234,89.07061004638672,1.3866409063339233,-55.647090911865234,89.07061004638672,Stop,Stepping
1780510111.7113373,22147.698830761,-1.3866409063339233,-55.647098541259766,89.07061004638672,1.3866409063339233,-55.647098541259766,89.07061004638672,-1.3866409063339233,-55.647090911865234,89.07061004638672,1.3866409063339233,-55.647090911865234,89.07061004638672,Stop,Stepping
1780510111.731245,22147.718359638,-1.3866409063339233,-55.647098541259766,89.07061004638672,1.3866409063339233,-55.647098541259766,89.07061004638672,-1.3866409063339233,-55.647090911865234,89.07061004638672,1.3866409063339233,-55.647090911865234,89.07061004638672,Stop,Stepping
1780510111.7513342,22147.739355907,-1.3866409063339233,-55.647098541259766,89.07061004638672,1.3866409063339233,-55.647098541259766,89.07061004638672,-1.3866409063339233,-55.647090911865234,89.07061004638672,1.3866409063339233,-55.647090911865234,89.07061004638672,Stop,Stepping
1780510111.771266,22147.75891953,-1.3866409063339233,-55.647098541259766,89.07061004638672,1.3866409063339233,-55.647098541259766,89.07061004638672,-1.3866409063339233,-55.647090911865234,89.07061004638672,1.3866409063339233,-55.647090911865234,89.07061004638672,Stop,Stepping
1780510111.7913046,22147.778805459,-1.3866409063339233,-55.647098541259766,89.07061004638672,1.3866409063339233,-55.647098541259766,89.07061004638672,-1.3866409063339233,-55.647090911865234,89.07061004638672,1.3866409063339233,-55.647090911865234,89.07061004638672,Stop,Stepping
1780510111.8115115,22147.798938718,-1.3866409063339233,-55.647098541259766,89.07061004638672,1.3866409063339233,-55.647098541259766,89.07061004638672,-1.3866409063339233,-55.647090911865234,89.07061004638672,1.3866409063339233,-55.647090911865234,89.07061004638672,Stop,Stepping
1780510111.8315103,22147.818414371,-1.3866409063339233,-55.647098541259766,89.07061004638672,1.3866409063339233,-55.647098541259766,89.07061004638672,-1.3866409063339233,-55.647090911865234,89.07061004638672,1.3866409063339233,-55.647090911865234,89.07061004638672,Stop,Stepping
1780510111.8514812,22147.838613212,-1.3866409063339233,-55.647098541259766,89.07061004638672,1.3866409063339233,-55.647098541259766,89.07061004638672,-1.3866409063339233,-55.647090911865234,89.07061004638672,1.3866409063339233,-55.647090911865234,89.07061004638672,Stop,Stepping
1780510111.8712716,22147.858230508,-1.3866409063339233,-55.647098541259766,89.07061004638672,1.3866409063339233,-55.647098541259766,89.07061004638672,-1.3866409063339233,-55.647090911865234,89.07061004638672,1.3866409063339233,-55.647090911865234,89.07061004638672,Stop,Stepping
1780510111.8913052,22147.878971913,-1.3866409063339233,-55.647098541259766,89.07061004638672,1.3866409063339233,-55.647098541259766,89.07061004638672,-1.3866409063339233,-55.647090911865234,89.07061004638672,1.3866409063339233,-55.647090911865234,89.07061004638672,Stop,Stepping
1780510111.9113376,22147.898637189,-1.3866409063339233,-55.647098541259766,89.07061004638672,1.3866409063339233,-55.647098541259766,89.07061004638672,-1.3866409063339233,-55.647090911865234,89.07061004638672,1.3866409063339233,-55.647090911865234,89.07061004638672,Stop,Stepping
1780510111.9313142,22147.918494931,-1.3866409063339233,-55.647098541259766,89.07061004638672,1.3866409063339233,-55.647098541259766,89.07061004638672,-1.3866409063339233,-55.647090911865234,89.07061004638672,1.3866409063339233,-55.647090911865234,89.07061004638672,Stop,Stepping
1780510111.9512742,22147.938669487,-1.3866409063339233,-55.647098541259766,89.07061004638672,1.3866409063339233,-55.647098541259766,89.07061004638672,-1.3866409063339233,-55.647090911865234,89.07061004638672,1.3866409063339233,-55.647090911865234,89.07061004638672,Stop,Stepping
1780510111.9713125,22147.95891175,-1.3866409063339233,-55.647098541259766,89.07061004638672,1.3866409063339233,-55.647098541259766,89.07061004638672,-1.3866409063339233,-55.647090911865234,89.07061004638672,1.3866409063339233,-55.647090911865234,89.07061004638672,Stop,Stepping
1780510111.9913125,22147.980135471,-1.3866409063339233,-55.647098541259766,89.07061004638672,1.3866409063339233,-55.647098541259766,89.07061004638672,-1.3866409063339233,-55.647090911865234,89.07061004638672,1.3866409063339233,-55.647090911865234,89.07061004638672,Stop,Stepping
1780510112.0112798,22147.998694422,-1.3866409063339233,-55.647098541259766,89.07061004638672,1.3866409063339233,-55.647098541259766,89.07061004638672,-1.3866409063339233,-55.647090911865234,89.07061004638672,1.3866409063339233,-55.647090911865234,89.07061004638672,Stop,Stepping
1780510112.0313163,22148.018539205,-1.3866409063339233,-55.647098541259766,89.07061004638672,1.3866409063339233,-55.647098541259766,89.07061004638672,-1.3866409063339233,-55.647090911865234,89.07061004638672,1.3866409063339233,-55.647090911865234,89.07061004638672,Stop,Stepping
1780510112.0512786,22148.038498105,-1.3866409063339233,-55.647098541259766,89.07061004638672,1.3866409063339233,-55.647098541259766,89.07061004638672,-1.3866409063339233,-55.647090911865234,89.07061004638672,1.3866409063339233,-55.647090911865234,89.07061004638672,Stop,Stepping
1780510112.0713332,22148.058259857,-1.3866409063339233,-55.647098541259766,89.07061004638672,1.3866409063339233,-55.647098541259766,89.07061004638672,-1.3866409063339233,-55.647090911865234,89.07061004638672,1.3866409063339233,-55.647090911865234,89.07061004638672,Stop,Stepping
1780510112.0913453,22148.078394229,-1.3866409063339233,-55.647098541259766,89.07061004638672,1.3866409063339233,-55.647098541259766,89.07061004638672,-1.3866409063339233,-55.647090911865234,89.07061004638672,1.3866409063339233,-55.647090911865234,89.07061004638672,Stop,Stepping
1780510112.1113012,22148.09831433,-1.3866409063339233,-55.647098541259766,89.07061004638672,1.3866409063339233,-55.647098541259766,89.07061004638672,-1.3866409063339233,-55.647090911865234,89.07061004638672,1.3866409063339233,-55.647090911865234,89.07061004638672,Stop,Stepping
1780510112.131269,22148.118596478,-1.3866409063339233,-55.647098541259766,89.07061004638672,1.3866409063339233,-55.647098541259766,89.07061004638672,-1.3866409063339233,-55.647090911865234,89.07061004638672,1.3866409063339233,-55.647090911865234,89.07061004638672,Stop,Stepping
1780510112.151268,22148.139250407,-1.3866409063339233,-55.647098541259766,89.07061004638672,1.3866409063339233,-55.647098541259766,89.07061004638672,-1.3866409063339233,-55.647090911865234,89.07061004638672,1.3866409063339233,-55.647090911865234,89.07061004638672,Stop,Stepping
1780510112.1715262,22148.159331704,-1.3866409063339233,-55.647098541259766,89.07061004638672,1.3866409063339233,-55.647098541259766,89.07061004638672,-1.3866409063339233,-55.647090911865234,89.07061004638672,1.3866409063339233,-55.647090911865234,89.07061004638672,Stop,Stepping
1780510112.1913328,22148.178299074,-1.3866409063339233,-55.647098541259766,89.07061004638672,1.3866409063339233,-55.647098541259766,89.07061004638672,-1.3866409063339233,-55.647090911865234,89.07061004638672,1.3866409063339233,-55.647090911865234,89.07061004638672,Stop,Stepping
1780510112.2112641,22148.198468464,-1.3866409063339233,-55.647098541259766,89.07061004638672,1.3866409063339233,-55.647098541259766,89.07061004638672,-1.3866409063339233,-55.647090911865234,89.07061004638672,1.3866409063339233,-55.647090911865234,89.07061004638672,Stop,Stepping
1780510112.231289,22148.218392834,-1.3866409063339233,-55.647098541259766,89.07061004638672,1.3866409063339233,-55.647098541259766,89.07061004638672,-1.3866409063339233,-55.647090911865234,89.07061004638672,1.3866409063339233,-55.647090911865234,89.07061004638672,Stop,Stepping
1780510112.2513463,22148.238254576,-1.3866409063339233,-55.647098541259766,89.07061004638672,1.3866409063339233,-55.647098541259766,89.07061004638672,-1.3866409063339233,-55.647090911865234,89.07061004638672,1.3866409063339233,-55.647090911865234,89.07061004638672,Stop,Stepping
1780510112.271288,22148.258298044,-1.3866409063339233,-55.647098541259766,89.07061004638672,1.3866409063339233,-55.647098541259766,89.07061004638672,-1.3866409063339233,-55.647090911865234,89.07061004638672,1.3866409063339233,-55.647090911865234,89.07061004638672,Stop,Stepping
1780510112.2913291,22148.279116453,-1.3866409063339233,-55.647098541259766,89.07061004638672,1.3866409063339233,-55.647098541259766,89.07061004638672,-1.3866409063339233,-55.647090911865234,89.07061004638672,1.3866409063339233,-55.647090911865234,89.07061004638672,Stop,Stepping
1780510112.3115711,22148.298868222,-1.3866409063339233,-55.647098541259766,89.07061004638672,1.3866409063339233,-55.647098541259766,89.07061004638672,-1.3866409063339233,-55.647090911865234,89.07061004638672,1.3866409063339233,-55.647090911865234,89.07061004638672,Stop,Stepping
1780510112.331305,22148.318430229,-1.3866409063339233,-55.647098541259766,89.07061004638672,1.3866409063339233,-55.647098541259766,89.07061004638672,-1.3866409063339233,-55.647090911865234,89.07061004638672,1.3866409063339233,-55.647090911865234,89.07061004638672,Stop,Stepping
1780510112.3512857,22148.338351399,-1.3866409063339233,-55.647098541259766,89.07061004638672,1.3866409063339233,-55.647098541259766,89.07061004638672,-1.3866409063339233,-55.647090911865234,89.07061004638672,1.3866409063339233,-55.647090911865234,89.07061004638672,Stop,Stepping
1780510112.3712814,22148.35890807,-1.3866409063339233,-55.647098541259766,89.07061004638672,1.3866409063339233,-55.647098541259766,89.07061004638672,-1.3866409063339233,-55.647090911865234,89.07061004638672,1.3866409063339233,-55.647090911865234,89.07061004638672,Stop,Stepping
1780510112.3913531,22148.378784306,-1.3866409063339233,-55.647098541259766,89.07061004638672,1.3866409063339233,-55.647098541259766,89.07061004638672,-1.3866409063339233,-55.647090911865234,89.07061004638672,1.3866409063339233,-55.647090911865234,89.07061004638672,Stop,Stepping
1780510112.4112709,22148.398917291,-1.3866409063339233,-55.647098541259766,89.07061004638672,1.3866409063339233,-55.647098541259766,89.07061004638672,-1.3866409063339233,-55.647090911865234,89.07061004638672,1.3866409063339233,-55.647090911865234,89.07061004638672,Stop,Stepping
1780510112.4313223,22148.418958805,-1.3866409063339233,-55.647098541259766,89.07061004638672,1.3866409063339233,-55.647098541259766,89.07061004638672,-1.3866409063339233,-55.647090911865234,89.07061004638672,1.3866409063339233,-55.647090911865234,89.07061004638672,Stop,Stepping
1780510112.4512959,22148.438268733,-1.3866409063339233,-55.647098541259766,89.07061004638672,1.3866409063339233,-55.647098541259766,89.07061004638672,-1.3866409063339233,-55.647090911865234,89.07061004638672,1.3866409063339233,-55.647090911865234,89.07061004638672,Stop,Stepping
1780510112.4713154,22148.458125268,-1.3866409063339233,-55.647098541259766,89.07061004638672,1.3866409063339233,-55.647098541259766,89.07061004638672,-1.3866409063339233,-55.647090911865234,89.07061004638672,1.3866409063339233,-55.647090911865234,89.07061004638672,Stop,Stepping
1780510112.4913206,22148.479042919,-1.3866409063339233,-55.647098541259766,89.07061004638672,1.3866409063339233,-55.647098541259766,89.07061004638672,-1.3866409063339233,-55.647090911865234,89.07061004638672,1.3866409063339233,-55.647090911865234,89.07061004638672,Stop,Stepping
1780510112.5113199,22148.498911833,-1.3866409063339233,-55.647098541259766,89.07061004638672,1.3866409063339233,-55.647098541259766,89.07061004638672,-1.3866409063339233,-55.647090911865234,89.07061004638672,1.3866409063339233,-55.647090911865234,89.07061004638672,Stop,Stepping
1780510112.531517,22148.519286896,-1.3866409063339233,-55.647098541259766,89.07061004638672,1.3866409063339233,-55.647098541259766,89.07061004638672,-1.3866409063339233,-55.647090911865234,89.07061004638672,1.3866409063339233,-55.647090911865234,89.07061004638672,Stop,Stepping
1780510112.5512848,22148.539568248,-1.3866409063339233,-55.647098541259766,89.07061004638672,1.3866409063339233,-55.647098541259766,89.07061004638672,-1.3866409063339233,-55.647090911865234,89.07061004638672,1.3866409063339233,-55.647090911865234,89.07061004638672,Stop,Stepping
1780510112.5713053,22148.559783643,-1.3866409063339233,-55.647098541259766,89.07061004638672,1.3866409063339233,-55.647098541259766,89.07061004638672,-1.3866409063339233,-55.647090911865234,89.07061004638672,1.3866409063339233,-55.647090911865234,89.07061004638672,Stop,Stepping
1780510112.591449,22148.578057764,-1.3866409063339233,-55.647098541259766,89.07061004638672,1.3866409063339233,-55.647098541259766,89.07061004638672,-1.3866409063339233,-55.647090911865234,89.07061004638672,1.3866409063339233,-55.647090911865234,89.07061004638672,Stop,Stepping
1780510112.6113253,22148.598812176,-1.3866409063339233,-55.647098541259766,89.07061004638672,1.3866409063339233,-55.647098541259766,89.07061004638672,-1.3866409063339233,-55.647090911865234,89.07061004638672,1.3866409063339233,-55.647090911865234,89.07061004638672,Stop,Stepping
1780510112.6312969,22148.619322536,-1.3866409063339233,-55.647098541259766,89.07061004638672,1.3866409063339233,-55.647098541259766,89.07061004638672,-1.3866409063339233,-55.647090911865234,89.07061004638672,1.3866409063339233,-55.647090911865234,89.07061004638672,Stop,Stepping
1780510112.6512957,22148.638925463,-1.3866409063339233,-55.647098541259766,89.07061004638672,1.3866409063339233,-55.647098541259766,89.07061004638672,-1.3866409063339233,-55.647090911865234,89.07061004638672,1.3866409063339233,-55.647090911865234,89.07061004638672,Stop,Stepping
1780510112.671292,22148.658312954,-1.3866409063339233,-55.647098541259766,89.07061004638672,1.3866409063339233,-55.647098541259766,89.07061004638672,-1.3866409063339233,-55.647090911865234,89.07061004638672,1.3866409063339233,-55.647090911865234,89.07061004638672,Stop,Stepping
1780510112.6912951,22148.678356518,-1.3866409063339233,-55.647098541259766,89.07061004638672,1.3866409063339233,-55.647098541259766,89.07061004638672,-1.3866409063339233,-55.647090911865234,89.07061004638672,1.3866409063339233,-55.647090911865234,89.07061004638672,Stop,Stepping
1780510112.7112932,22148.699909874,-1.3866409063339233,-55.647098541259766,89.07061004638672,1.3866409063339233,-55.647098541259766,89.07061004638672,-1.3866409063339233,-55.647090911865234,89.07061004638672,1.3866409063339233,-55.647090911865234,89.07061004638672,Stop,Stepping
1780510112.7312958,22148.719095293,-1.3866409063339233,-55.647098541259766,89.07061004638672,1.3866409063339233,-55.647098541259766,89.07061004638672,-1.3866409063339233,-55.647090911865234,89.07061004638672,1.3866409063339233,-55.647090911865234,89.07061004638672,Stop,Stepping
1780510112.7512915,22148.738823061,-1.3866409063339233,-55.647098541259766,89.07061004638672,1.3866409063339233,-55.647098541259766,89.07061004638672,-1.3866409063339233,-55.647090911865234,89.07061004638672,1.3866409063339233,-55.647090911865234,89.07061004638672,Stop,Stepping
1780510112.7713034,22148.758355836,-1.3866409063339233,-55.647098541259766,89.07061004638672,1.3866409063339233,-55.647098541259766,89.07061004638672,-1.3866409063339233,-55.647090911865234,89.07061004638672,1.3866409063339233,-55.647090911865234,89.07061004638672,Stop,Stepping
1780510112.791374,22148.778569481,-1.3866409063339233,-55.647098541259766,89.07061004638672,1.3866409063339233,-55.647098541259766,89.07061004638672,-1.3866409063339233,-55.647090911865234,89.07061004638672,1.3866409063339233,-55.647090911865234,89.07061004638672,Stop,Stepping
1780510112.8112879,22148.79842114,-1.3866409063339233,-55.647098541259766,89.07061004638672,1.3866409063339233,-55.647098541259766,89.07061004638672,-1.3866409063339233,-55.647090911865234,89.07061004638672,1.3866409063339233,-55.647090911865234,89.07061004638672,Stop,Stepping
1780510112.8312938,22148.818758194,-1.3866409063339233,-55.647098541259766,89.07061004638672,1.3866409063339233,-55.647098541259766,89.07061004638672,-1.3866409063339233,-55.647090911865234,89.07061004638672,1.3866409063339233,-55.647090911865234,89.07061004638672,Stop,Stepping
1780510112.8513067,22148.838472238,-1.3866409063339233,-55.647098541259766,89.07061004638672,1.3866409063339233,-55.647098541259766,89.07061004638672,-1.3866409063339233,-55.647090911865234,89.07061004638672,1.3866409063339233,-55.647090911865234,89.07061004638672,Stop,Stepping
1780510112.8713074,22148.858157322,-1.3866409063339233,-55.647098541259766,89.07061004638672,1.3866409063339233,-55.647098541259766,89.07061004638672,-1.3866409063339233,-55.647090911865234,89.07061004638672,1.3866409063339233,-55.647090911865234,89.07061004638672,Stop,Stepping
1780510112.89129,22148.878400656,-1.3866409063339233,-55.647098541259766,89.07061004638672,1.3866409063339233,-55.647098541259766,89.07061004638672,-1.3866409063339233,-55.647090911865234,89.07061004638672,1.3866409063339233,-55.647090911865234,89.07061004638672,Stop,Stepping
1780510112.9112852,22148.900312035,-1.3866409063339233,-55.647098541259766,89.07061004638672,1.3866409063339233,-55.647098541259766,89.07061004638672,-1.3866409063339233,-55.647090911865234,89.07061004638672,1.3866409063339233,-55.647090911865234,89.07061004638672,Stop,Stepping
1780510112.9313438,22148.918309322,-1.3866409063339233,-55.647098541259766,89.07061004638672,1.3866409063339233,-55.647098541259766,89.07061004638672,-1.3866409063339233,-55.647090911865234,89.07061004638672,1.3866409063339233,-55.647090911865234,89.07061004638672,Stop,Stepping
1780510112.9512844,22148.938386131,-1.3866409063339233,-55.647098541259766,89.07061004638672,1.3866409063339233,-55.647098541259766,89.07061004638672,-1.3866409063339233,-55.647090911865234,89.07061004638672,1.3866409063339233,-55.647090911865234,89.07061004638672,Stop,Stepping
1780510112.971283,22148.959334189,-1.3866409063339233,-55.647098541259766,89.07061004638672,1.3866409063339233,-55.647098541259766,89.07061004638672,-1.3866409063339233,-55.647090911865234,89.07061004638672,1.3866409063339233,-55.647090911865234,89.07061004638672,Stop,Stepping
1780510112.991294,22148.97860573,-1.3866409063339233,-55.647098541259766,89.07061004638672,1.3866409063339233,-55.647098541259766,89.07061004638672,-1.3866409063339233,-55.647090911865234,89.07061004638672,1.3866409063339233,-55.647090911865234,89.07061004638672,Stop,Stepping
1780510113.0112858,22148.998576462,-1.3866409063339233,-55.647098541259766,89.07061004638672,1.3866409063339233,-55.647098541259766,89.07061004638672,-1.3866409063339233,-55.647090911865234,89.07061004638672,1.3866409063339233,-55.647090911865234,89.07061004638672,Stop,Stepping
1780510113.0312781,22149.018509569,-1.3866409063339233,-55.647098541259766,89.07061004638672,1.3866409063339233,-55.647098541259766,89.07061004638672,-1.3866409063339233,-55.647090911865234,89.07061004638672,1.3866409063339233,-55.647090911865234,89.07061004638672,Stop,Stepping
1780510113.0512555,22149.038212227,-1.3866409063339233,-55.647098541259766,89.07061004638672,1.3866409063339233,-55.647098541259766,89.07061004638672,-1.3866409063339233,-55.647090911865234,89.07061004638672,1.3866409063339233,-55.647090911865234,89.07061004638672,Stop,Stepping
1780510113.0713472,22149.0583081,-1.3866409063339233,-55.647098541259766,89.07061004638672,1.3866409063339233,-55.647098541259766,89.07061004638672,-1.3866409063339233,-55.647090911865234,89.07061004638672,1.3866409063339233,-55.647090911865234,89.07061004638672,Stop,Stepping
1780510113.0912843,22149.078615293,-1.3866409063339233,-55.647098541259766,89.07061004638672,1.3866409063339233,-55.647098541259766,89.07061004638672,-1.3866409063339233,-55.647090911865234,89.07061004638672,1.3866409063339233,-55.647090911865234,89.07061004638672,Stop,Stepping
1780510113.1113472,22149.098256616,-1.3866409063339233,-55.647098541259766,89.07061004638672,1.3866409063339233,-55.647098541259766,89.07061004638672,-1.3866409063339233,-55.647090911865234,89.07061004638672,1.3866409063339233,-55.647090911865234,89.07061004638672,Stop,Stepping
1780510113.1312878,22149.118248998,-1.3866409063339233,-55.647098541259766,89.07061004638672,1.3866409063339233,-55.647098541259766,89.07061004638672,-1.3866409063339233,-55.647090911865234,89.07061004638672,1.3866409063339233,-55.647090911865234,89.07061004638672,Stop,Stepping
1780510113.151295,22149.13844364,-1.3866409063339233,-55.647098541259766,89.07061004638672,1.3866409063339233,-55.647098541259766,89.07061004638672,-1.3866409063339233,-55.647090911865234,89.07061004638672,1.3866409063339233,-55.647090911865234,89.07061004638672,Stop,Stepping
1780510113.171342,22149.158442989,-1.3866409063339233,-55.647098541259766,89.07061004638672,1.3866409063339233,-55.647098541259766,89.07061004638672,-1.3866409063339233,-55.647090911865234,89.07061004638672,1.3866409063339233,-55.647090911865234,89.07061004638672,Stop,Stepping
1780510113.1912928,22149.178233221,-1.3866409063339233,-55.647098541259766,89.07061004638672,1.3866409063339233,-55.647098541259766,89.07061004638672,-1.3866409063339233,-55.647090911865234,89.07061004638672,1.3866409063339233,-55.647090911865234,89.07061004638672,Stop,Stepping
1780510113.211306,22149.198702377,-1.3866409063339233,-55.647098541259766,89.07061004638672,1.3866409063339233,-55.647098541259766,89.07061004638672,-1.3866409063339233,-55.647090911865234,89.07061004638672,1.3866409063339233,-55.647090911865234,89.07061004638672,Stop,Stepping
1780510113.2313497,22149.218236435,-1.3866409063339233,-55.647098541259766,89.07061004638672,1.3866409063339233,-55.647098541259766,89.07061004638672,-1.3866409063339233,-55.647090911865234,89.07061004638672,1.3866409063339233,-55.647090911865234,89.07061004638672,Stop,Stepping
1780510113.2512875,22149.238769902,-1.3866409063339233,-55.647098541259766,89.07061004638672,1.3866409063339233,-55.647098541259766,89.07061004638672,-1.3866409063339233,-55.647090911865234,89.07061004638672,1.3866409063339233,-55.647090911865234,89.07061004638672,Stop,Stepping
1780510113.2713144,22149.258178731,-1.3866409063339233,-55.647098541259766,89.07061004638672,1.3866409063339233,-55.647098541259766,89.07061004638672,-1.3866409063339233,-55.647090911865234,89.07061004638672,1.3866409063339233,-55.647090911865234,89.07061004638672,Stop,Stepping
1780510113.2912881,22149.278431669,-1.3866409063339233,-55.647098541259766,89.07061004638672,1.3866409063339233,-55.647098541259766,89.07061004638672,-1.3866409063339233,-55.647090911865234,89.07061004638672,1.3866409063339233,-55.647090911865234,89.07061004638672,Stop,Stepping
1780510113.3112924,22149.298464593,-1.3866409063339233,-55.647098541259766,89.07061004638672,1.3866409063339233,-55.647098541259766,89.07061004638672,-1.3866409063339233,-55.647090911865234,89.07061004638672,1.3866409063339233,-55.647090911865234,89.07061004638672,Stop,Stepping
1780510113.3313031,22149.31822749,-1.3866409063339233,-55.647098541259766,89.07061004638672,1.3866409063339233,-55.647098541259766,89.07061004638672,-1.3866409063339233,-55.647090911865234,89.07061004638672,1.3866409063339233,-55.647090911865234,89.07061004638672,Stop,Stepping
1780510113.3513057,22149.338752697,-1.3866409063339233,-55.647098541259766,89.07061004638672,1.3866409063339233,-55.647098541259766,89.07061004638672,-1.3866409063339233,-55.647090911865234,89.07061004638672,1.3866409063339233,-55.647090911865234,89.07061004638672,Stop,Stepping
1780510113.3712847,22149.358410925,-1.3866409063339233,-55.647098541259766,89.07061004638672,1.3866409063339233,-55.647098541259766,89.07061004638672,-1.3866409063339233,-55.647090911865234,89.07061004638672,1.3866409063339233,-55.647090911865234,89.07061004638672,Stop,Stepping
1780510113.3913474,22149.378564858,-1.3866409063339233,-55.647098541259766,89.07061004638672,1.3866409063339233,-55.647098541259766,89.07061004638672,-1.3866409063339233,-55.647090911865234,89.07061004638672,1.3866409063339233,-55.647090911865234,89.07061004638672,Stop,Stepping
1780510113.4112942,22149.398171702,-1.3866409063339233,-55.647098541259766,89.07061004638672,1.3866409063339233,-55.647098541259766,89.07061004638672,-1.3866409063339233,-55.647090911865234,89.07061004638672,1.3866409063339233,-55.647090911865234,89.07061004638672,Stop,Stepping
1780510113.431293,22149.418166383,-1.3866409063339233,-55.647098541259766,89.07061004638672,1.3866409063339233,-55.647098541259766,89.07061004638672,-1.3866409063339233,-55.647090911865234,89.07061004638672,1.3866409063339233,-55.647090911865234,89.07061004638672,Stop,Stepping
1780510113.451294,22149.438272776,-1.3866409063339233,-55.647098541259766,89.07061004638672,1.3866409063339233,-55.647098541259766,89.07061004638672,-1.3866409063339233,-55.647090911865234,89.07061004638672,1.3866409063339233,-55.647090911865234,89.07061004638672,Stop,Stepping
1780510113.4713473,22149.458200699,-1.3866409063339233,-55.647098541259766,89.07061004638672,1.3866409063339233,-55.647098541259766,89.07061004638672,-1.3866409063339233,-55.647090911865234,89.07061004638672,1.3866409063339233,-55.647090911865234,89.07061004638672,Stop,Stepping
1780510113.4913483,22149.478690346,-1.3866409063339233,-55.647098541259766,89.07061004638672,1.3866409063339233,-55.647098541259766,89.07061004638672,-1.3866409063339233,-55.647090911865234,89.07061004638672,1.3866409063339233,-55.647090911865234,89.07061004638672,Stop,Stepping
1780510113.5113,22149.498165847,-1.3866409063339233,-55.647098541259766,89.07061004638672,1.3866409063339233,-55.647098541259766,89.07061004638672,-1.3866409063339233,-55.647090911865234,89.07061004638672,1.3866409063339233,-55.647090911865234,89.07061004638672,Stop,Stepping
1780510113.5312977,22149.518190697,-1.3866409063339233,-55.647098541259766,89.07061004638672,1.3866409063339233,-55.647098541259766,89.07061004638672,-1.3866409063339233,-55.647090911865234,89.07061004638672,1.3866409063339233,-55.647090911865234,89.07061004638672,Stop,Stepping
1780510113.551345,22149.538343986,-1.3866409063339233,-55.647098541259766,89.07061004638672,1.3866409063339233,-55.647098541259766,89.07061004638672,-1.3866409063339233,-55.647090911865234,89.07061004638672,1.3866409063339233,-55.647090911865234,89.07061004638672,Stop,Stepping
1780510113.5713108,22149.558155277,-1.3866409063339233,-55.647098541259766,89.07061004638672,1.3866409063339233,-55.647098541259766,89.07061004638672,-1.3866409063339233,-55.647090911865234,89.07061004638672,1.3866409063339233,-55.647090911865234,89.07061004638672,Stop,Stepping
1780510113.591363,22149.578590426,-1.3866409063339233,-55.647098541259766,89.07061004638672,1.3866409063339233,-55.647098541259766,89.07061004638672,-1.3866409063339233,-55.647090911865234,89.07061004638672,1.3866409063339233,-55.647090911865234,89.07061004638672,Stop,Stepping
1780510113.6115353,22149.598406728,-1.3866409063339233,-55.647098541259766,89.07061004638672,1.3866409063339233,-55.647098541259766,89.07061004638672,-1.3866409063339233,-55.647090911865234,89.07061004638672,1.3866409063339233,-55.647090911865234,89.07061004638672,Stop,Stepping
1780510113.631335,22149.618505082,-1.3866409063339233,-55.647098541259766,89.07061004638672,1.3866409063339233,-55.647098541259766,89.07061004638672,-1.3866409063339233,-55.647090911865234,89.07061004638672,1.3866409063339233,-55.647090911865234,89.07061004638672,Stop,Stepping
1780510113.6513016,22149.638215518,-1.3866409063339233,-55.647098541259766,89.07061004638672,1.3866409063339233,-55.647098541259766,89.07061004638672,-1.3866409063339233,-55.647090911865234,89.07061004638672,1.3866409063339233,-55.647090911865234,89.07061004638672,Stop,Stepping
1780510113.671372,22149.658438431,-1.3866409063339233,-55.647098541259766,89.07061004638672,1.3866409063339233,-55.647098541259766,89.07061004638672,-1.3866409063339233,-55.647090911865234,89.07061004638672,1.3866409063339233,-55.647090911865234,89.07061004638672,Stop,Stepping
1780510113.6912973,22149.67850861,-1.3866409063339233,-55.647098541259766,89.07061004638672,1.3866409063339233,-55.647098541259766,89.07061004638672,-1.3866409063339233,-55.647090911865234,89.07061004638672,1.3866409063339233,-55.647090911865234,89.07061004638672,Stop,Stepping
1780510113.7113032,22149.698185703,-1.3866409063339233,-55.647098541259766,89.07061004638672,1.3866409063339233,-55.647098541259766,89.07061004638672,-1.3866409063339233,-55.647090911865234,89.07061004638672,1.3866409063339233,-55.647090911865234,89.07061004638672,Stop,Stepping
1780510113.7313023,22149.720400283,-1.3866409063339233,-55.647098541259766,89.07061004638672,1.3866409063339233,-55.647098541259766,89.07061004638672,-1.3866409063339233,-55.64708709716797,89.07061004638672,1.3866409063339233,-55.64708709716797,89.07061004638672,Stop,Stepping
1780510113.7512853,22149.738162559,-1.3866409063339233,-55.647098541259766,89.07061004638672,1.3866409063339233,-55.647098541259766,89.07061004638672,-1.3866409063339233,-55.64708709716797,89.07061004638672,1.3866409063339233,-55.64708709716797,89.07061004638672,Stop,Stepping
1780510113.7713387,22149.761015714,-1.3866409063339233,-55.647098541259766,89.07061004638672,1.3866409063339233,-55.647098541259766,89.07061004638672,-1.3866409063339233,-55.64708709716797,89.07061004638672,1.3866409063339233,-55.64708709716797,89.07061004638672,Stop,Stepping
1780510113.7914662,22149.779066177,-1.3866409063339233,-55.647098541259766,89.07061004638672,1.3866409063339233,-55.647098541259766,89.07061004638672,-1.3866409063339233,-55.64708709716797,89.07061004638672,1.3866409063339233,-55.64708709716797,89.07061004638672,Stop,Stepping
1780510113.8112981,22149.798295725,-1.3866409063339233,-55.647098541259766,89.07061004638672,1.3866409063339233,-55.647098541259766,89.07061004638672,-1.3866409063339233,-55.64708709716797,89.07061004638672,1.3866409063339233,-55.64708709716797,89.07061004638672,Stop,Stepping
1780510113.8313365,22149.818308893,-1.3866409063339233,-55.647098541259766,89.07061004638672,1.3866409063339233,-55.647098541259766,89.07061004638672,-1.3866409063339233,-55.64708709716797,89.07061004638672,1.3866409063339233,-55.64708709716797,89.07061004638672,Stop,Stepping
1780510113.8515296,22149.838534522,-1.3866223096847534,-55.6470832824707,89.07064819335938,1.3866193294525146,-55.6470832824707,89.07064819335938,-1.3866158723831177,-55.647071838378906,89.07063293457031,1.3866158723831177,-55.64707565307617,89.07063293457031,Stop,Stepping
1780510113.8712533,22149.858356676,-1.3863029479980469,-55.646907806396484,89.07134246826172,1.3862427473068237,-55.64691162109375,89.07135009765625,-1.3862323760986328,-55.64674758911133,89.0710220336914,1.3861818313598633,-55.64681625366211,89.0710220336914,Stop,Stepping
1780510113.891258,22149.87869737,-1.385232925415039,-55.64629364013672,89.07363891601562,1.3849694728851318,-55.646324157714844,89.07372283935547,-1.3849213123321533,-55.64564514160156,89.07231903076172,1.3847153186798096,-55.64591598510742,89.07230377197266,Stop,Stepping
1780510113.9113011,22149.898604065,-1.382961630821228,-55.64501953125,89.07853698730469,1.3822726011276245,-55.64507293701172,89.07872009277344,-1.3821461200714111,-55.643306732177734,89.07505798339844,1.3816078901290894,-55.64402770996094,89.07504272460938,Stop,Stepping
1780510113.931347,22149.918755305,-1.3790568113327026,-55.64280319213867,89.08695220947266,1.3776336908340454,-55.64292907714844,89.08734893798828,-1.3773727416992188,-55.6392822265625,89.07978057861328,1.376263976097107,-55.640769958496094,89.0797348022461,Stop,Stepping
1780510113.951323,22149.938194427,-1.3731420040130615,-55.63944625854492,89.09969329833984,1.3706010580062866,-55.63966751098633,89.10039520263672,-1.370137333869934,-55.63317108154297,89.08692169189453,1.3681669235229492,-55.63582992553711,89.08684539794922,Stop,Stepping
1780510113.971301,22149.958627964,-1.3648040294647217,-55.63471603393555,89.11763763427734,1.3606994152069092,-55.635074615478516,89.11878204345703,-1.3599495887756348,-55.62456512451172,89.09698486328125,1.356762409210205,-55.62886428833008,89.09684753417969,Stop,Stepping
1780510113.991303,22149.978404398,-1.353677749633789,-55.628379821777344,89.14155578613281,1.3474788665771484,-55.62892150878906,89.14328002929688,-1.3463455438613892,-55.613067626953125,89.11038970947266,1.3415359258651733,-55.61955642700195,89.11018371582031,Stop,Stepping
1780510114.0113523,22149.998837627,-1.339397668838501,-55.62022399902344,89.17223358154297,1.3305093050003052,-55.620994567871094,89.17469787597656,-1.3288942575454712,-55.598289489746094,89.12754821777344,1.3219990730285645,-55.60759353637695,89.12726593017578,Stop,Stepping
1780510114.0312977,22150.018357913,-1.321641445159912,-55.61005401611328,89.21029663085938,1.3094167709350586,-55.61110305786133,89.21366882324219,-1.307207465171814,-55.579898834228516,89.14884185791016,1.2977221012115479,-55.59269714355469,89.14845275878906,Stop,Stepping
1780510114.051304,22150.038729082,-1.300065517425537,-55.59762954711914,89.25645446777344,1.2837841510772705,-55.59901809692383,89.26094055175781,-1.2808594703674316,-55.55750274658203,89.17463684082031,1.2682281732559204,-55.57456588745117,89.17413330078125,Stop,Stepping
1780510114.0712981,22150.058351624,-1.274395227432251,-55.58277130126953,89.31124877929688,1.2532806396484375,-55.58455276489258,89.31704711914062,-1.2495213747024536,-55.53080368041992,89.20521545410156,1.233143925666809,-55.55292892456055,89.20458984375,Stop,Stepping
1780510114.091352,22150.078393216,-1.244289755821228,-55.56522750854492,89.37531280517578,1.2175134420394897,-55.56746292114258,89.38263702392578,-1.212788462638855,-55.49942398071289,89.24092102050781,1.1920223236083984,-55.52748489379883,89.24014282226562,Stop,Stepping
1780510114.1113515,22150.098408903,-1.2095329761505127,-55.54482650756836,89.44905853271484,1.1762135028839111,-55.54757308959961,89.45811462402344,-1.1704034805297852,-55.46307373046875,89.28193664550781,1.1445705890655518,-55.49798583984375,89.28099060058594,Stop,Stepping
1780510114.131362,22150.118343356,-1.1698178052902222,-55.52132034301758,89.53302001953125,1.1290234327316284,-55.524627685546875,89.54401397705078,-1.121994972229004,-55.42140579223633,89.32854461669922,1.0903785228729248,-55.46417236328125,89.3274154663086,Stop,Stepping
1780510114.1513135,22150.138475203,-1.1248974800109863,-55.494468688964844,89.6275405883789,1.0756491422653198,-55.49840545654297,89.64073944091797,-1.0672918558120728,-55.37409210205078,89.38088989257812,1.0291287899017334,-55.42574691772461,89.37958526611328,Stop,Stepping
1780510114.1713002,22150.158355183,-1.0745545625686646,-55.464080810546875,89.73299407958984,1.015828251838684,-55.46867370605469,89.74859619140625,-1.0060256719589233,-55.32085037231445,89.43912506103516,0.9605351686477661,-55.38246154785156,89.43766021728516,Stop,Stepping
1780510114.1913087,22150.178264354,-1.0184983015060425,-55.42984390258789,89.84976196289062,0.9492278695106506,-55.43514633178711,89.86798095703125,-0.9378782510757446,-55.26130294799805,89.50341796875,0.8842322826385498,-55.33401870727539,89.50178527832031,Stop,Stepping
1780510114.2113557,22150.198473506,-0.9566313028335571,-55.39156723022461,89.9778823852539,0.8757079839706421,-55.397621154785156,89.99895477294922,-0.8627256751060486,-55.195247650146484,89.57373809814453,0.8000866770744324,-55.280216217041016,89.57194519042969,Stop,Stepping
1780510114.2315042,22150.218447826,-0.888611912727356,-55.34892272949219,90.11780548095703,0.7948861122131348,-55.355743408203125,90.14192199707031,-0.7802042365074158,-55.12221145629883,89.65022277832031,0.7076783776283264,-55.22069549560547,89.64832305908203,Stop,Stepping
1780510114.2513182,22150.238215195,-0.8143486380577087,-55.30168151855469,90.26947021484375,0.7066431045532227,-55.30927658081055,90.29683685302734,-0.6902125477790833,-55.042015075683594,89.7327880859375,0.6069044470787048,-55.15523910522461,89.73080444335938,Stop,Stepping
1780510114.271377,22150.258155638,-0.7333465814590454,-55.24933624267578,90.4336166381836,0.6103873252868652,-55.257720947265625,90.46442413330078,-0.5921748280525208,-54.953975677490234,89.82173156738281,0.4971136152744293,-55.083309173583984,89.81973266601562,Stop,Stepping
1780510114.2913578,22150.278439778,-0.6463568806648254,-55.19219207763672,90.6083755493164,0.5070182085037231,-55.20134353637695,90.64275360107422,-0.48705077171325684,-54.858787536621094,89.91593933105469,0.37938031554222107,-55.00543975830078,89.91397857666016,Stop,Stepping
1780510114.3113072,22150.29831363,-0.5522357821464539,-55.12929153442383,90.79573059082031,0.3951745331287384,-55.13916778564453,90.83381652832031,-0.37347936630249023,-54.755043029785156,90.01634979248047,0.25218287110328674,-54.920467376708984,90.0145263671875,Stop,Stepping
1780510114.3313708,22150.318460455,-0.45115524530410767,-55.06048583984375,90.99491882324219,0.27505552768707275,-55.07105255126953,91.03685760498047,-0.2517092525959015,-54.64278030395508,90.12246704101562,0.11579426378011703,-54.828392028808594,90.1208724975586,Stop,Stepping
1780510114.3513167,22150.339126175,-0.3430268168449402,-54.9854736328125,91.20571899414062,0.14656078815460205,-54.99665451049805,91.2515869140625,-0.1216767281293869,-54.521728515625,90.23401641845703,-0.029854856431484222,-54.72896957397461,90.23277282714844,Stop,Stepping
1780510114.3713028,22150.358259603,-0.22772645950317383,-54.903900146484375,91.42794036865234,0.009543760679662228,-54.91559982299805,91.47779846191406,0.016712408512830734,-54.39155960083008,90.3507308959961,-0.18488077819347382,-54.62187957763672,90.34996795654297,Stop,Stepping
1780510114.391305,22150.378654997,-0.10495226830244064,-54.81523513793945,91.66165924072266,-0.13635718822479248,-54.82735824584961,91.71554565429688,0.16377921402454376,-54.25174331665039,90.47248077392578,-0.3496297299861908,-54.50668716430664,90.47239685058594,Stop,Stepping
1780510114.41131,22150.398674746,0.025016821920871735,-54.71939468383789,91.90583801269531,-0.2908034920692444,-54.73178482055664,91.96372985839844,0.3191230595111847,-54.10239028930664,90.59857940673828,-0.5236660242080688,-54.38344192504883,90.59932708740234,Stop,Stepping
1780510114.4313586,22150.418474872,0.16267161071300507,-54.61568069458008,92.160888671875,-0.4543866515159607,-54.628177642822266,92.22274017333984,0.4832802712917328,-53.94271469116211,90.72901916503906,-0.7075902223587036,-54.2514762878418,90.73085021972656,Stop,Stepping
1780510114.451302,22150.438622099,0.3079274594783783,-54.50379180908203,92.42605590820312,-0.6270003318786621,-54.51620101928711,92.49176025390625,0.656084418296814,-53.77260208129883,90.86323547363281,-0.90120929479599,-54.11062240600586,90.86634826660156,Stop,Stepping
1780510114.4713066,22150.458283436,0.46101322770118713,-54.38319778442383,92.70117950439453,-0.8089191317558289,-54.39529800415039,92.7706069946289,0.8377435803413391,-53.591529846191406,91.00089263916016,-1.104763388633728,-53.960445404052734,91.00558471679688,Stop,Stepping
1780510114.4913387,22150.478289963,0.6217919588088989,-54.253631591796875,92.9853515625,-0.9999717473983765,-54.26517105102539,93.0583267211914,1.0280146598815918,-53.399436950683594,91.14131927490234,-1.3179798126220703,-53.80084991455078,91.14787292480469,Stop,Stepping
1780510114.5113108,22150.498813381,0.7906028032302856,-54.11442947387695,93.27854919433594,-1.2005667686462402,-54.12510681152344,93.35482025146484,1.2272306680679321,-53.19565200805664,91.28424072265625,-1.541229486465454,-53.63124465942383,91.29300689697266,Stop,Stepping
1780510114.531309,22150.51815243,0.9672654271125793,-53.965309143066406,93.57974243164062,-1.410480260848999,-53.97481918334961,93.65901184082031,1.4350898265838623,-52.98015213012695,91.42890167236328,-1.7741763591766357,-53.451568603515625,91.44024658203125,Stop,Stepping
1780510114.551349,22150.53839896,1.1518996953964233,-53.805755615234375,93.88845825195312,-1.6298590898513794,-53.81375503540039,93.97039794921875,1.651658535003662,-52.752532958984375,91.57479858398438,-2.0168964862823486,-53.26143264770508,91.58912658691406,Stop,Stepping
1780510114.57131,22150.55876182,1.3446965217590332,-53.63518142700195,94.20426940917969,-1.8589246273040771,-53.64128112792969,94.28845977783203,1.8770636320114136,-52.512290954589844,91.72142791748047,-2.2695326805114746,-53.060386657714844,91.73916625976562,Stop,Stepping
1780510114.591299,22150.578253806,1.5455522537231445,-53.453224182128906,94.52625274658203,-2.097548723220825,-53.457027435302734,94.61224365234375,2.1110970973968506,-52.2592887878418,91.8680419921875,-2.531843423843384,-52.84827423095703,91.88967895507812,Stop,Stepping
1780510114.6112962,22150.59821204,1.7545201778411865,-53.2593879699707,94.85372161865234,-2.345791816711426,-53.26043701171875,94.94098663330078,2.3537211418151855,-51.993202209472656,92.0140380859375,-2.803792715072632,-52.624778747558594,92.0400390625,Stop,Stepping
1780510114.6312938,22150.618149116,1.971660852432251,-53.05318069458008,95.1860122680664,-2.6037240028381348,-53.050987243652344,95.27393341064453,2.604907512664795,-51.71369934082031,92.15873718261719,-3.0853431224823,-52.38958740234375,92.18968200683594,Stop,Stepping
1780510114.6512995,22150.641161223,2.1970090866088867,-52.83408737182617,95.52230834960938,-2.871370553970337,-52.82815933227539,95.61026000976562,2.864586114883423,-51.42047119140625,92.30146789550781,-3.376413345336914,-52.14237594604492,92.33792877197266,Stop,Stepping
1780510114.6713178,22150.658606557,2.430661916732788,-52.601558685302734,95.86198425292969,-3.14884614944458,-52.59135055541992,95.94923400878906,3.132760763168335,-51.1131477355957,92.44156646728516,-3.6770074367523193,-51.88280487060547,92.4841537475586,Stop,Stepping
1780510114.69137,22150.678283581,2.6729671955108643,-52.354759216308594,96.20464324951172,-3.4365596771240234,-52.339683532714844,96.29039001464844,3.4097177982330322,-50.790992736816406,92.57848358154297,-3.987443685531616,-51.61021041870117,92.62789154052734,Stop,Stepping
1780510114.711328,22150.698601644,2.922285556793213,-52.09492874145508,96.54718017578125,-3.7325563430786133,-52.07441711425781,96.63059997558594,3.6934776306152344,-50.45597839355469,92.71060180664062,-4.305490493774414,-51.32620620727539,92.76748657226562,Stop,Stepping
1780510114.7313147,22150.71826884,3.1802263259887695,-51.81996536254883,96.8910140991211,-4.038733959197998,-51.793373107910156,96.97114562988281,3.9857499599456787,-50.105712890625,92.83808135986328,-4.63306999206543,-51.02873611450195,92.90318298339844,Stop,Stepping
1780510114.7513092,22150.738328618,3.4464359283447266,-51.5297737121582,97.23477172851562,-4.354663372039795,-51.496463775634766,97.31060791015625,4.286013126373291,-49.740455627441406,92.95993041992188,-4.969585418701172,-50.717979431152344,93.0340576171875,Stop,Stepping
1780510114.771311,22150.758456892,3.720771074295044,-51.224063873291016,97.57738494873047,-4.680160999298096,-51.1833610534668,97.64788055419922,4.593977451324463,-49.36019515991211,93.07539367675781,-5.314709186553955,-50.39387512207031,93.15933990478516,Stop,Stepping
1780510114.791304,22150.778275936,4.003138542175293,-50.90250778198242,97.91790008544922,-5.015105724334717,-50.85373306274414,97.9819107055664,4.909416675567627,-48.96487808227539,93.18366241455078,-5.668182373046875,-50.05632781982422,93.27828979492188,Stop,Stepping
1780510114.811309,22150.798434991,4.293598651885986,-50.56462860107422,98.25553131103516,-5.359557151794434,-50.50707244873047,98.31183624267578,5.232273578643799,-48.55422592163086,93.28402709960938,-6.029921531677246,-49.7050666809082,93.39021301269531,Stop,Stepping
1780510114.8313687,22150.818344674,4.592029571533203,-50.21017074584961,98.58928680419922,-5.713353157043457,-50.14310836791992,98.6365966796875,5.562273979187012,-48.12825012207031,93.3757095336914,-6.399624824523926,-49.34007263183594,93.49440002441406,Stop,Stepping
1780510114.851371,22150.838247195,4.898518085479736,-49.838623046875,98.91838073730469,-6.0765838623046875,-49.7613410949707,98.95535278320312,5.899387359619141,-47.68667984008789,93.45800018310547,-6.7772417068481445,-48.9610595703125,93.59014892578125,Stop,Stepping
1780510114.8713317,22150.858181993,5.212870121002197,-49.44986343383789,99.24176025390625,-6.448997974395752,-49.361637115478516,99.2669906616211,6.243267059326172,-47.229671478271484,93.53013610839844,-7.162374496459961,-48.56812286376953,93.67672729492188,Stop,Stepping
1780510114.8913255,22150.878232443,5.534356117248535,-49.04447937011719,99.5578842163086,-6.829710960388184,-48.944583892822266,99.56990051269531,6.592983722686768,-46.75818634033203,93.59124755859375,-7.553969860076904,-48.16204833984375,93.75330352783203,Stop,Stepping
1780510114.9113054,22150.89869851,5.863724708557129,-48.62120819091797,99.86670684814453,-7.219592094421387,-48.508934020996094,99.86396789550781,6.949226379394531,-46.271034240722656,93.6408462524414,-7.952792167663574,-47.74179458618164,93.81944274902344,Stop,Stepping
1780510114.9313643,22150.918615248,6.20087194442749,-48.17988967895508,100.16729736328125,-7.618495464324951,-48.05451202392578,100.1481704711914,7.311744689941406,-45.768314361572266,93.67821502685547,-8.358543395996094,-47.307373046875,93.87442016601562,Stop,Stepping
1780510114.951316,22150.938196072,6.5452494621276855,-47.72097396850586,100.45838165283203,-8.025751113891602,-47.58179473876953,100.42121124267578,7.679818630218506,-45.250762939453125,93.70262145996094,-8.770408630371094,-46.859439849853516,93.91757202148438,Stop,Stepping
1780510114.971365,22150.958298996,6.896795272827148,-47.244319915771484,100.73915100097656,-8.441256523132324,-47.090667724609375,100.6822280883789,8.053251266479492,-44.718482971191406,93.71346282958984,-9.188152313232422,-46.39800262451172,93.94828796386719,Stop,Stepping
1780510114.991316,22150.977875524,7.255695819854736,-46.74945831298828,101.00901794433594,-8.86520767211914,-46.5806770324707,100.93057250976562,8.432112693786621,-44.171146392822266,93.71012115478516,-9.611837387084961,-45.92278289794922,93.96598815917969,Stop,Stepping
1780510115.011316,22150.998498536,7.621476650238037,-46.23689270019531,101.26690673828125,-9.297018051147461,-46.05234909057617,101.16511535644531,8.815775871276855,-43.60950469970703,93.6919937133789,-10.04074764251709,-45.43437957763672,93.9700927734375,Stop,Stepping
1780510115.031364,22151.018395972,7.994024276733398,-45.70663833618164,101.51206970214844,-9.736523628234863,-45.5057487487793,101.38507080078125,9.203999519348145,-43.03376007080078,93.65857696533203,-10.474599838256836,-44.93294906616211,93.9601058959961,Stop,Stepping
1780510115.0513222,22151.038264649,8.373193740844727,-45.158809661865234,101.74376678466797,-10.18351936340332,-44.94102096557617,101.58964538574219,9.596510887145996,-42.44419860839844,93.60934448242188,-10.913070678710938,-44.418701171875,93.9355239868164,Stop,Stepping
1780510115.0713544,22151.058302412,8.758899688720703,-44.593448638916016,101.9613037109375,-10.63787841796875,-44.35826110839844,101.77813720703125,9.993106842041016,-41.84098815917969,93.54379272460938,-11.35592269897461,-43.89178466796875,93.8958511352539,Stop,Stepping
1780510115.091309,22151.078942249,9.150922775268555,-44.010860443115234,102.1639633178711,-11.099306106567383,-43.75779342651367,101.94977569580078,10.393445014953613,-41.22456741333008,93.46147918701172,-11.802750587463379,-43.352542877197266,93.84068298339844,Stop,Stepping
1780510115.1113796,22151.099259919,9.549256324768066,-43.411041259765625,102.35115814208984,-11.56776237487793,-43.13968276977539,102.10395050048828,10.79741096496582,-40.59503936767578,93.36196899414062,-12.253411293029785,-42.80104064941406,93.76956939697266,Stop,Stepping
1780510115.1313202,22151.118274486,9.952802658081055,-42.79568862915039,102.52191162109375,-12.04191780090332,-42.50571060180664,102.23969268798828,11.203786849975586,-39.954246520996094,93.24512481689453,-12.706534385681152,-42.23888397216797,93.68234252929688,Stop,Stepping
1780510115.1513178,22151.138456552,10.362245559692383,-42.16384506225586,102.676025390625,-12.522542953491211,-41.854942321777344,102.35677337646484,11.61316967010498,-39.30121994018555,93.11038970947266,-13.162765502929688,-41.66521453857422,93.5785140991211,Stop,Stepping
1780510115.1713722,22151.157968018,10.77696418762207,-41.51657485961914,102.8128433227539,-13.008875846862793,-41.18851089477539,102.45452880859375,12.0248441696167,-38.637081146240234,92.9576187133789,-13.621293067932129,-41.080989837646484,93.4579086303711,Stop,Stepping
1780510115.191366,22151.17823227,11.196893692016602,-40.854095458984375,102.93191528320312,-13.50079345703125,-40.5067024230957,102.5324935913086,12.438660621643066,-37.962066650390625,92.78650665283203,-14.081931114196777,-40.486419677734375,93.32023620605469,Stop,Stepping
1780510115.2113273,22151.198379817,11.621794700622559,-40.176979064941406,103.03282165527344,-13.997983932495117,-39.81012725830078,102.59027099609375,12.854300498962402,-37.276710510253906,92.5969009399414,-14.544312477111816,-39.88195037841797,93.1653060913086,Stop,Stepping
1780510115.23132,22151.21826309,12.050883293151855,-39.48665237426758,103.11508178710938,-14.499492645263672,-39.10029983520508,102.62742614746094,13.270930290222168,-36.582420349121094,92.38887023925781,-15.007489204406738,-39.268821716308594,92.99319458007812,Stop,Stepping
1780510115.251333,22151.238248651,12.484481811523438,-38.78281784057617,103.17851257324219,-15.005653381347656,-38.37699890136719,102.64371490478516,13.688793182373047,-35.87881851196289,92.16207122802734,-15.471726417541504,-38.646705627441406,92.8035659790039,Stop,Stepping
1780510115.271503,22151.258610567,12.921917915344238,-38.06683349609375,103.22277069091797,-15.515645980834961,-37.64161682128906,102.63890838623047,14.107185363769531,-35.16716003417969,91.91667175292969,-15.936223030090332,-38.01668930053711,92.59652709960938,Stop,Stepping
1780510115.2913668,22151.278390369,13.363044738769531,-37.33917999267578,103.24769592285156,-16.029260635375977,-36.89472579956055,102.6128158569336,14.525921821594238,-34.447818756103516,91.6526107788086,-16.400758743286133,-37.37912368774414,92.37205505371094,Stop,Stepping
1780510115.3113394,22151.298342485,13.807700157165527,-36.60041427612305,103.25312805175781,-16.546274185180664,-36.13691329956055,102.56531524658203,14.944803237915039,-33.7212028503418,91.36986541748047,-16.865102767944336,-36.7343864440918,92.13011169433594,Stop,Stepping
1780510115.3313222,22151.318207867,14.255029678344727,-35.85227966308594,103.23899841308594,-17.06564712524414,-35.369991302490234,102.49642181396484,15.362987518310547,-32.98886489868164,91.06890106201172,-17.32830810546875,-36.08382034301758,91.87105560302734,Stop,Stepping
1780510115.351308,22151.338831877,14.705018043518066,-35.09507369995117,103.20526885986328,-17.587339401245117,-34.59432601928711,102.40613555908203,15.780450820922852,-32.25094985961914,90.74968719482422,-17.790340423583984,-35.427581787109375,91.59490203857422,Stop,Stepping
1780510115.3713264,22151.358750867,15.1577730178833,-34.32896423339844,103.15191650390625,-18.11142921447754,-33.81010818481445,102.29444122314453,16.197261810302734,-31.507413864135742,90.41210174560547,-18.251266479492188,-34.765655517578125,91.30155944824219,Stop,Stepping
1780510115.3913424,22151.378510081,15.612719535827637,-33.55523681640625,103.07905578613281,-18.63722038269043,-33.01865005493164,102.16146850585938,16.61288070678711,-30.75929832458496,90.0565414428711,-18.71048355102539,-34.09896469116211,90.99136352539062,Stop,Stepping
1780510115.4113967,22151.398611365,16.069913864135742,-32.77409744262695,102.98666381835938,-19.164751052856445,-32.2202262878418,102.00727081298828,17.027355194091797,-30.00663185119629,89.68296813964844,-19.168027877807617,-33.427547454833984,90.66426086425781,Stop,Stepping
1780510115.431535,22151.418577979,16.525907516479492,-31.991804122924805,102.87574005126953,-19.690004348754883,-31.421220779418945,101.83331298828125,17.43757438659668,-29.255191802978516,89.29434204101562,-19.620473861694336,-32.75658416748047,90.32290649414062,Stop,Stepping
1780510115.4513772,22151.438326838,16.98308563232422,-31.20459747314453,102.74597930908203,-20.215715408325195,-30.617801666259766,101.63900756835938,17.845739364624023,-28.50112533569336,88.88883209228516,-20.070236206054688,-32.08264923095703,89.96570587158203,Stop,Stepping
1780510115.471376,22151.459242866,17.441604614257812,-30.41252326965332,102.59748840332031,-20.742036819458008,-29.810007095336914,101.42443084716797,18.25199317932129,-27.744243621826172,88.46634674072266,-20.51747703552246,-31.40559196472168,89.59257507324219,Stop,Stepping
1780510115.4915264,22151.478686917,17.903446197509766,-29.6124210357666,102.42964935302734,-21.271202087402344,-28.994653701782227,101.18869018554688,18.65808868408203,-26.981325149536133,88.02499389648438,-20.964115142822266,-30.72255516052246,89.20187377929688,Stop,Stepping
1780510115.511398,22151.49830265,18.358945846557617,-28.82137107849121,102.24642181396484,-21.79213523864746,-28.189109802246094,100.93721008300781,19.05559730529785,-26.228382110595703,87.57429504394531,-21.400882720947266,-30.047897338867188,88.80208587646484,Stop,Stepping
1780510115.5313878,22151.518364839,18.816049575805664,-28.02586555480957,102.04515838623047,-22.31391143798828,-27.37960433959961,100.66619110107422,19.4515380859375,-25.47231674194336,87.1067886352539,-21.835506439208984,-29.36991310119629,88.3865737915039,Stop,Stepping
1780510115.5515106,22151.53848372,19.27203941345215,-27.23090171813965,101.8272705078125,-22.833410263061523,-26.57123374938965,100.37750244140625,19.843589782714844,-24.717649459838867,86.62533569335938,-22.265432357788086,-28.692668914794922,87.95793151855469,Stop,Stepping
1780510115.571357,22151.559141229,19.727296829223633,-26.436059951782227,101.59294128417969,-23.35105323791504,-25.763519287109375,100.07123565673828,20.232141494750977,-23.963743209838867,86.12971496582031,-22.69109344482422,-28.0156307220459,87.5160140991211,Stop,Stepping
1780510115.591334,22151.578312421,20.17966079711914,-25.645341873168945,101.34370422363281,-23.864381790161133,-24.960527420043945,99.74935150146484,20.615421295166016,-23.214168548583984,85.62252044677734,-23.110549926757812,-27.342029571533203,87.06314849853516,Stop,Stepping
1780510115.6113324,22151.598125025,20.630138397216797,-24.85720443725586,101.07948303222656,-24.374530792236328,-24.16066551208496,99.41160583496094,20.994359970092773,-22.467247009277344,85.10296630859375,-23.524837493896484,-26.670406341552734,86.59867095947266,Stop,Stepping
1780510115.631327,22151.618280297,21.077796936035156,-24.073484420776367,100.80127716064453,-24.880447387695312,-23.365768432617188,99.0592041015625,21.368255615234375,-21.724491119384766,84.57235717773438,-23.933191299438477,-26.002120971679688,86.1237564086914,Stop,Stepping
1780510115.6513224,22151.638296836,21.52235984802246,-23.294849395751953,100.50977325439453,-25.381826400756836,-22.576438903808594,98.69287872314453,21.736967086791992,-20.9863338470459,84.03136444091797,-24.33547019958496,-25.337604522705078,85.63906860351562,Stop,Stepping
1780510115.671371,22151.658781056,21.963403701782227,-22.522174835205078,100.20573425292969,-25.878190994262695,-21.793581008911133,98.31352996826172,22.10023307800293,-20.25343132019043,83.48079681396484,-24.731399536132812,-24.67747688293457,85.14537811279297,Stop,Stepping
1780510115.691327,22151.678501613,22.400604248046875,-21.756183624267578,99.88993835449219,-26.36919593811035,-21.017868041992188,97.92200469970703,22.457889556884766,-19.526262283325195,82.92141723632812,-25.120807647705078,-24.022207260131836,84.64337921142578,Stop,Stepping
1780510115.7114317,22151.698100798,22.835363388061523,-20.994544982910156,99.56184387207031,-26.856414794921875,-20.246891021728516,97.51750946044922,22.8111629486084,-18.80245018005371,82.35169982910156,-25.505050659179688,-23.36967658996582,84.13176727294922,Stop,Stepping
1780510115.731326,22151.718263604,23.261516571044922,-20.24813461303711,99.22674560546875,-27.332971572875977,-19.491641998291016,97.10649871826172,23.155166625976562,-18.092205047607422,81.78021240234375,-25.878826141357422,-22.7291202545166,83.61825561523438,Stop,Stepping
1780510115.7513373,22151.739184966,23.684551239013672,-19.507427215576172,98.8810043334961,-27.805036544799805,-18.7424259185791,96.68438720703125,23.494461059570312,-17.38630485534668,81.2000503540039,-26.247106552124023,-22.092266082763672,83.09669494628906,Stop,Stepping
1780510115.7713354,22151.758396195,24.1020565032959,-18.776716232299805,98.5271224975586,-28.269927978515625,-18.003559112548828,96.2541275024414,23.82720184326172,-16.68872833251953,80.61487579345703,-26.607900619506836,-21.462717056274414,82.5704116821289,Stop,Stepping
1780510115.7913468,22151.778599401,24.51429557800293,-18.055570602416992,98.16543579101562,-28.72797966003418,-17.274553298950195,95.81604766845703,24.153717041015625,-15.9989595413208,80.02472686767578,-26.96158790588379,-20.840038299560547,82.0394515991211,Stop,Stepping
1780510115.8113875,22151.798449107,24.919357299804688,-17.347393035888672,97.79827117919922,-29.17708969116211,-16.558807373046875,95.37284851074219,24.47259521484375,-15.320148468017578,79.43280792236328,-27.30665397644043,-20.227108001708984,81.50676727294922,Stop,Stepping
1780510115.8313787,22151.818556415,25.318344116210938,-16.650259017944336,97.42529296875,-29.618526458740234,-15.854348182678223,94.92401123046875,24.784841537475586,-14.65037727355957,78.83798217773438,-27.64421272277832,-19.622230529785156,80.97138214111328,Stop,Stepping
1780510115.8513377,22151.839063448,25.710596084594727,-15.965330123901367,97.04769134521484,-30.05159568786621,-15.162304878234863,94.47090911865234,25.090044021606445,-13.990720748901367,78.24171447753906,-27.973827362060547,-19.02637481689453,80.4345932006836,Stop,Stepping
1780510115.8713346,22151.858221137,26.09573745727539,-15.293255805969238,96.66647338867188,-30.475923538208008,-14.483316421508789,94.01465606689453,25.38802719116211,-13.341740608215332,77.64503479003906,-28.29533576965332,-18.440107345581055,79.8974380493164,Stop,Stepping
1780510115.891329,22151.878303766,26.47317123413086,-14.635072708129883,96.2828598022461,-30.89089012145996,-13.818376541137695,93.55661010742188,25.678449630737305,-12.704428672790527,77.04943084716797,-28.608379364013672,-17.864320755004883,79.36121368408203,Stop,Stepping
1780510115.9113474,22151.898434166,26.843263626098633,-13.99012565612793,95.89714050292969,-31.29694366455078,-13.166802406311035,93.09699249267578,25.961702346801758,-12.078120231628418,76.4548110961914,-28.913410186767578,-17.298452377319336,78.82592010498047,Stop,Stepping
1780510115.9313393,22151.918986972,27.204832077026367,-13.360444068908691,95.51116180419922,-31.692840576171875,-12.530620574951172,92.63796997070312,26.23699951171875,-11.464805603027344,75.86363983154297,-29.20960235595703,-16.74431610107422,78.29379272460938,Stop,Stepping
1780510115.9513245,22151.938315714,27.5582218170166,-12.745380401611328,95.12518310546875,-32.07900619506836,-11.909158706665039,92.17976379394531,26.50472068786621,-10.863880157470703,75.27590942382812,-29.49738121032715,-16.20138168334961,77.76483917236328,Stop,Stepping
1780510115.9713323,22151.960474609,27.90314483642578,-12.145418167114258,94.74017333984375,-32.455177307128906,-11.30286979675293,91.72344207763672,26.764753341674805,-10.27582836151123,74.69265747070312,-29.776639938354492,-15.67010498046875,77.24000549316406,Stop,Stepping
1780510115.991338,22151.978564205,28.239261627197266,-11.561110496520996,94.35713195800781,-32.821022033691406,-10.712315559387207,91.27011108398438,27.016952514648438,-9.701251983642578,74.11505126953125,-30.047256469726562,-15.151053428649902,76.72039794921875,Stop,Stepping
1780510116.0113382,22151.998534639,28.56625747680664,-10.99294376373291,93.97702026367188,-33.17626953125,-10.13796329498291,90.82086181640625,27.261194229125977,-9.14068603515625,73.54419708251953,-30.30910873413086,-14.644716262817383,76.20701599121094,Stop,Stepping
1780510116.031335,22152.018378994,28.88405990600586,-10.441022872924805,93.60057067871094,-33.52088928222656,-9.57988452911377,90.37641906738281,27.497526168823242,-8.594306945800781,72.9808578491211,-30.562273025512695,-14.151267051696777,75.70055389404297,Go,Stepping
1780510116.0513983,22152.038658848,29.192628860473633,-9.905381202697754,93.2284164428711,-33.85487747192383,-9.038135528564453,89.93755340576172,27.726015090942383,-8.062217712402344,72.42569732666016,-30.806835174560547,-13.670799255371094,75.20161437988281,Stop,Stepping
1780510116.071334,22152.058477175,29.491252899169922,-9.387197494506836,92.86203002929688,-34.177528381347656,-8.513890266418457,89.50588989257812,27.946243286132812,-7.545705318450928,71.88062286376953,-31.042369842529297,-13.204499244689941,74.71194458007812,Stop,Stepping
1780510116.0913312,22152.078501639,29.780263900756836,-8.885863304138184,92.5015869140625,-34.489253997802734,-8.006542205810547,89.08159637451172,28.15854263305664,-7.044252872467041,71.34562683105469,-31.26925277709961,-12.751893043518066,74.23153686523438,Stop,Stepping
1780510116.1113923,22152.098269257,30.05962562561035,-8.401408195495605,92.14768981933594,-34.79005813598633,-7.516109943389893,88.66535949707031,28.36298370361328,-6.558002948760986,70.82144165039062,-31.487573623657227,-12.313121795654297,73.76104736328125,Stop,Stepping
1780510116.1313279,22152.118101118,30.32847785949707,-7.935295581817627,91.80203247070312,-35.079078674316406,-7.044075965881348,88.25907135009766,28.55902099609375,-6.088537693023682,70.31027221679688,-31.696775436401367,-11.88960075378418,73.30245971679688,Stop,Stepping
1780510116.1513307,22152.13857113,30.587520599365234,-7.48627233505249,91.46424102783203,-35.35710906982422,-6.589176177978516,87.8622817993164,28.747255325317383,-5.634737968444824,69.81147766113281,-31.897504806518555,-11.480330467224121,72.85516357421875,Stop,Stepping
1780510116.1713367,22152.158416719,30.83648109436035,-7.054790019989014,91.13519287109375,-35.6239128112793,-6.151891231536865,87.47599029541016,28.92756462097168,-5.197176456451416,69.3261489868164,-32.089664459228516,-11.085827827453613,72.42020416259766,Stop,Stepping
1780510116.1916177,22152.178178806,31.075275421142578,-6.640972137451172,90.81554412841797,-35.87944030761719,-5.732329845428467,87.10088348388672,29.0999698638916,-4.776105880737305,68.8550796508789,-32.27327346801758,-10.706316947937012,71.99822998046875,Stop,Stepping
1780510116.2113166,22152.198540495,31.30307960510254,-6.246222496032715,90.50688934326172,-36.122867584228516,-5.331953048706055,86.73885345458984,29.263944625854492,-4.373118877410889,68.4005355834961,-32.44780349731445,-10.343219757080078,71.59129333496094,Stop,Stepping
1780510116.231405,22152.21893495,31.52098274230957,-5.868646144866943,90.208251953125,-36.35538864135742,-4.948831081390381,86.38868713378906,29.420351028442383,-3.986412525177002,67.96099090576172,-32.614173889160156,-9.994903564453125,71.19796752929688,Stop,Stepping
1780510116.251393,22152.23818575,31.72857093811035,-5.508927822113037,89.92063903808594,-36.576622009277344,-4.583680629730225,86.05155944824219,29.568946838378906,-3.61681866645813,67.53778839111328,-32.77215576171875,-9.662124633789062,70.81948852539062,Stop,Stepping
1780510116.2714367,22152.258473059,31.926546096801758,-5.165859222412109,89.64350891113281,-36.787349700927734,-4.235301494598389,85.7268295288086,29.710302352905273,-3.263247013092041,67.13011932373047,-32.92235565185547,-9.343873023986816,70.4551010131836,Stop,Stepping
1780510116.291345,22152.27967048,32.112674713134766,-4.843286037445068,89.38042449951172,-36.985233306884766,-3.907597303390503,85.41862487792969,29.842880249023438,-2.929798126220703,66.74312591552734,-33.06315612792969,-9.043839454650879,70.10936737060547,Stop,Stepping
1780510116.3113995,22152.29855347,32.28940963745117,-4.536983013153076,89.12834930419922,-37.17291259765625,-3.5962913036346436,85.12337493896484,29.968473434448242,-2.6122467517852783,66.372314453125,-33.196475982666016,-8.758216857910156,69.77827453613281,Stop,Stepping
1780510116.3313937,22152.318541802,32.455814361572266,-4.248540878295898,88.88897705078125,-37.34943389892578,-3.303027629852295,84.84304809570312,30.086477279663086,-2.3123791217803955,66.02012634277344,-33.321685791015625,-8.488590240478516,69.46398162841797,Stop,Stepping
1780510116.3513927,22152.338424774,32.61220932006836,-3.977400064468384,88.66218566894531,-37.51517868041992,-3.027256727218628,84.5774917602539,30.19716453552246,-2.0297555923461914,65.6864013671875,-33.439083099365234,-8.234552383422852,69.16630554199219,Stop,Stepping
1780510116.3714218,22152.358261075,32.75889205932617,-3.7230701446533203,88.4478759765625,-37.67048263549805,-2.7684779167175293,84.32659149169922,30.30078125,-1.7639751434326172,65.3709716796875,-33.54893112182617,-7.995728969573975,68.88508605957031,Stop,Stepping
1780510116.391347,22152.378189732,32.895225524902344,-3.48664927482605,88.24730682373047,-37.814697265625,-2.5278372764587402,84.091796875,30.396923065185547,-1.516300916671753,65.07564544677734,-33.650821685791016,-7.773263454437256,68.62194061279297,Stop,Stepping
1780510116.4113293,22152.398241343,33.02211380004883,-3.2665767669677734,88.0594253540039,-37.94880676269531,-2.3037638664245605,83.87187957763672,30.486255645751953,-1.285231113433838,64.79891967773438,-33.74545669555664,-7.5657639503479,68.37545776367188,Stop,Stepping
1780510116.4313354,22152.418235082,33.13951110839844,-3.062924861907959,87.88456726074219,-38.07279968261719,-2.09633731842041,83.66719055175781,30.568788528442383,-1.0709378719329834,64.541259765625,-33.832862854003906,-7.373384475708008,68.14605712890625,Stop,Stepping
1780510116.4513378,22152.438623937,33.247623443603516,-2.8753504753112793,87.72264099121094,-38.18689727783203,-1.905240774154663,83.4776840209961,30.644681930541992,-0.8731669783592224,64.30256652832031,-33.9132194519043,-7.1959028244018555,67.93366241455078,Stop,Stepping
1780510116.4713323,22152.458352647,33.34660720825195,-2.7035882472991943,87.57363891601562,-38.291297912597656,-1.730191946029663,83.30328369140625,30.714086532592773,-0.6917227506637573,64.08285522460938,-33.9866828918457,-7.033107757568359,67.73820495605469,Stop,Stepping
1780510116.4913409,22152.478450009,33.43685531616211,-2.5469553470611572,87.43716430664062,-38.38642883300781,-1.570522427558899,83.14356994628906,30.777294158935547,-0.5259829163551331,63.88153076171875,-34.053565979003906,-6.8844404220581055,67.55917358398438,Stop,Stepping
1780510116.5113282,22152.498259591,33.51838302612305,-2.4054367542266846,87.31336212158203,-38.472320556640625,-1.426226019859314,82.9986801147461,30.834331512451172,-0.3759922683238983,63.69882583618164,-34.113914489746094,-6.749931812286377,67.39675903320312,Stop,Stepping
1780510116.5313492,22152.518297914,33.59175109863281,-2.2780709266662598,87.2015380859375,-38.5495719909668,-1.2963230609893799,82.86781311035156,30.88561248779297,-0.24080044031143188,63.53373718261719,-34.16815185546875,-6.628729343414307,67.25006103515625,Stop,Stepping
1780510116.5513794,22152.538250242,33.657169342041016,-2.164475917816162,87.10148620605469,-38.61843490600586,-1.1804527044296265,82.750732421875,30.931303024291992,-0.12007834017276764,63.385986328125,-34.21647262573242,-6.520509719848633,67.11878967285156,Stop,Stepping
1780510116.5713418,22152.55907843,33.714752197265625,-2.064481019973755,87.01316833496094,-38.67901611328125,-1.0784343481063843,82.6473617553711,30.97148895263672,-0.013685912825167179,63.25550842285156,-34.25896072387695,-6.425155162811279,67.0029067993164,Stop,Stepping
1780510116.5913932,22152.578635338,33.765193939208984,-1.9768742322921753,86.93559265136719,-38.7320671081543,-0.9890419244766235,82.55658721923828,31.006669998168945,0.07961884140968323,63.140892028808594,-34.29615783691406,-6.341540813446045,66.90111541748047,Stop,Stepping
1780510116.6113462,22152.598556163,33.80872344970703,-1.9012759923934937,86.8685073852539,-38.77783966064453,-0.9118813872337341,82.47807312011719,31.03700828552246,0.16022029519081116,63.041717529296875,-34.32822799682617,-6.2693281173706055,66.81307220458984,Stop,Stepping
1780510116.631334,22152.619142644,33.845767974853516,-1.8369321823120117,86.8113021850586,-38.816776275634766,-0.8462018966674805,82.41112518310547,31.062816619873047,0.228871151804924,62.95714569091797,-34.35550308227539,-6.207823753356934,66.73800659179688,Stop,Stepping
1780510116.6514027,22152.638770346,33.87678527832031,-1.783042311668396,86.76332092285156,-38.8493766784668,-0.7911948561668396,82.35497283935547,31.084421157836914,0.28640151023864746,62.886192321777344,-34.37833786010742,-6.156294345855713,66.67503356933594,Stop,Stepping
1780510116.6713474,22152.658699813,33.902164459228516,-1.738954782485962,86.72400665283203,-38.876041412353516,-0.746189534664154,82.30897521972656,31.10208511352539,0.33349066972732544,62.82807159423828,-34.39700698852539,-6.114109516143799,66.62345123291016,Stop,Stepping
1780510116.691395,22152.678573967,33.92245864868164,-1.7036972045898438,86.69254302978516,-38.897361755371094,-0.7101954221725464,82.27215576171875,31.116209030151367,0.3711734712123871,62.78152084350586,-34.41193389892578,-6.080367565155029,66.5821533203125,Stop,Stepping
1780510116.7113473,22152.698308848,33.93815612792969,-1.6764248609542847,86.66818237304688,-38.91385269165039,-0.682339608669281,82.24363708496094,31.12713623046875,0.40032830834388733,62.745487213134766,-34.4234733581543,-6.054251670837402,66.5501708984375,Stop,Stepping
1780510116.7313342,22152.718287135,33.94977951049805,-1.6562265157699585,86.65013122558594,-38.926063537597656,-0.6617180109024048,82.2225112915039,31.135223388671875,0.42192938923835754,62.718772888183594,-34.43202209472656,-6.034911632537842,66.52648162841797,Stop,Stepping
1780510116.7513895,22152.738535475,33.95793151855469,-1.642063856124878,86.63746643066406,-38.934627532958984,-0.6472594141960144,82.20769500732422,31.14089012145996,0.4370775520801544,62.70002746582031,-34.438011169433594,-6.021342754364014,66.50984954833984,Stop,Stepping
1780510116.771343,22152.758412812,33.963138580322266,-1.6330220699310303,86.62938690185547,-38.94009017944336,-0.6380304098129272,82.19823455810547,31.144512176513672,0.44674673676490784,62.688072204589844,-34.441837310791016,-6.012684345245361,66.4992446899414,Stop,Stepping
1780510116.7913368,22152.778494854,33.966064453125,-1.6279268264770508,86.62481689453125,-38.94316864013672,-0.6328340768814087,82.19290161132812,31.14655113220215,0.4521908462047577,62.68133544921875,-34.443992614746094,-6.007808208465576,66.4932632446289,Stop,Stepping
1780510116.8113327,22152.798437392,33.967342376708984,-1.6257007122039795,86.6228256225586,-38.94451141357422,-0.6305587887763977,82.19056701660156,31.147438049316406,0.45457178354263306,62.67838668823242,-34.44493103027344,-6.005675315856934,66.49064636230469,Stop,Stepping
1780510116.831346,22152.819253368,33.9676513671875,-1.6251682043075562,86.62235260009766,-38.94483184814453,-0.630009651184082,82.19000244140625,31.147653579711914,0.4551413953304291,62.67768096923828,-34.44515609741211,-6.00516414642334,66.49002075195312,Stop,Stepping
